# A conformance case of JPEG-Unround, written by conformance/generate.py: the quantized
# coefficients of a picture and the options of its reconstruction; what the Python
# implementation made of them; the exact centres; and what bounds the rounding of that
# run, from which conformance/bounds.py computes the tolerances at the end (docs/math.md, 9).
# Each line is a keyword and its values. Numbers are decimal, each double the shortest
# decimal that reads back as it; an exact centre is hi:lo, two doubles whose sum is the
# value to about 2^-106 of it.
name colour420-tgv
picture 16 24 ycbcr
component 0 2 2 2 3
table 0 24 16 15 24 36 60 76 92 18 18 21 28 39 87 90 82 21 20 24 36 60 86 104 84 21 26 33 44 76 130 120 93 27 33 56 84 102 164 154 116 36 52 82 96 122 156 170 138 74 96 117 130 154 182 180 152 108 138 142 147 168 150 154 148
levels 0 0 -2 10 -3 1 0 0 0 0 1 8 -1 1 0 0 0 0 -1 -2 0 0 0 0 0 0 -1 0 0 0 0 0 0 0 1 0 0 0 0 0 0 0 -1 0 0 0 0 0 0 0 0 0 0 0 0 0 0 0 0 0 0 0 0 0 0 0 -9 -7 1 1 0 0 0 0 -11 0 1 -1 0 0 0 0 3 -1 0 0 0 0 0 0 0 0 0 0 0 0 0 0 -1 1 0 0 0 0 0 0 0 0 0 0 0 0 0 0 0 0 0 0 0 0 0 0 0 0 0 0 0 0 0 0 8 -5 -2 -1 0 0 0 0 12 -9 -5 -1 0 0 0 0 -3 3 1 1 0 0 0 0 0 1 0 0 0 0 0 0 1 -1 0 0 0 0 0 0 0 0 0 0 0 0 0 0 0 0 0 0 0 0 0 0 0 0 0 0 0 0 0 0
levels 0 1 3 -13 1 -1 0 0 0 0 -3 0 0 0 0 0 0 0 -1 4 -2 1 0 0 0 0 -2 -1 0 0 0 0 0 0 1 1 0 0 0 0 0 0 0 -1 0 0 0 0 0 0 0 0 0 0 0 0 0 0 0 0 0 0 0 0 0 0 9 11 -2 -1 0 0 0 0 2 -4 0 1 0 0 0 0 -4 -6 0 1 0 0 0 0 1 0 0 0 0 0 0 0 -2 -1 0 0 0 0 0 0 1 1 0 0 0 0 0 0 0 0 0 0 0 0 0 0 0 0 0 0 0 0 0 0 -16 7 3 1 0 0 0 0 -1 4 2 1 0 0 0 0 5 -1 0 0 0 0 0 0 -1 1 1 0 0 0 0 0 2 -1 0 0 0 0 0 0 -1 0 0 0 0 0 0 0 0 0 0 0 0 0 0 0 0 0 0 0 0 0 0 0
component 1 1 1 1 2
table 1 26 27 36 70 148 148 148 148 27 32 39 99 148 148 148 148 36 39 84 148 148 148 148 148 70 99 148 148 148 148 148 148 148 148 148 148 148 148 148 148 148 148 148 148 148 148 148 148 148 148 148 148 148 148 148 148 148 148 148 148 148 148 148 148
levels 1 0 -1 0 0 0 0 0 0 0 -2 1 0 0 0 0 0 0 0 0 0 0 0 0 0 0 0 0 0 0 0 0 0 0 0 0 0 0 0 0 0 0 0 0 0 0 0 0 0 0 0 0 0 0 0 0 0 0 0 0 0 0 0 0 0 0 -2 0 0 0 0 0 0 0 -4 0 0 0 0 0 0 0 0 0 0 0 0 0 0 0 0 0 0 0 0 0 0 0 0 0 0 0 0 0 0 0 0 0 0 0 0 0 0 0 0 0 0 0 0 0 0 0 0 0 0 0 0 0 0 0
component 2 1 1 1 2
table 2 26 27 36 70 148 148 148 148 27 32 39 99 148 148 148 148 36 39 84 148 148 148 148 148 70 99 148 148 148 148 148 148 148 148 148 148 148 148 148 148 148 148 148 148 148 148 148 148 148 148 148 148 148 148 148 148 148 148 148 148 148 148 148 148
levels 2 0 5 0 0 0 0 0 0 0 -3 0 0 0 0 0 0 0 0 0 0 0 0 0 0 0 0 0 0 0 0 0 0 0 0 0 0 0 0 0 0 0 0 0 0 0 0 0 0 0 0 0 0 0 0 0 0 0 0 0 0 0 0 0 0 0 1 2 0 0 0 0 0 0 0 -1 0 0 0 0 0 0 0 0 0 0 0 0 0 0 0 0 0 0 0 0 0 0 0 0 0 0 0 0 0 0 0 0 0 0 0 0 0 0 0 0 0 0 0 0 0 0 0 0 0 0 0 0 0 0
options --method tgv --alpha 1.0 --alpha1 1.0 --alpha0 2.0 --channels coupled --mu 0.001 --mu-scale 1.0 --mu-power 1.0 --weight-power 2.0 --dc-weight 0.0 --centres mmse --slack 0.0 --slack-cost 0.0 --relative-tolerance 0.0 --partial-tolerance 0.0 --step-product 0.99 --record-every 20 --free-radius 255.0 --iterations 60 --tolerance 0.0 --subgradient-iterations 50 --subgradient-record-every 1 --subgradient-step 0.5 --subgradient-decay 0.5
steps 0.9330261158225017 0.09330261158225017
weights 0 0.0 3.90625e-06 4.444444444444444e-06 1.7361111111111112e-06 7.71604938271605e-07 2.7777777777777776e-07 1.7313019390581717e-07 1.1814744801512288e-07 3.08641975308642e-06 3.08641975308642e-06 2.2675736961451247e-06 1.2755102040816327e-06 6.574621959237344e-07 1.321178491214163e-07 1.234567901234568e-07 1.48720999405116e-07 2.2675736961451247e-06 2.5e-06 1.7361111111111112e-06 7.71604938271605e-07 2.7777777777777776e-07 1.3520822065981612e-07 9.245562130177515e-08 1.417233560090703e-07 2.2675736961451247e-06 1.4792899408284024e-06 9.182736455463728e-07 5.165289256198347e-07 1.7313019390581717e-07 5.9171597633136094e-08 6.944444444444444e-08 1.1562030292519366e-07 1.3717421124828533e-06 9.182736455463728e-07 3.1887755102040816e-07 1.417233560090703e-07 9.611687812379854e-08 3.7180249851279e-08 4.2165626581210995e-08 7.431629013079668e-08 7.71604938271605e-07 3.698224852071006e-07 1.48720999405116e-07 1.0850694444444445e-07 6.718624025799516e-08 4.10913872452334e-08 3.4602076124567476e-08 5.2509976895610165e-08 1.8261504747991236e-07 1.0850694444444445e-07 7.305135510263715e-08 5.9171597633136094e-08 4.2165626581210995e-08 3.018959062915107e-08 3.08641975308642e-08 4.328254847645429e-08 8.573388203017833e-08 5.2509976895610165e-08 4.959333465582226e-08 4.627701420704336e-08 3.543083900226757e-08 4.444444444444445e-08 4.2165626581210995e-08 4.565376186997809e-08
lower 0 0 964.0 152.0 -52.5 12.0 -18.0 -30.0 -38.0 -46.0 9.0 135.0 -31.5 14.0 -19.5 -43.5 -45.0 -41.0 -31.5 -50.0 -12.0 -18.0 -30.0 -43.0 -52.0 -42.0 -31.5 -13.0 -16.5 -22.0 -38.0 -65.0 -60.0 -46.5 13.5 -16.5 -28.0 -42.0 -51.0 -82.0 -77.0 -58.0 -54.0 -26.0 -41.0 -48.0 -61.0 -78.0 -85.0 -69.0 -37.0 -48.0 -58.5 -65.0 -77.0 -91.0 -90.0 -76.0 -54.0 -69.0 -71.0 -73.5 -84.0 -75.0 -77.0 -74.0 796.0 -120.0 7.5 12.0 -18.0 -30.0 -38.0 -46.0 -207.0 -9.0 10.5 -42.0 -19.5 -43.5 -45.0 -41.0 52.5 -30.0 -12.0 -18.0 -30.0 -43.0 -52.0 -42.0 -10.5 -13.0 -16.5 -22.0 -38.0 -65.0 -60.0 -46.5 -40.5 16.5 -28.0 -42.0 -51.0 -82.0 -77.0 -58.0 -18.0 -26.0 -41.0 -48.0 -61.0 -78.0 -85.0 -69.0 -37.0 -48.0 -58.5 -65.0 -77.0 -91.0 -90.0 -76.0 -54.0 -69.0 -71.0 -73.5 -84.0 -75.0 -77.0 -74.0 1204.0 -88.0 -37.5 -36.0 -18.0 -30.0 -38.0 -46.0 207.0 -171.0 -115.5 -42.0 -19.5 -43.5 -45.0 -41.0 -73.5 50.0 12.0 18.0 -30.0 -43.0 -52.0 -42.0 -10.5 13.0 -16.5 -22.0 -38.0 -65.0 -60.0 -46.5 13.5 -49.5 -28.0 -42.0 -51.0 -82.0 -77.0 -58.0 -18.0 -26.0 -41.0 -48.0 -61.0 -78.0 -85.0 -69.0 -37.0 -48.0 -58.5 -65.0 -77.0 -91.0 -90.0 -76.0 -54.0 -69.0 -71.0 -73.5 -84.0 -75.0 -77.0 -74.0
lower 0 1 1084.0 -216.0 7.5 -36.0 -18.0 -30.0 -38.0 -46.0 -63.0 -9.0 -10.5 -14.0 -19.5 -43.5 -45.0 -41.0 -31.5 70.0 -60.0 18.0 -30.0 -43.0 -52.0 -42.0 -52.5 -39.0 -16.5 -22.0 -38.0 -65.0 -60.0 -46.5 13.5 16.5 -28.0 -42.0 -51.0 -82.0 -77.0 -58.0 -18.0 -78.0 -41.0 -48.0 -61.0 -78.0 -85.0 -69.0 -37.0 -48.0 -58.5 -65.0 -77.0 -91.0 -90.0 -76.0 -54.0 -69.0 -71.0 -73.5 -84.0 -75.0 -77.0 -74.0 1228.0 168.0 -37.5 -36.0 -18.0 -30.0 -38.0 -46.0 27.0 -81.0 -10.5 14.0 -19.5 -43.5 -45.0 -41.0 -94.5 -130.0 -12.0 18.0 -30.0 -43.0 -52.0 -42.0 10.5 -13.0 -16.5 -22.0 -38.0 -65.0 -60.0 -46.5 -67.5 -49.5 -28.0 -42.0 -51.0 -82.0 -77.0 -58.0 18.0 26.0 -41.0 -48.0 -61.0 -78.0 -85.0 -69.0 -37.0 -48.0 -58.5 -65.0 -77.0 -91.0 -90.0 -76.0 -54.0 -69.0 -71.0 -73.5 -84.0 -75.0 -77.0 -74.0 628.0 104.0 37.5 12.0 -18.0 -30.0 -38.0 -46.0 -27.0 63.0 31.5 14.0 -19.5 -43.5 -45.0 -41.0 94.5 -30.0 -12.0 -18.0 -30.0 -43.0 -52.0 -42.0 -31.5 13.0 16.5 -22.0 -38.0 -65.0 -60.0 -46.5 40.5 -49.5 -28.0 -42.0 -51.0 -82.0 -77.0 -58.0 -54.0 -26.0 -41.0 -48.0 -61.0 -78.0 -85.0 -69.0 -37.0 -48.0 -58.5 -65.0 -77.0 -91.0 -90.0 -76.0 -54.0 -69.0 -71.0 -73.5 -84.0 -75.0 -77.0 -74.0
upper 0 0 988.0 168.0 -37.5 36.0 18.0 30.0 38.0 46.0 27.0 153.0 -10.5 42.0 19.5 43.5 45.0 41.0 -10.5 -30.0 12.0 18.0 30.0 43.0 52.0 42.0 -10.5 13.0 16.5 22.0 38.0 65.0 60.0 46.5 40.5 16.5 28.0 42.0 51.0 82.0 77.0 58.0 -18.0 26.0 41.0 48.0 61.0 78.0 85.0 69.0 37.0 48.0 58.5 65.0 77.0 91.0 90.0 76.0 54.0 69.0 71.0 73.5 84.0 75.0 77.0 74.0 820.0 -104.0 22.5 36.0 18.0 30.0 38.0 46.0 -189.0 9.0 31.5 -14.0 19.5 43.5 45.0 41.0 73.5 -10.0 12.0 18.0 30.0 43.0 52.0 42.0 10.5 13.0 16.5 22.0 38.0 65.0 60.0 46.5 -13.5 49.5 28.0 42.0 51.0 82.0 77.0 58.0 18.0 26.0 41.0 48.0 61.0 78.0 85.0 69.0 37.0 48.0 58.5 65.0 77.0 91.0 90.0 76.0 54.0 69.0 71.0 73.5 84.0 75.0 77.0 74.0 1228.0 -72.0 -22.5 -12.0 18.0 30.0 38.0 46.0 225.0 -153.0 -94.5 -14.0 19.5 43.5 45.0 41.0 -52.5 70.0 36.0 54.0 30.0 43.0 52.0 42.0 10.5 39.0 16.5 22.0 38.0 65.0 60.0 46.5 40.5 -16.5 28.0 42.0 51.0 82.0 77.0 58.0 18.0 26.0 41.0 48.0 61.0 78.0 85.0 69.0 37.0 48.0 58.5 65.0 77.0 91.0 90.0 76.0 54.0 69.0 71.0 73.5 84.0 75.0 77.0 74.0
upper 0 1 1108.0 -200.0 22.5 -12.0 18.0 30.0 38.0 46.0 -45.0 9.0 10.5 14.0 19.5 43.5 45.0 41.0 -10.5 90.0 -36.0 54.0 30.0 43.0 52.0 42.0 -31.5 -13.0 16.5 22.0 38.0 65.0 60.0 46.5 40.5 49.5 28.0 42.0 51.0 82.0 77.0 58.0 18.0 -26.0 41.0 48.0 61.0 78.0 85.0 69.0 37.0 48.0 58.5 65.0 77.0 91.0 90.0 76.0 54.0 69.0 71.0 73.5 84.0 75.0 77.0 74.0 1252.0 184.0 -22.5 -12.0 18.0 30.0 38.0 46.0 45.0 -63.0 10.5 42.0 19.5 43.5 45.0 41.0 -73.5 -110.0 12.0 54.0 30.0 43.0 52.0 42.0 31.5 13.0 16.5 22.0 38.0 65.0 60.0 46.5 -40.5 -16.5 28.0 42.0 51.0 82.0 77.0 58.0 54.0 78.0 41.0 48.0 61.0 78.0 85.0 69.0 37.0 48.0 58.5 65.0 77.0 91.0 90.0 76.0 54.0 69.0 71.0 73.5 84.0 75.0 77.0 74.0 652.0 120.0 52.5 36.0 18.0 30.0 38.0 46.0 -9.0 81.0 52.5 42.0 19.5 43.5 45.0 41.0 115.5 -10.0 12.0 18.0 30.0 43.0 52.0 42.0 -10.5 39.0 49.5 22.0 38.0 65.0 60.0 46.5 67.5 -16.5 28.0 42.0 51.0 82.0 77.0 58.0 -18.0 26.0 41.0 48.0 61.0 78.0 85.0 69.0 37.0 48.0 58.5 65.0 77.0 91.0 90.0 76.0 54.0 69.0 71.0 73.5 84.0 75.0 77.0 74.0
centres 0 0 976.0 159.84892742136083 -44.36422783456827 21.845741439044097 -0.0 -0.0 -0.0 -0.0 17.699195782151513 143.6461587453461 -19.87376957935988 25.102829914080537 -0.0 -0.0 -0.0 -0.0 -20.37713829319971 -39.40679837447591 -0.0 -0.0 -0.0 -0.0 -0.0 -0.0 -18.97386826144719 -0.0 -0.0 -0.0 -0.0 -0.0 -0.0 -0.0 25.24408390014382 -0.0 -0.0 -0.0 -0.0 -0.0 -0.0 -0.0 -30.663431351647322 -0.0 -0.0 -0.0 -0.0 -0.0 -0.0 -0.0 -0.0 -0.0 -0.0 -0.0 -0.0 -0.0 -0.0 -0.0 -0.0 -0.0 -0.0 -0.0 -0.0 -0.0 -0.0 -0.0 808.0 -111.84892742136084 14.364227834568265 21.845741439044097 -0.0 -0.0 -0.0 -0.0 -197.69919578215152 -0.0 19.87376957935988 -25.102829914080537 -0.0 -0.0 -0.0 -0.0 62.377138293199714 -19.406798374475915 -0.0 -0.0 -0.0 -0.0 -0.0 -0.0 -0.0 -0.0 -0.0 -0.0 -0.0 -0.0 -0.0 -0.0 -25.24408390014382 29.58547811302349 -0.0 -0.0 -0.0 -0.0 -0.0 -0.0 -0.0 -0.0 -0.0 -0.0 -0.0 -0.0 -0.0 -0.0 -0.0 -0.0 -0.0 -0.0 -0.0 -0.0 -0.0 -0.0 -0.0 -0.0 -0.0 -0.0 -0.0 -0.0 -0.0 -0.0 1216.0 -79.84892742136084 -29.364227834568265 -21.845741439044097 -0.0 -0.0 -0.0 -0.0 215.69919578215152 -161.6461587453461 -103.87376957935987 -25.102829914080537 -0.0 -0.0 -0.0 -0.0 -62.377138293199714 59.40679837447591 20.80870720761928 30.663431351647322 -0.0 -0.0 -0.0 -0.0 -0.0 22.145811531745288 -0.0 -0.0 -0.0 -0.0 -0.0 -0.0 25.24408390014382 -29.58547811302349 -0.0 -0.0 -0.0 -0.0 -0.0 -0.0 -0.0 -0.0 -0.0 -0.0 -0.0 -0.0 -0.0 -0.0 -0.0 -0.0 -0.0 -0.0 -0.0 -0.0 -0.0 -0.0 -0.0 -0.0 -0.0 -0.0 -0.0 -0.0 -0.0 -0.0
centres 0 1 1096.0 -207.84892742136083 14.364227834568265 -21.845741439044097 -0.0 -0.0 -0.0 -0.0 -53.699195782151506 -0.0 -0.0 -0.0 -0.0 -0.0 -0.0 -0.0 -20.37713829319971 79.40679837447591 -44.80870720761928 30.663431351647322 -0.0 -0.0 -0.0 -0.0 -39.973868261447194 -22.145811531745288 -0.0 -0.0 -0.0 -0.0 -0.0 -0.0 25.24408390014382 29.58547811302349 -0.0 -0.0 -0.0 -0.0 -0.0 -0.0 -0.0 -42.22668799783916 -0.0 -0.0 -0.0 -0.0 -0.0 -0.0 -0.0 -0.0 -0.0 -0.0 -0.0 -0.0 -0.0 -0.0 -0.0 -0.0 -0.0 -0.0 -0.0 -0.0 -0.0 -0.0 1240.0 175.84892742136083 -29.364227834568265 -21.845741439044097 -0.0 -0.0 -0.0 -0.0 35.69919578215151 -71.64615874534609 -0.0 25.102829914080537 -0.0 -0.0 -0.0 -0.0 -83.3771382931997 -119.40679837447591 -0.0 30.663431351647322 -0.0 -0.0 -0.0 -0.0 18.97386826144719 -0.0 -0.0 -0.0 -0.0 -0.0 -0.0 -0.0 -52.24408390014383 -29.58547811302349 -0.0 -0.0 -0.0 -0.0 -0.0 -0.0 30.663431351647322 42.22668799783916 -0.0 -0.0 -0.0 -0.0 -0.0 -0.0 -0.0 -0.0 -0.0 -0.0 -0.0 -0.0 -0.0 -0.0 -0.0 -0.0 -0.0 -0.0 -0.0 -0.0 -0.0 -0.0 640.0 111.84892742136084 44.36422783456827 21.845741439044097 -0.0 -0.0 -0.0 -0.0 -17.699195782151513 71.64615874534609 40.87376957935988 25.102829914080537 -0.0 -0.0 -0.0 -0.0 104.3771382931997 -19.406798374475915 -0.0 -0.0 -0.0 -0.0 -0.0 -0.0 -18.97386826144719 22.145811531745288 24.62424226968743 -0.0 -0.0 -0.0 -0.0 -0.0 52.24408390014383 -29.58547811302349 -0.0 -0.0 -0.0 -0.0 -0.0 -0.0 -30.663431351647322 -0.0 -0.0 -0.0 -0.0 -0.0 -0.0 -0.0 -0.0 -0.0 -0.0 -0.0 -0.0 -0.0 -0.0 -0.0 -0.0 -0.0 -0.0 -0.0 -0.0 -0.0 -0.0 -0.0
exact-centres 0 0 976.0:0.0 159.84892742136083:8.620911554588473e-15 -44.36422783456827:3.0468229088741657e-15 21.845741439044097:7.058752305838949e-17 0.0:0.0 0.0:0.0 0.0:0.0 0.0:0.0 17.699195782151513:-9.220549903867534e-16 143.6461587453461:-6.087939510910281e-15 -19.87376957935988:1.22907334146614e-15 25.102829914080537:-5.529424547973983e-16 0.0:0.0 0.0:0.0 0.0:0.0 0.0:0.0 -20.37713829319971:1.086089323860888e-16 -39.40679837447591:-2.6033923910993446e-15 0.0:0.0 0.0:0.0 0.0:0.0 0.0:0.0 0.0:0.0 0.0:0.0 -18.97386826144719:-7.629284459065187e-16 0.0:0.0 0.0:0.0 0.0:0.0 0.0:0.0 0.0:0.0 0.0:0.0 0.0:0.0 25.24408390014382:1.66230303812417e-15 0.0:0.0 0.0:0.0 0.0:0.0 0.0:0.0 0.0:0.0 0.0:0.0 0.0:0.0 -30.66343135164732:-5.029583851038997e-17 0.0:0.0 0.0:0.0 0.0:0.0 0.0:0.0 0.0:0.0 0.0:0.0 0.0:0.0 0.0:0.0 0.0:0.0 0.0:0.0 0.0:0.0 0.0:0.0 0.0:0.0 0.0:0.0 0.0:0.0 0.0:0.0 0.0:0.0 0.0:0.0 0.0:0.0 0.0:0.0 0.0:0.0 0.0:0.0 0.0:0.0 808.0:0.0 -111.84892742136084:5.5899431606135315e-15 14.364227834568265:5.058907699263354e-16 21.845741439044097:7.058752305838949e-17 0.0:0.0 0.0:0.0 0.0:0.0 0.0:0.0 -197.69919578215152:8.027482347987755e-15 0.0:0.0 19.87376957935988:-1.22907334146614e-15 -25.102829914080537:5.529424547973983e-16 0.0:0.0 0.0:0.0 0.0:0.0 0.0:0.0 62.37713829319971:3.4441047464144122e-15 -19.406798374475915:9.493212877011562e-16 0.0:0.0 0.0:0.0 0.0:0.0 0.0:0.0 0.0:0.0 0.0:0.0 0.0:0.0 0.0:0.0 0.0:0.0 0.0:0.0 0.0:0.0 0.0:0.0 0.0:0.0 0.0:0.0 -25.24408390014382:-1.66230303812417e-15 29.58547811302349:-1.4129779671827554e-15 0.0:0.0 0.0:0.0 0.0:0.0 0.0:0.0 0.0:0.0 0.0:0.0 0.0:0.0 0.0:0.0 0.0:0.0 0.0:0.0 0.0:0.0 0.0:0.0 0.0:0.0 0.0:0.0 0.0:0.0 0.0:0.0 0.0:0.0 0.0:0.0 0.0:0.0 0.0:0.0 0.0:0.0 0.0:0.0 0.0:0.0 0.0:0.0 0.0:0.0 0.0:0.0 0.0:0.0 0.0:0.0 0.0:0.0 0.0:0.0 1216.0:0.0 -79.84892742136084:5.5899431606135315e-15 -29.364227834568265:-5.058907699263354e-16 -21.845741439044097:-7.058752305838949e-17 0.0:0.0 0.0:0.0 0.0:0.0 0.0:0.0 215.69919578215152:-8.027482347987755e-15 -161.6461587453461:6.087939510910281e-15 -103.87376957935987:-5.876354016134862e-15 -25.102829914080537:5.529424547973983e-16 0.0:0.0 0.0:0.0 0.0:0.0 0.0:0.0 -62.37713829319971:-3.4441047464144122e-15 59.40679837447591:2.6033923910993446e-15 20.80870720761928:-1.2538604367698735e-15 30.66343135164732:5.029583851038997e-17 0.0:0.0 0.0:0.0 0.0:0.0 0.0:0.0 0.0:0.0 22.145811531745284:1.2205626651910041e-15 0.0:0.0 0.0:0.0 0.0:0.0 0.0:0.0 0.0:0.0 0.0:0.0 25.24408390014382:1.66230303812417e-15 -29.58547811302349:1.4129779671827554e-15 0.0:0.0 0.0:0.0 0.0:0.0 0.0:0.0 0.0:0.0 0.0:0.0 0.0:0.0 0.0:0.0 0.0:0.0 0.0:0.0 0.0:0.0 0.0:0.0 0.0:0.0 0.0:0.0 0.0:0.0 0.0:0.0 0.0:0.0 0.0:0.0 0.0:0.0 0.0:0.0 0.0:0.0 0.0:0.0 0.0:0.0 0.0:0.0 0.0:0.0 0.0:0.0 0.0:0.0 0.0:0.0 0.0:0.0 0.0:0.0
exact-centres 0 1 1096.0:0.0 -207.84892742136083:-8.620911554588473e-15 14.364227834568265:5.058907699263354e-16 -21.845741439044097:-7.058752305838949e-17 0.0:0.0 0.0:0.0 0.0:0.0 0.0:0.0 -53.69919578215151:9.220549903867534e-16 0.0:0.0 0.0:0.0 0.0:0.0 0.0:0.0 0.0:0.0 0.0:0.0 0.0:0.0 -20.37713829319971:1.086089323860888e-16 79.40679837447591:2.6033923910993446e-15 -44.80870720761928:1.2538604367698735e-15 30.66343135164732:5.029583851038997e-17 0.0:0.0 0.0:0.0 0.0:0.0 0.0:0.0 -39.973868261447194:2.7897852328939824e-15 -22.145811531745284:-1.2205626651910041e-15 0.0:0.0 0.0:0.0 0.0:0.0 0.0:0.0 0.0:0.0 0.0:0.0 25.24408390014382:1.66230303812417e-15 29.58547811302349:-1.4129779671827554e-15 0.0:0.0 0.0:0.0 0.0:0.0 0.0:0.0 0.0:0.0 0.0:0.0 0.0:0.0 -42.22668799783916:1.3178590301308804e-16 0.0:0.0 0.0:0.0 0.0:0.0 0.0:0.0 0.0:0.0 0.0:0.0 0.0:0.0 0.0:0.0 0.0:0.0 0.0:0.0 0.0:0.0 0.0:0.0 0.0:0.0 0.0:0.0 0.0:0.0 0.0:0.0 0.0:0.0 0.0:0.0 0.0:0.0 0.0:0.0 0.0:0.0 0.0:0.0 1240.0:0.0 175.84892742136083:8.620911554588473e-15 -29.364227834568265:-5.058907699263354e-16 -21.845741439044097:-7.058752305838949e-17 0.0:0.0 0.0:0.0 0.0:0.0 0.0:0.0 35.69919578215151:-9.220549903867534e-16 -71.6461587453461:6.087939510910281e-15 0.0:0.0 25.102829914080537:-5.529424547973983e-16 0.0:0.0 0.0:0.0 0.0:0.0 0.0:0.0 -83.3771382931997:-3.4441047464144122e-15 -119.40679837447591:-2.6033923910993446e-15 0.0:0.0 30.66343135164732:5.029583851038997e-17 0.0:0.0 0.0:0.0 0.0:0.0 0.0:0.0 18.97386826144719:7.629284459065187e-16 0.0:0.0 0.0:0.0 0.0:0.0 0.0:0.0 0.0:0.0 0.0:0.0 0.0:0.0 -52.24408390014382:-1.66230303812417e-15 -29.58547811302349:1.4129779671827554e-15 0.0:0.0 0.0:0.0 0.0:0.0 0.0:0.0 0.0:0.0 0.0:0.0 30.66343135164732:5.029583851038997e-17 42.22668799783916:-1.3178590301308804e-16 0.0:0.0 0.0:0.0 0.0:0.0 0.0:0.0 0.0:0.0 0.0:0.0 0.0:0.0 0.0:0.0 0.0:0.0 0.0:0.0 0.0:0.0 0.0:0.0 0.0:0.0 0.0:0.0 0.0:0.0 0.0:0.0 0.0:0.0 0.0:0.0 0.0:0.0 0.0:0.0 0.0:0.0 0.0:0.0 640.0:0.0 111.84892742136084:-5.5899431606135315e-15 44.36422783456827:-3.0468229088741657e-15 21.845741439044097:7.058752305838949e-17 0.0:0.0 0.0:0.0 0.0:0.0 0.0:0.0 -17.699195782151513:9.220549903867534e-16 71.6461587453461:-6.087939510910281e-15 40.87376957935988:-1.22907334146614e-15 25.102829914080537:-5.529424547973983e-16 0.0:0.0 0.0:0.0 0.0:0.0 0.0:0.0 104.3771382931997:3.4441047464144122e-15 -19.406798374475915:9.493212877011562e-16 0.0:0.0 0.0:0.0 0.0:0.0 0.0:0.0 0.0:0.0 0.0:0.0 -18.97386826144719:-7.629284459065187e-16 22.145811531745284:1.2205626651910041e-15 24.624242269687432:-1.6150037500063339e-15 0.0:0.0 0.0:0.0 0.0:0.0 0.0:0.0 0.0:0.0 52.24408390014382:1.66230303812417e-15 -29.58547811302349:1.4129779671827554e-15 0.0:0.0 0.0:0.0 0.0:0.0 0.0:0.0 0.0:0.0 0.0:0.0 -30.66343135164732:-5.029583851038997e-17 0.0:0.0 0.0:0.0 0.0:0.0 0.0:0.0 0.0:0.0 0.0:0.0 0.0:0.0 0.0:0.0 0.0:0.0 0.0:0.0 0.0:0.0 0.0:0.0 0.0:0.0 0.0:0.0 0.0:0.0 0.0:0.0 0.0:0.0 0.0:0.0 0.0:0.0 0.0:0.0 0.0:0.0 0.0:0.0 0.0:0.0
weights 1 0.0 1.3717421124828533e-06 7.71604938271605e-07 2.0408163265306124e-07 4.565376186997809e-08 4.565376186997809e-08 4.565376186997809e-08 4.565376186997809e-08 1.3717421124828533e-06 9.765625e-07 6.574621959237344e-07 1.0203040506070809e-07 4.565376186997809e-08 4.565376186997809e-08 4.565376186997809e-08 4.565376186997809e-08 7.71604938271605e-07 6.574621959237344e-07 1.417233560090703e-07 4.565376186997809e-08 4.565376186997809e-08 4.565376186997809e-08 4.565376186997809e-08 4.565376186997809e-08 2.0408163265306124e-07 1.0203040506070809e-07 4.565376186997809e-08 4.565376186997809e-08 4.565376186997809e-08 4.565376186997809e-08 4.565376186997809e-08 4.565376186997809e-08 4.565376186997809e-08 4.565376186997809e-08 4.565376186997809e-08 4.565376186997809e-08 4.565376186997809e-08 4.565376186997809e-08 4.565376186997809e-08 4.565376186997809e-08 4.565376186997809e-08 4.565376186997809e-08 4.565376186997809e-08 4.565376186997809e-08 4.565376186997809e-08 4.565376186997809e-08 4.565376186997809e-08 4.565376186997809e-08 4.565376186997809e-08 4.565376186997809e-08 4.565376186997809e-08 4.565376186997809e-08 4.565376186997809e-08 4.565376186997809e-08 4.565376186997809e-08 4.565376186997809e-08 4.565376186997809e-08 4.565376186997809e-08 4.565376186997809e-08 4.565376186997809e-08 4.565376186997809e-08 4.565376186997809e-08 4.565376186997809e-08 4.565376186997809e-08
lower 1 0 985.0 -13.5 -18.0 -35.0 -74.0 -74.0 -74.0 -74.0 -67.5 16.0 -19.5 -49.5 -74.0 -74.0 -74.0 -74.0 -18.0 -19.5 -42.0 -74.0 -74.0 -74.0 -74.0 -74.0 -35.0 -49.5 -74.0 -74.0 -74.0 -74.0 -74.0 -74.0 -74.0 -74.0 -74.0 -74.0 -74.0 -74.0 -74.0 -74.0 -74.0 -74.0 -74.0 -74.0 -74.0 -74.0 -74.0 -74.0 -74.0 -74.0 -74.0 -74.0 -74.0 -74.0 -74.0 -74.0 -74.0 -74.0 -74.0 -74.0 -74.0 -74.0 -74.0 -74.0 959.0 -13.5 -18.0 -35.0 -74.0 -74.0 -74.0 -74.0 -121.5 -16.0 -19.5 -49.5 -74.0 -74.0 -74.0 -74.0 -18.0 -19.5 -42.0 -74.0 -74.0 -74.0 -74.0 -74.0 -35.0 -49.5 -74.0 -74.0 -74.0 -74.0 -74.0 -74.0 -74.0 -74.0 -74.0 -74.0 -74.0 -74.0 -74.0 -74.0 -74.0 -74.0 -74.0 -74.0 -74.0 -74.0 -74.0 -74.0 -74.0 -74.0 -74.0 -74.0 -74.0 -74.0 -74.0 -74.0 -74.0 -74.0 -74.0 -74.0 -74.0 -74.0 -74.0 -74.0
upper 1 0 1011.0 13.5 18.0 35.0 74.0 74.0 74.0 74.0 -40.5 48.0 19.5 49.5 74.0 74.0 74.0 74.0 18.0 19.5 42.0 74.0 74.0 74.0 74.0 74.0 35.0 49.5 74.0 74.0 74.0 74.0 74.0 74.0 74.0 74.0 74.0 74.0 74.0 74.0 74.0 74.0 74.0 74.0 74.0 74.0 74.0 74.0 74.0 74.0 74.0 74.0 74.0 74.0 74.0 74.0 74.0 74.0 74.0 74.0 74.0 74.0 74.0 74.0 74.0 74.0 985.0 13.5 18.0 35.0 74.0 74.0 74.0 74.0 -94.5 16.0 19.5 49.5 74.0 74.0 74.0 74.0 18.0 19.5 42.0 74.0 74.0 74.0 74.0 74.0 35.0 49.5 74.0 74.0 74.0 74.0 74.0 74.0 74.0 74.0 74.0 74.0 74.0 74.0 74.0 74.0 74.0 74.0 74.0 74.0 74.0 74.0 74.0 74.0 74.0 74.0 74.0 74.0 74.0 74.0 74.0 74.0 74.0 74.0 74.0 74.0 74.0 74.0 74.0 74.0
centres 1 0 998.0 -0.0 -0.0 -0.0 -0.0 -0.0 -0.0 -0.0 -53.24436212368846 27.256383423686508 -0.0 -0.0 -0.0 -0.0 -0.0 -0.0 -0.0 -0.0 -0.0 -0.0 -0.0 -0.0 -0.0 -0.0 -0.0 -0.0 -0.0 -0.0 -0.0 -0.0 -0.0 -0.0 -0.0 -0.0 -0.0 -0.0 -0.0 -0.0 -0.0 -0.0 -0.0 -0.0 -0.0 -0.0 -0.0 -0.0 -0.0 -0.0 -0.0 -0.0 -0.0 -0.0 -0.0 -0.0 -0.0 -0.0 -0.0 -0.0 -0.0 -0.0 -0.0 -0.0 -0.0 -0.0 972.0 -0.0 -0.0 -0.0 -0.0 -0.0 -0.0 -0.0 -107.24436212368846 -0.0 -0.0 -0.0 -0.0 -0.0 -0.0 -0.0 -0.0 -0.0 -0.0 -0.0 -0.0 -0.0 -0.0 -0.0 -0.0 -0.0 -0.0 -0.0 -0.0 -0.0 -0.0 -0.0 -0.0 -0.0 -0.0 -0.0 -0.0 -0.0 -0.0 -0.0 -0.0 -0.0 -0.0 -0.0 -0.0 -0.0 -0.0 -0.0 -0.0 -0.0 -0.0 -0.0 -0.0 -0.0 -0.0 -0.0 -0.0 -0.0 -0.0 -0.0 -0.0 -0.0 -0.0 -0.0
exact-centres 1 0 998.0:0.0 0.0:0.0 0.0:0.0 0.0:0.0 0.0:0.0 0.0:0.0 0.0:0.0 0.0:0.0 -53.24436212368846:1.1603104211195398e-15 27.256383423686504:1.2289453049427358e-15 0.0:0.0 0.0:0.0 0.0:0.0 0.0:0.0 0.0:0.0 0.0:0.0 0.0:0.0 0.0:0.0 0.0:0.0 0.0:0.0 0.0:0.0 0.0:0.0 0.0:0.0 0.0:0.0 0.0:0.0 0.0:0.0 0.0:0.0 0.0:0.0 0.0:0.0 0.0:0.0 0.0:0.0 0.0:0.0 0.0:0.0 0.0:0.0 0.0:0.0 0.0:0.0 0.0:0.0 0.0:0.0 0.0:0.0 0.0:0.0 0.0:0.0 0.0:0.0 0.0:0.0 0.0:0.0 0.0:0.0 0.0:0.0 0.0:0.0 0.0:0.0 0.0:0.0 0.0:0.0 0.0:0.0 0.0:0.0 0.0:0.0 0.0:0.0 0.0:0.0 0.0:0.0 0.0:0.0 0.0:0.0 0.0:0.0 0.0:0.0 0.0:0.0 0.0:0.0 0.0:0.0 0.0:0.0 972.0:0.0 0.0:0.0 0.0:0.0 0.0:0.0 0.0:0.0 0.0:0.0 0.0:0.0 0.0:0.0 -107.24436212368846:1.1603104211195398e-15 0.0:0.0 0.0:0.0 0.0:0.0 0.0:0.0 0.0:0.0 0.0:0.0 0.0:0.0 0.0:0.0 0.0:0.0 0.0:0.0 0.0:0.0 0.0:0.0 0.0:0.0 0.0:0.0 0.0:0.0 0.0:0.0 0.0:0.0 0.0:0.0 0.0:0.0 0.0:0.0 0.0:0.0 0.0:0.0 0.0:0.0 0.0:0.0 0.0:0.0 0.0:0.0 0.0:0.0 0.0:0.0 0.0:0.0 0.0:0.0 0.0:0.0 0.0:0.0 0.0:0.0 0.0:0.0 0.0:0.0 0.0:0.0 0.0:0.0 0.0:0.0 0.0:0.0 0.0:0.0 0.0:0.0 0.0:0.0 0.0:0.0 0.0:0.0 0.0:0.0 0.0:0.0 0.0:0.0 0.0:0.0 0.0:0.0 0.0:0.0 0.0:0.0 0.0:0.0 0.0:0.0 0.0:0.0 0.0:0.0
weights 2 0.0 1.3717421124828533e-06 7.71604938271605e-07 2.0408163265306124e-07 4.565376186997809e-08 4.565376186997809e-08 4.565376186997809e-08 4.565376186997809e-08 1.3717421124828533e-06 9.765625e-07 6.574621959237344e-07 1.0203040506070809e-07 4.565376186997809e-08 4.565376186997809e-08 4.565376186997809e-08 4.565376186997809e-08 7.71604938271605e-07 6.574621959237344e-07 1.417233560090703e-07 4.565376186997809e-08 4.565376186997809e-08 4.565376186997809e-08 4.565376186997809e-08 4.565376186997809e-08 2.0408163265306124e-07 1.0203040506070809e-07 4.565376186997809e-08 4.565376186997809e-08 4.565376186997809e-08 4.565376186997809e-08 4.565376186997809e-08 4.565376186997809e-08 4.565376186997809e-08 4.565376186997809e-08 4.565376186997809e-08 4.565376186997809e-08 4.565376186997809e-08 4.565376186997809e-08 4.565376186997809e-08 4.565376186997809e-08 4.565376186997809e-08 4.565376186997809e-08 4.565376186997809e-08 4.565376186997809e-08 4.565376186997809e-08 4.565376186997809e-08 4.565376186997809e-08 4.565376186997809e-08 4.565376186997809e-08 4.565376186997809e-08 4.565376186997809e-08 4.565376186997809e-08 4.565376186997809e-08 4.565376186997809e-08 4.565376186997809e-08 4.565376186997809e-08 4.565376186997809e-08 4.565376186997809e-08 4.565376186997809e-08 4.565376186997809e-08 4.565376186997809e-08 4.565376186997809e-08 4.565376186997809e-08 4.565376186997809e-08
lower 2 0 1141.0 -13.5 -18.0 -35.0 -74.0 -74.0 -74.0 -74.0 -94.5 -16.0 -19.5 -49.5 -74.0 -74.0 -74.0 -74.0 -18.0 -19.5 -42.0 -74.0 -74.0 -74.0 -74.0 -74.0 -35.0 -49.5 -74.0 -74.0 -74.0 -74.0 -74.0 -74.0 -74.0 -74.0 -74.0 -74.0 -74.0 -74.0 -74.0 -74.0 -74.0 -74.0 -74.0 -74.0 -74.0 -74.0 -74.0 -74.0 -74.0 -74.0 -74.0 -74.0 -74.0 -74.0 -74.0 -74.0 -74.0 -74.0 -74.0 -74.0 -74.0 -74.0 -74.0 -74.0 1037.0 40.5 -18.0 -35.0 -74.0 -74.0 -74.0 -74.0 -13.5 -48.0 -19.5 -49.5 -74.0 -74.0 -74.0 -74.0 -18.0 -19.5 -42.0 -74.0 -74.0 -74.0 -74.0 -74.0 -35.0 -49.5 -74.0 -74.0 -74.0 -74.0 -74.0 -74.0 -74.0 -74.0 -74.0 -74.0 -74.0 -74.0 -74.0 -74.0 -74.0 -74.0 -74.0 -74.0 -74.0 -74.0 -74.0 -74.0 -74.0 -74.0 -74.0 -74.0 -74.0 -74.0 -74.0 -74.0 -74.0 -74.0 -74.0 -74.0 -74.0 -74.0 -74.0 -74.0
upper 2 0 1167.0 13.5 18.0 35.0 74.0 74.0 74.0 74.0 -67.5 16.0 19.5 49.5 74.0 74.0 74.0 74.0 18.0 19.5 42.0 74.0 74.0 74.0 74.0 74.0 35.0 49.5 74.0 74.0 74.0 74.0 74.0 74.0 74.0 74.0 74.0 74.0 74.0 74.0 74.0 74.0 74.0 74.0 74.0 74.0 74.0 74.0 74.0 74.0 74.0 74.0 74.0 74.0 74.0 74.0 74.0 74.0 74.0 74.0 74.0 74.0 74.0 74.0 74.0 74.0 1063.0 67.5 18.0 35.0 74.0 74.0 74.0 74.0 13.5 -16.0 19.5 49.5 74.0 74.0 74.0 74.0 18.0 19.5 42.0 74.0 74.0 74.0 74.0 74.0 35.0 49.5 74.0 74.0 74.0 74.0 74.0 74.0 74.0 74.0 74.0 74.0 74.0 74.0 74.0 74.0 74.0 74.0 74.0 74.0 74.0 74.0 74.0 74.0 74.0 74.0 74.0 74.0 74.0 74.0 74.0 74.0 74.0 74.0 74.0 74.0 74.0 74.0 74.0 74.0
centres 2 0 1154.0 -0.0 -0.0 -0.0 -0.0 -0.0 -0.0 -0.0 -79.5963044791667 -0.0 -0.0 -0.0 -0.0 -0.0 -0.0 -0.0 -0.0 -0.0 -0.0 -0.0 -0.0 -0.0 -0.0 -0.0 -0.0 -0.0 -0.0 -0.0 -0.0 -0.0 -0.0 -0.0 -0.0 -0.0 -0.0 -0.0 -0.0 -0.0 -0.0 -0.0 -0.0 -0.0 -0.0 -0.0 -0.0 -0.0 -0.0 -0.0 -0.0 -0.0 -0.0 -0.0 -0.0 -0.0 -0.0 -0.0 -0.0 -0.0 -0.0 -0.0 -0.0 -0.0 -0.0 -0.0 1050.0 51.9407052015773 -0.0 -0.0 -0.0 -0.0 -0.0 -0.0 -0.0 -27.256383423686508 -0.0 -0.0 -0.0 -0.0 -0.0 -0.0 -0.0 -0.0 -0.0 -0.0 -0.0 -0.0 -0.0 -0.0 -0.0 -0.0 -0.0 -0.0 -0.0 -0.0 -0.0 -0.0 -0.0 -0.0 -0.0 -0.0 -0.0 -0.0 -0.0 -0.0 -0.0 -0.0 -0.0 -0.0 -0.0 -0.0 -0.0 -0.0 -0.0 -0.0 -0.0 -0.0 -0.0 -0.0 -0.0 -0.0 -0.0 -0.0 -0.0 -0.0 -0.0 -0.0 -0.0 -0.0
exact-centres 2 0 1154.0:0.0 0.0:0.0 0.0:0.0 0.0:0.0 0.0:0.0 0.0:0.0 0.0:0.0 0.0:0.0 -79.5963044791667:1.2779875830065466e-15 0.0:0.0 0.0:0.0 0.0:0.0 0.0:0.0 0.0:0.0 0.0:0.0 0.0:0.0 0.0:0.0 0.0:0.0 0.0:0.0 0.0:0.0 0.0:0.0 0.0:0.0 0.0:0.0 0.0:0.0 0.0:0.0 0.0:0.0 0.0:0.0 0.0:0.0 0.0:0.0 0.0:0.0 0.0:0.0 0.0:0.0 0.0:0.0 0.0:0.0 0.0:0.0 0.0:0.0 0.0:0.0 0.0:0.0 0.0:0.0 0.0:0.0 0.0:0.0 0.0:0.0 0.0:0.0 0.0:0.0 0.0:0.0 0.0:0.0 0.0:0.0 0.0:0.0 0.0:0.0 0.0:0.0 0.0:0.0 0.0:0.0 0.0:0.0 0.0:0.0 0.0:0.0 0.0:0.0 0.0:0.0 0.0:0.0 0.0:0.0 0.0:0.0 0.0:0.0 0.0:0.0 0.0:0.0 0.0:0.0 1050.0:0.0 51.9407052015773:-2.081506334656684e-15 0.0:0.0 0.0:0.0 0.0:0.0 0.0:0.0 0.0:0.0 0.0:0.0 0.0:0.0 -27.256383423686504:-1.2289453049427358e-15 0.0:0.0 0.0:0.0 0.0:0.0 0.0:0.0 0.0:0.0 0.0:0.0 0.0:0.0 0.0:0.0 0.0:0.0 0.0:0.0 0.0:0.0 0.0:0.0 0.0:0.0 0.0:0.0 0.0:0.0 0.0:0.0 0.0:0.0 0.0:0.0 0.0:0.0 0.0:0.0 0.0:0.0 0.0:0.0 0.0:0.0 0.0:0.0 0.0:0.0 0.0:0.0 0.0:0.0 0.0:0.0 0.0:0.0 0.0:0.0 0.0:0.0 0.0:0.0 0.0:0.0 0.0:0.0 0.0:0.0 0.0:0.0 0.0:0.0 0.0:0.0 0.0:0.0 0.0:0.0 0.0:0.0 0.0:0.0 0.0:0.0 0.0:0.0 0.0:0.0 0.0:0.0 0.0:0.0 0.0:0.0 0.0:0.0 0.0:0.0 0.0:0.0 0.0:0.0 0.0:0.0 0.0:0.0
record 0 20370.665851287322 -0.0 1.0 nan
record 20 6553.01883707602 -23655.506636566453 0.4939373006768609 nan
record 40 6002.549391489962 -7673.345657601307 0.881494161256715 nan
record 60 5869.407379776811 -1261.5778429328539 0.9504773968809991 nan
canvas 0 0 166.57897335126998 164.42524544009544 148.94732457957775 136.51938101447757 128.43899565583084 101.49149612871823 62.46951558858545 58.677450883699414 58.89421081758848 60.319496688843124 62.7625635051369 66.60576635757687 76.14704390356212 87.21858317408063 95.922194362642 104.53898939916068 116.45717563863981 132.70091420779744 178.3699634684178 199.2552158700552 205.16594190433378 206.2243661423856 205.31388929894456 187.50824319772352 144.56696397239537 141.89670510373256 139.94949236827986 138.51751016204733 137.3795320523943 136.53592489513477 135.77283466850804 135.5978619449244
canvas 0 1 166.31278775816853 163.41764401604317 151.54033466164154 138.85218567144645 135.85746095114777 116.14037570699155 68.6576161972761 63.00683352127014 62.08700129581404 62.96638841671348 65.96099020551324 71.2683621369855 79.48594190227675 89.33454018599235 97.24260392434105 104.96514653369248 112.88157535692324 125.09354078595072 175.14395373785715 192.7440998298209 199.2916628301746 202.20008334975608 202.04198237043292 194.39587731474083 142.60566399131022 140.67779567354233 139.07124301629716 137.70708611338628 136.761472551948 136.145894484284 135.54377609408797 135.3025835194085
canvas 0 2 164.3373780824985 157.57410224645838 147.2584211527855 138.9033903699226 129.94416978835957 103.65853555882066 73.93826026259995 68.50902184766937 68.26718450972675 68.87376429401081 71.16772018201243 75.95442391479993 82.92558921467163 91.3157286866475 98.32053029086433 105.32920984817272 112.28857231004402 122.63834740095758 171.69127191779188 185.83652833978965 191.3780675708785 195.10782049076698 197.09637611807665 196.74694159252272 140.4922919826919 138.82959416835843 137.4013074927896 136.21530051460294 135.45953963144692 135.00774394207914 134.6943337574346 134.60439744831066
canvas 0 3 157.41933888152673 154.26625055409332 144.96082790828373 136.50136514904392 123.1624805253204 102.78407614703004 81.89556984951544 75.25755158913178 75.75014720632585 76.40718690257755 78.34238669457369 82.02579550965373 87.5395713270222 94.56013449537835 100.42326843493437 106.44597314096465 113.27127816704596 133.32959915037307 165.8168468025821 177.13846485179533 182.9362303253945 186.59946066639046 190.0427234454401 190.92701165667117 136.90968677276405 135.7933645342221 134.7829392812468 134.00298160613542 133.6275792765052 133.39257298751863 133.31523568049232 133.3916238127962
canvas 0 4 155.89205625733808 151.81676073876224 143.64798641189768 135.0211781640572 122.91878426682241 109.58594762845202 100.66918220025269 96.22233398152471 92.51821447910088 88.31953393115445 88.03501281251653 89.98017496562247 94.9371378978193 100.85009164626086 104.87388620408429 109.01372793293852 121.82973550955093 146.60307827261354 154.65866036351966 156.7278907566666 158.74853760336728 166.8613924672632 181.9885954834654 176.93895738346998 132.3609442494938 132.00104705763022 131.61895022128292 131.36405176013892 131.37466808038656 131.50620907941132 131.85482137539097 131.9968394112006
canvas 0 5 116.02278316151401 117.05705374286563 117.65566797872233 116.96359210299579 114.90265638280596 111.48975356732066 106.80123443604211 105.19113800184928 104.70904638889552 99.39529541366419 96.53064449434099 101.75241824778811 130.27360570582218 140.72981445092003 143.20969114374577 145.39476822377856 146.99218986009686 146.74739843473984 145.4062950686844 139.4864537078004 117.72181646615269 117.10614050847094 120.8254535478868 124.72261017272062 127.38266538669137 127.89753670310063 128.18600403379878 128.52315520681597 129.03951273389634 129.52144627553625 130.13000493136045 130.27594584446547
canvas 0 6 106.86368009497437 110.20555423261447 114.42488014318727 116.30626842362784 117.0522905616861 115.87699052279766 114.43202292857748 113.41971990405796 118.68665399015163 119.05850500606309 120.08050151632588 124.92455625622128 146.16648374125796 147.90246634256224 149.49523085428504 150.22519268194287 149.9151688752551 146.63578516356168 130.36665685019923 97.57139009936297 97.676749588926 98.20681944875257 100.22577601947188 105.81659487143435 122.51909228686965 123.78741778720399 124.78579908249277 125.53915169936116 126.48671115698733 127.45180058190407 128.22480538466266 128.56444573001139
canvas 0 7 104.48833269522413 107.93147119732305 112.76420512590478 118.10777812439301 123.70816484701942 126.86073285226074 128.13717700468067 129.00586923662615 129.4600877538978 130.1727138667445 130.9049649059965 137.81204487379287 153.11802592445073 154.60426006484204 154.40672509074525 153.0900857300119 150.6371582431483 146.4186329976811 102.98706805309803 88.19236388450541 86.85858723976126 86.35752349007615 86.29002089799548 86.84447255982795 118.46255822451312 120.2345006044428 121.85018234175963 123.01368082101558 124.19974463021993 125.45826545402578 126.35941720680545 126.95703239521654
canvas 0 8 100.36437287222395 104.40776414712387 111.20154696282572 119.45243533291298 127.41890271254249 133.95807332417087 136.4206990514213 137.1324763913491 137.23610580192914 137.93372675625557 138.54638199888475 144.10563976343082 158.42260340516816 158.65208402936517 156.66086778206966 152.67271814396915 148.1806053297321 142.890756137617 94.55858042193893 80.09549989538054 77.89277003460039 77.02418898315136 77.8676490908602 81.95350752415675 115.5006827485719 117.52397239188181 119.45851541667935 120.98316190927994 122.34240018380656 123.4896975396192 124.57431679478394 125.49134200549015
canvas 0 9 99.79261383937235 104.88555753970212 111.84461260331007 120.97567092004813 129.5163275038085 139.42418412795345 144.15961423040537 145.21721170240082 144.99827808846888 147.33316874675336 155.62155025764523 163.7691967928124 164.10963419777602 160.42734216694188 155.285785719717 151.45198126388513 146.57504980231525 117.71960461304825 82.86621042278789 72.79699078502193 66.33498965354093 62.68139549618529 61.22298496972711 62.170572020932894 113.20119440108078 115.77482135599536 117.6123293818179 119.33598658589975 120.71075379324333 121.9285344523625 123.10438151180578 124.08865515803586
canvas 0 10 99.1246538445185 104.94033616118115 112.50231910577648 122.51642898837129 131.76810264730096 142.86602497955013 182.80977679477473 193.77830593072815 194.16256003479057 193.01388452798906 189.19403340602716 182.4498400792624 167.12539758354916 158.38964060690293 141.24292638388184 124.02487169642309 103.14742611905568 87.52693252451098 77.24376209360055 68.71328295612568 62.301306349001585 57.839047073305565 55.58011127508666 55.44064671684355 111.89510860327893 114.71347607527136 116.29506550521096 117.99295098005119 119.53388333862051 120.76791639818822 121.97610936235226 122.8395550462428
canvas 0 11 98.66815335759252 104.3599049893691 112.95367719653066 123.9659158974428 133.48836261104572 156.82536898772375 188.87959267114843 198.4712010726875 199.95630578030358 198.2535554976754 193.6610082473833 186.10200465657041 166.5832600579432 124.15140104120832 115.63691702406334 107.01295163932036 97.26070068383598 86.69535986174073 77.01514305277851 68.33987943151945 61.40885133215163 56.68258548129367 54.63351640434601 55.66664046777589 111.4885512777038 114.17467904844419 115.6843556329726 117.22230331676609 118.60937087358249 119.90482444172098 121.07710212383746 121.9124103317694
canvas 0 12 98.38721894205939 103.99883565352178 113.57269953972643 125.16564438005769 131.75887781016345 151.8935041634102 184.22064254839836 198.7538324506749 202.1973785422772 200.78260985497485 195.45880295682124 187.44153686553744 145.02956620056176 123.09083442940597 114.75559961263862 106.02062895632399 96.67839634285505 87.08899011108662 77.80714971753892 69.14505420856217 62.259122042034974 58.38376811216886 57.907906223989606 60.41135658282408 111.90719765182803 114.06045924065783 115.36465103413293 116.64986525151672 118.0268149355221 119.28059247962753 120.37665758675112 121.19935904573431
canvas 0 13 97.27805991776538 101.47437361996741 111.6384834315804 126.29466045274584 136.50107189262633 158.4727928338905 177.8335613672197 193.46451923231243 202.14058252929317 201.21786158186745 195.4190383904232 185.23921306714908 142.28716637674398 122.39090447568148 114.405949283057 106.09812765550062 96.6289778567326 87.56068942330846 78.90286541347005 70.37495593918818 63.69151997483482 59.62940883914926 59.479261540949636 62.42590630450736 112.61475037867163 114.08351364126989 115.37365202984671 116.50590822673222 117.87327661286673 119.0861439517383 119.97948641978333 120.78511646473669
canvas 0 14 97.08896518823448 101.19154927205852 114.19723821059107 132.34347238786413 157.61892237199433 162.95765467757485 171.92633625192946 183.69173589123452 189.63192864894592 194.018662402943 188.2271650098917 162.28468839539053 135.92678612186276 121.65175852963071 114.11390042586505 106.3461755529287 97.38012498983025 88.71555712670765 81.04592742273637 76.39672254399795 71.58171390176895 64.62801095887444 63.85018274273479 83.54786215011978 113.09526670009632 114.28656222334696 115.42152310127486 116.42911185181298 117.70039941163266 118.89967408874203 119.83640130329434 120.47215701680027
canvas 0 15 141.17090558849293 142.8273545514163 146.69577345450338 151.94591672033394 159.7395331642932 162.77585690647086 161.01287415653337 156.20722031062462 139.06841393089323 134.9817242208478 131.3359028405614 128.4339903840294 125.36049184975315 120.65499450026715 113.72687865795979 106.07311457160776 99.8336834960056 99.0528762164105 102.29026241217517 107.92459461484745 111.04524102490547 113.13407236721036 114.25034926447672 114.62094313002966 114.53540816460158 114.88195223235759 115.75831426025684 116.65046621998665 117.68526644442434 118.82521757036979 119.73826334591546 120.29428436821681
canvas 1 0 121.6826092404833 121.55235018478218 120.89862738098775 120.30982895110675 119.86637384978611 118.37999142485032 115.99162773250978 115.47985030898855 115.07654406501045 114.53988425694196 113.91526814526459 113.18990698849859 111.95075721658176 110.71021056282777 109.61349629462352 108.40482050132584 106.69430118853143 104.6932462254111 101.9823217210426 100.82298024243407 100.25240466172856 100.2259844786179 100.3474613572362 101.20049199269829 105.28136271361785 105.840780326018 106.29077707235675 106.66015702694223 107.05348403508026 107.32406723577242 107.51180421404831 107.60147667332414
canvas 1 1 121.7673858701054 121.54266005077733 121.09544576240427 120.58753279803842 120.36460287205186 119.0353293288062 116.57632474705565 115.97741017588402 115.48997052396075 114.93879996776235 114.32789553033669 113.56635586525356 112.63908150184868 111.55589702524708 110.55153296684139 109.49088761536873 108.24820341270367 106.57828063928307 103.65394370237823 102.43627402363609 101.62226339794927 101.26680187423646 101.37392975518414 101.93055115677738 106.3483421097716 106.64005807971743 106.90163065605076 107.24448296427238 107.57517520991686 107.81874102531351 108.06775989656711 108.17728175222727
canvas 1 2 121.86017581598493 121.6901206409976 121.34407746808066 120.84672046478754 120.4233036501833 119.14357321093078 117.35250029856621 116.74742607850541 116.26891386941111 115.69264223510706 115.0367106254718 114.28084275200217 113.41515618761933 112.39747195380396 111.52506723019174 110.62817777286517 109.70435101351875 108.34252377750728 105.57817133966303 104.31596379943693 103.75024718311643 103.29307964066545 103.09851670762767 103.2920589351082 107.46399136560213 107.81865400872402 108.08540534600562 108.41263682913778 108.78334347384488 109.03600726174565 109.25478956879611 109.27524680821809
canvas 1 3 122.15510907847448 122.01733663190883 121.73470535516442 121.34426724951598 120.83061202504274 119.83173230024295 118.45667074074481 117.79222312828055 117.29002298632948 116.73476797510193 116.03401753266239 115.2635368515872 114.36770690687814 113.25484908467205 112.38698251625523 111.51475369642027 110.61905443301019 109.40309815681906 107.79338769053395 106.63152625757284 106.15287214385005 106.02173754013408 105.54146721350021 105.51340434549533 109.34067522733143 109.7056300563086 110.00946996498799 110.272996820317 110.56582815203589 110.77161534249235 110.78279694333646 110.90604346253117
canvas 1 4 122.3254025484093 122.365163349281 122.17563276649295 121.97897167890524 121.59582169824532 120.92589252289002 120.14916331900164 119.49386381875935 118.81502879850865 118.04995734903179 117.29839195838687 116.70756943460435 115.83881766896329 114.66032964511174 113.72932726187052 112.79782688118546 112.39001289616881 112.3495325793535 111.04473478461574 110.4619992163992 109.80248688585725 109.15497266101431 108.28833182313178 109.18601460686698 111.65889584889622 111.88341546468665 112.14228746416995 112.35128394630075 112.61739383151567 112.76389708580113 112.67885941534868 112.694663586312
canvas 1 5 123.77139559019419 123.7005879667126 123.532305262083 123.20165319833588 122.70059129068822 122.05936629773541 121.26851907370825 120.79635191238035 120.37628205670431 119.58186685419716 118.72399358548435 118.34693007292233 118.60989183577128 118.32835664214811 117.64634181987425 116.80896851905715 115.84273888330839 114.80443811855478 113.84532790394276 113.59023847743474 114.47758783527601 114.2946435859278 114.00336979355572 113.9726564463284 114.34628776263769 114.42119903899489 114.56268760421982 114.68483713995117 114.7645200811555 114.84808266512117 114.89203220966087 114.87633830864051
canvas 1 6 124.2376449336961 124.16732816078404 124.06956379688856 123.87705159559964 123.57787753557969 123.15586196878614 122.66380498380725 122.25464559596678 121.97923287496839 121.57988360745634 121.17884716670406 120.84414949858275 120.73207246858692 120.18338035196595 119.58725954525833 118.91665006081978 118.1526848973429 117.19419869047445 117.08175959331687 118.88633596144099 118.60315407018962 118.20239062201856 117.74958453652282 117.31518013547343 117.22568386832941 117.20420882372834 117.18535082518065 117.25027212503313 117.31271866268503 117.37659902180496 117.34862303325625 117.24540213988904
canvas 1 7 124.56964269025622 124.59701470145559 124.62120656958007 124.71825137748826 124.77607268523118 124.58066142689006 124.22791665147807 123.87458776278183 123.56105958554728 123.19235074500654 122.8443204839364 122.70069785512446 122.56823492100285 122.12401174170473 121.71258234899886 121.30333510603995 120.93561692987976 120.65319284349664 121.4436224320858 121.7381935359263 121.59564583530367 121.38730819183303 121.12807020093675 120.82857882508601 120.07685574490962 119.97993829203851 119.94479448833206 119.90368450263676 119.91294129227411 119.91938921826974 119.98097775334291 119.97375936155407
canvas 1 8 125.00681769804903 125.07723911625537 125.25670830556098 125.51276966805763 125.76347025302617 125.91863993455756 125.72975153792049 125.33990255645028 125.01314590932249 124.64348002844554 124.43168734255123 124.60896072914562 124.68434374376933 124.28189149882675 124.01113620761096 123.79163568074723 123.65409917537436 123.57197279197187 124.84486638120511 124.81060528540445 124.59037454314613 124.36126666919057 124.07796669915686 123.93237815057894 123.01651804794683 122.82687862525835 122.76088846096457 122.7352967247585 122.69834741805062 122.65150841540938 122.62159869534436 122.66023203265543
canvas 1 9 125.39402373233395 125.57511045216773 125.81376537340519 126.09215058614465 126.41469518440029 127.03190894011377 127.16740161147767 126.81360731151372 126.4528849557691 126.21235357041905 126.5361756086466 126.91455146378915 126.68995557138693 126.5201184769138 126.37498718489476 126.09731913703762 126.0398639471995 127.6550785575689 128.4102564682549 128.152569752074 128.20569189975632 128.107894357982 128.01192537891552 127.763285011294 125.78897185284478 125.62718321010311 125.51798881541468 125.42704105262496 125.29965232297758 125.35070990827568 125.38647231161302 125.40052350332891
canvas 1 10 125.85034755645249 126.08835800429388 126.37529887449638 126.73169148484641 127.12258078922036 127.75212204593325 129.22923285259128 129.56610826400194 129.4178213261975 129.22152248242236 129.03957579559474 128.9136888634094 128.680482310937 128.87700396703195 129.61707842805163 130.3490215788646 131.28593944172297 131.59843351115987 131.5270108538751 131.3612944545278 131.18992601470438 131.0247286271602 130.9196040193637 130.75020610233096 128.60506899370722 128.37534900173168 128.27758783398139 128.0860595137427 127.9980061852647 128.02771086802306 128.04295357784065 127.97630447170357
canvas 1 11 126.36565311495359 126.63407855044814 126.96512752409623 127.38534747499094 127.74798609156962 128.71894290390446 130.16976944541935 130.73863045335187 130.77243760259572 130.71166323709565 130.66365463937558 130.75102393347248 130.32414392812137 133.28345834024194 133.46016876549575 133.59202249104663 133.75420692069574 133.85585808154727 133.89924505896715 133.90572900326123 133.83657975366998 133.6728910609576 133.42311389139408 133.2751538475869 131.16070373277296 130.86274713131704 130.77042714842972 130.62924870483513 130.43285485660508 130.31956277255065 130.2660900074289 130.24299604117925
canvas 1 12 126.88862853405413 127.15173704029337 127.54405525465653 128.06507781215396 128.3773002528311 129.3751400617044 130.76578832432557 131.5275570754862 131.943924354582 132.09692029395137 132.24732208465772 132.3515004260273 134.07904391256673 135.09264189969184 135.26626199324068 135.46334723351407 135.75743149166667 135.97788952099955 136.11331338714038 136.18283513147094 136.16480864586626 136.11624088678252 136.00529776912376 135.81393774657988 133.49103295855735 133.09565540505704 132.8742214745482 132.72503440961182 132.6094581114703 132.29843408619445 132.10195579981612 132.1910375263089
canvas 1 13 127.42728757130683 127.61673538888871 128.04631276351623 128.60919627792353 129.11090630595316 130.18330706647717 131.16558341371348 132.03178803320498 132.70021202137008 133.1562939123593 133.7496365600624 134.3587948477553 136.14471566549602 136.88755556320115 137.05034379316436 137.26015498586847 137.67887360115452 137.9850147591094 138.14576662986306 138.2044800936486 137.97161721083492 137.72685419913765 137.80328621347908 137.6374755409584 135.56608903725072 135.09926813187755 134.73533952513526 134.40810952235768 134.17591202488396 133.88520408682547 133.62743864511043 133.79922605749323
canvas 1 14 127.7667298125788 128.11164724067402 128.601267127772 129.20907974532466 130.1142414731761 130.50277382257195 131.3158825447419 132.42219977465004 133.34340354578683 134.0719927464507 135.11596382368512 136.78130289205933 137.9599812483823 138.5845695757614 138.80555639698235 138.98724498813374 139.42742441096166 139.81350163473022 140.06445081155172 139.98458376784586 139.59985500250343 139.14363569135952 139.24816018928988 139.22152771453372 137.21471166128134 136.7166774232327 136.29708014868737 135.82457376039656 135.45082155549582 135.21152166386426 135.04360053826426 134.8839506873173
canvas 1 15 128.54964295365946 128.7129132381782 129.10098464241955 129.668121668999 130.4526161632028 131.14697376441435 132.06825215164375 133.1638002204471 134.53025038102538 135.7186120379741 136.86672987292246 138.0615810725362 139.1581435049593 139.97245286132312 140.35652980253016 140.73767012683808 141.1821157674991 141.549657708081 141.67014473959395 141.69152386996902 141.4634191184351 141.03592556271894 140.43261328583796 139.6230773548809 138.73020502125337 138.007707309714 137.47787194782128 137.02182776891107 136.43491595895114 136.06502339682524 135.801290858341 135.69665812256392
canvas 2 0 132.31467740453067 132.2433401617002 131.92532038360469 131.86369080424763 131.70707621261084 131.2064322325709 131.23015927504886 131.2847931341012 131.37284134261662 131.4254205066139 131.4258349288329 131.36594320851557 131.38274995502132 131.58442746879763 131.71878662788092 131.81792314218572 132.02671166512707 132.20934072084495 132.93056971046101 132.93684893903415 132.68570639566582 132.34852107499984 131.961913643005 131.07996414772782 128.82954723814635 128.32789562282065 128.01614193176354 127.54107096907093 127.30066459284137 126.98563306906783 126.8622150192632 126.8002094866128
canvas 2 1 132.63241865499157 132.63714708448595 132.62414592435115 132.75330155471843 132.7807088794055 132.22207559824196 132.07034508612216 131.99821705196325 131.941630964347 131.94810271239334 132.02787678201608 132.04354031977653 132.18078226217023 132.4015556747391 132.5179166734748 132.63527483177933 132.72414005759026 132.83248715445896 133.41405565208547 133.269181846576 132.88770901237558 132.39701555251753 131.81201820311185 131.0823701577859 128.8188343893072 128.28993360541867 127.98942019106211 127.50677922476407 127.2919029893674 126.99115444226173 126.8231231589157 126.703132408546
canvas 2 2 133.14871024086392 133.42637468721725 133.53212841731383 133.31513999262364 133.3984592364375 133.32641314934136 133.08545221895312 133.08291193274965 133.04521511658572 133.02040527748318 133.00667227641804 133.02747073346094 133.10623941796052 133.24718782068365 133.32661494424386 133.41028264992732 133.4799544901457 133.6045231420091 134.04458554185908 133.7604613540485 133.2174293632741 132.59959195586117 131.7687834646747 130.9724147937285 128.9031720100255 128.26985212018775 127.88664219964092 127.41315954909662 127.19085266255061 126.90080230485059 126.71475337313284 126.58486400672183
canvas 2 3 134.37708788212765 134.54070166683874 134.68594865286383 134.72829703061402 135.02374330110618 135.04005115425468 134.55080416273967 134.52536933728234 134.45483989427285 134.46247126341592 134.36439486517227 134.2321031209465 134.14376215081973 134.08229293906592 134.04337826776566 134.0316853090806 134.0579730147026 134.5896308711986 134.81269012999434 134.2487713415927 133.59902478653646 133.03519217565753 132.03854558148254 131.07754142609065 128.95988431384785 128.2247712473984 127.74957602210144 127.22849524354663 127.00197620301805 126.73958125944014 126.62710494119976 126.40525445596641
canvas 2 4 134.9664784880144 135.77631971128673 136.028654455268 136.63531000917652 137.31565884493378 137.60834893726567 137.42347559629454 137.0739766673982 136.63004768562172 136.30665850984312 136.0736565109178 135.8679522699658 135.64364741112888 135.41414321714197 135.1635240963278 134.9122448189358 135.5575289751759 136.14183838916742 135.8029479789425 134.93552230372723 134.08003712260546 133.39256292004487 132.4714403474378 130.91753856764706 129.03331897236293 128.19214903403312 127.65246039616726 127.07909844052338 126.81983880559908 126.52032816929604 126.37068113418944 126.15170565406474
canvas 2 5 141.19006967663012 141.0695163132184 140.82781496437266 140.46422275406135 140.04073930804518 139.58027301821576 139.06614297683618 138.81587775137518 138.58634235746908 138.26989291131414 137.89639572730619 137.84316218810054 138.7926884720695 139.1149000547945 138.84931549167848 138.4755729992027 137.94286610635137 137.1537375724593 136.28826585836669 135.4041534736027 134.72503649748026 133.61124172737584 132.32132027902884 130.7763742832083 128.99055252192733 128.06796857921057 127.54696362883057 126.96194846795063 126.64893366279148 126.33486919281131 126.06297534114049 125.76335047616341
canvas 2 6 143.07745286440834 142.75386506349048 142.38958073496246 142.00751910649487 141.6318874003663 141.30484924013598 140.95039299962585 140.74552295176983 141.0181267302191 140.89170814557227 140.72857850946207 140.63958301645218 141.1754597438089 140.86942195813768 140.4892366418569 139.94602525760166 139.2348738858041 138.3011296368839 137.11502030818605 136.3969574594057 135.3962258377496 134.21589430788785 132.88740484275468 131.32208140527038 128.87445712434157 127.9432770071893 127.45474792439414 126.84458355218227 126.36978599950275 125.99029047434688 125.69059585625266 125.34809737850834
canvas 2 7 144.3482435568337 144.21177694541439 143.94666196798738 143.84484058869208 143.78167600398206 143.6214588004514 143.49030750533768 143.33681655198572 143.21499564361363 143.0395586010792 142.8594153680671 142.8749373197672 143.05114000723404 142.72419623575473 142.1732721323974 141.43711427065352 140.49736278050514 139.42714588359866 138.07887471233346 136.82446795000362 135.7713275055779 134.67808135449332 133.4344519324669 132.22753420041425 128.70153036391457 127.82559988382674 127.29620591955951 126.70993292487353 126.17683124516144 125.70155230040544 125.23775799121464 124.86175594187503
canvas 2 8 146.03718781626947 145.84849539015062 145.7246261553533 145.66436242125263 145.6124384734253 145.53086164189557 145.40099032411834 145.26153892819747 145.113698576745 144.93585077468546 144.90040869367522 145.11073039273364 145.13840618136265 144.63570887489928 143.85177272094322 142.7960329137758 141.69408656840073 140.5454570615035 138.96020199101372 137.48156284353487 136.30542431973763 135.19607492480347 133.94973093875532 132.3270233246429 128.57193228422963 127.64073595363294 127.0541027156989 126.41785779754613 125.83429992379384 125.40275698796152 124.89211037493594 124.42713809287851
canvas 2 9 147.2697122625525 147.24456048729948 147.19045580233944 147.0914411224852 147.06553939114647 147.31640332011165 147.2426178295976 147.18222519538173 146.98503518452713 146.9775912490876 147.50489143510725 147.65315680902785 147.17527486500117 146.35074442328508 145.23020595725012 144.0476188648378 142.81518441745385 141.6233849434625 139.97609586691885 138.42346229381874 137.13891791414096 135.88380835437908 134.63616980220797 133.37065799168434 128.41344379229798 127.40846137261482 126.81420520582213 126.17173266296128 125.47504184930024 125.0632914327676 124.4772168770616 124.09349108169157
canvas 2 10 148.64868373719207 148.65953367573672 148.72497054599262 148.7614188581725 148.79775182734738 148.8154281518011 151.4957496883268 152.19729402945492 151.94696350433298 151.61547820156295 151.0767165524696 150.23310760139913 148.9415688207289 147.69169559481924 147.01820083397118 145.91738399044104 144.3867799783477 142.69844828074892 141.0999514818953 139.47494423401665 137.94824861884834 136.52914502344436 135.21608806452377 133.98811989161123 128.03799580533223 127.02108007436658 126.42684460571361 125.84726894126773 125.1296505032907 124.73205654967498 124.0804952873888 123.81981138906815
canvas 2 11 150.1660272951367 150.29658745066172 150.46507306247187 150.6512245126183 150.70448314448433 151.72819116512312 153.33620936457342 153.85540386380828 153.71513742197845 153.3452210601458 152.7120895112498 151.6511580482329 150.08585196285097 150.10443986161465 148.75885726610457 147.2908446537633 145.65104692848442 143.85637825680783 142.14427369336957 140.40786521280162 138.7707860537482 137.1506099999474 135.59604860824751 134.1341888429377 127.71053419299786 126.74858587019295 126.13429091954826 125.52600595322475 124.8503241947749 124.44496795929862 123.86702756685077 123.58091155542456
canvas 2 12 151.7316124839778 151.92165526404509 152.27256060133664 152.7274158233011 152.94790382092242 153.81248346040638 154.7895108693101 155.11571357582585 155.16655658429443 154.79271242939467 154.09686184821877 152.83765850082852 152.40462050217437 151.1992039696078 149.85126737398733 148.3970195582342 146.76663866930073 144.9790702502654 143.18592881145813 141.30398209444667 139.50822030938153 137.70858909497832 136.36838236971406 134.9776205737204 127.47854842316202 126.53384190211116 125.83414135151526 125.18893167960613 124.53459325469652 124.1289178784689 123.67695126532308 123.3792083432721
canvas 2 13 153.43472966948872 153.539187554179 153.96320694423608 154.28987858746112 154.8440421631468 155.79164070669552 156.21000273364447 156.22208431047034 156.12334215559778 155.7890613778727 155.23186597823297 154.57411052019103 153.77151356483498 152.3088927037244 150.98647874436756 149.53031628898648 147.88097233459632 146.09669561414483 144.21874482090655 142.20569455345796 140.06428391146827 137.88017273634526 136.19439517486745 134.53080346328352 127.15701688522154 126.21115212126769 125.50683470050211 124.94964347010122 124.34672837405986 123.9184401142858 123.58468443864058 123.27100656096206
canvas 2 14 154.4942959412471 155.22275122197473 155.85552444502392 156.21116745405288 157.1060464081224 157.21901412762062 157.38274329630042 157.42571595833854 157.1891811410393 156.677974235549 156.28170918733886 156.13902733683665 154.9442054931145 153.40708219493413 152.07310235007847 150.67016146834894 149.01186826642646 147.2075560391645 145.16063053012985 142.830806086063 140.24520677596755 137.8206134813885 135.71781720068347 131.36207261258193 127.11502082743938 126.05161640270774 125.24415905968289 124.69752032006149 124.14398184233958 123.71259149462237 123.32727344810334 123.20507790768627
canvas 2 15 157.50571241290106 157.6199068175603 157.81215768142468 158.04100701213557 158.39149569520555 158.5008832711583 158.34552404648096 158.06090096588616 158.00306419731535 157.6740723426633 157.30627282507515 156.68696616466548 155.70722074163538 154.42646972225018 153.07873385106927 151.69372490432698 150.02483948576173 147.82113985130835 145.05601933108025 142.01072585377477 138.90819108743568 135.8513076352632 132.90899202801003 130.0621043194743 127.55248648630456 125.9125759728999 125.0178332938485 124.43913052258371 123.9973252034058 123.58482538933828 123.17379269524113 123.11480078714669
constants method=tgv centres_tested=6.233235421751544e-13 centres_reference=3.222221414011781e-14 tau=0.9330261158225017 sigma=0.09330261158225017 rho=1.9 root=0.9949874371066201 gamma_max=1.0 lipschitz=195.8822509939087 dual_lipschitz=10399.306130699308 dual_centres=0.0005351619083310781 weight_max=4.444444444444444e-06 dual_reach=3676.709942326155 dual_fixed=0.31500000000000017 xi_bound=64.00000000000007 xi_terms_bound=362.03867196751236 cells=4 vector_terms=6 tensor_terms=9 primal_terms=3740 dual_terms=648 dual_rounding=24
start SI0=6005.028289552193 ScenA=7.03986633284664e-13 ScenR=3.311564834205143e-14 Sgx0=496.1905233668289
majorant 0 ME=110.89118722866206 Ma=2.100803646571385e-13 Mb=55.795150720505156 McenA=1.1945814329097444e-18 McenR=9.204140471596214e-20 Md=0.0 Mf=34060.63113609378 Mg=92.59174334497733 Mh=0.0 Mi=6005.028289552197 Mmean=4195.168432720447 Mp=2.100803646571385e-13 Mphi=4921.120986803614 Mput=4195.168432720448 Mq=478.6213335411371 Mr=33.415986965468086 Mrp=3.9915269284856313e-13 Mrr=63.49037523438936 Mrw=1389.333465427121 Mrx=14363.367875654734 Mw=496.1905233668289 Mwbar=46.29587167248867 Mx=5129.774241305262
majorant 1 ME=90.03383152374394 Ma=17.10074014096053 Mb=90.67697830774439 McenA=1.1945814329097444e-18 McenR=9.204140471596214e-20 Md=7.747048773910115e-13 Mf=34060.6311360938 Mg=82.0314985925111 Mh=130.19962558786486 Mi=6005.0282895522005 Mmean=4195.168432720448 Mp=15.10876053972249 Mphi=4921.120986803617 Mput=4195.168432720451 Mq=478.62133354113735 Mr=40.05449331556339 Mrp=28.706645025472916 Mrr=131.8515994116231 Mrw=1276.3521588569786 Mrx=14363.36787565474 Mw=496.1905233668289 Mwbar=36.72956924696242 Mx=5129.774241305264
majorant 2 ME=91.26405022998738 Ma=29.32668989143474 Mb=53.07620477562588 McenA=1.1945814329097444e-18 McenR=9.204140471596214e-20 Md=59.99270296751709 Mf=34060.121515590516 Mg=77.86247260413265 Mh=78.05202577893142 Mi=6017.980005709334 Mmean=4194.966769884024 Mp=19.311325263184326 Mphi=4919.702298055829 Mput=4195.04252618658 Mq=478.38673581375605 Mr=37.52609758692101 Mrp=61.50676353802399 Mrr=92.51036530424017 Mrw=1115.9837062214506 Mrx=14360.460549544396 Mw=397.4102422698485 Mwbar=37.69231440784551 Mx=5129.7742413052665
majorant 3 ME=78.37866353519154 Ma=23.037496216793475 Mb=74.97457552201807 McenA=1.1945814329097444e-18 McenR=9.204140471596214e-20 Md=34.471499210209004 Mf=34060.24543268638 Mg=71.8016949256387 Mh=123.77875514802986 Mi=6030.2786005779335 Mmean=4194.706709808237 Mp=17.51589317118222 Mphi=4918.2595388781765 Mput=4195.113038356912 Mq=478.3674337471684 Mr=39.29400279594736 Mrp=45.22861461486424 Mrr=121.35390550527818 Mrw=1059.813857089049 Mrx=14356.119860657993 Mw=403.4240614938132 Mwbar=31.473067471016837 Mx=5127.346323417399
majorant 4 ME=77.6621536924775 Ma=32.85502612652779 Mb=51.03124601079372 McenA=1.1945814329097444e-18 McenR=9.204140471596214e-20 Md=53.433146075776136 Mf=34061.249987623494 Mg=69.45179933384622 Mh=88.10612001099506 Mi=6031.4176861867 Mmean=4194.678675304852 Mp=19.841279127319602 Mphi=4917.214900122363 Mput=4195.086341556584 Mq=478.227318490032 Mr=39.266439488934495 Mrp=58.98287691764975 Mrr=101.64392863419471 Mrw=948.1663348979871 Mrx=14354.159253984075 Mw=340.02695580908266 Mwbar=31.539172533859162 Mx=5127.054702816647
majorant 5 ME=67.95613497746433 Ma=29.061380800497396 Mb=66.36682027414419 McenA=1.1945814329097444e-18 McenR=9.204140471596214e-20 Md=40.71094713895414 Mf=34062.10814566586 Mg=65.13746433895778 Mh=119.56735577307775 Mi=6045.182988855845 Mmean=4194.786052361103 Mp=19.300852567492665 Mphi=4916.776429989928 Mput=4194.937546291322 Mq=478.23736913999477 Mr=40.85627025006295 Mrp=52.39501499676284 Mrr=121.35036207394454 Mrw=894.9781818527206 Mrx=14351.596113508771 Mw=337.9769244459654 Mwbar=26.92531083892091 Mx=5125.613896044152
majorant 6 ME=66.24501742623261 Ma=35.1268203378569 Mb=49.719001522400056 McenA=1.1945814329097444e-18 McenR=9.204140471596214e-20 Md=49.63785889835813 Mf=34062.7439846141 Mg=63.682204924833236 Mh=95.31487789547634 Mi=6052.651299153328 Mmean=4194.841739044251 Mp=18.689565049556002 Mphi=4916.470054898467 Mput=4194.916254373635 Mq=478.15823621542125 Mr=40.84681191055174 Mrp=55.548283428882016 Mrr=109.06687488337116 Mrw=805.3813530032567 Mrx=14350.922180659325 Mw=290.6781706025889 Mwbar=26.515750419213266 Mx=5125.644194256479
majorant 7 ME=59.02510818415629 Ma=32.76230115791467 Mb=59.9637499737144 McenA=1.1945814329097444e-18 McenR=9.204140471596214e-20 Md=38.177806980916216 Mf=34063.324551418285 Mg=60.21439165063166 Mh=115.81301046199081 Mi=6060.043793080245 Mmean=4194.775367503692 Mp=18.611795859153215 Mphi=4916.257495173375 Mput=4194.845330550633 Mq=478.1616077408186 Mr=41.46468657171699 Mrp=50.278956918175275 Mrr=120.88127032807058 Mrw=758.8433349036842 Mrx=14349.50589639479 Mw=284.33260325811955 Mwbar=23.24911959331662 Mx=5124.84571478103
majorant 8 ME=57.3151445225741 Ma=38.07589571299917 Mb=48.767870722070825 McenA=1.1945814329097444e-18 McenR=9.204140471596214e-20 Md=46.75230185222102 Mf=34063.59589169278 Mg=58.53459200333773 Mh=99.2367708866286 Mi=6066.448027585897 Mmean=4194.662270014309 Mp=18.618105994672717 Mphi=4915.944879816782 Mput=4194.74981391452 Mq=478.0772520818752 Mr=41.73780091900394 Mrp=54.26347860670255 Mrr=113.20365099441513 Mrw=692.357713907958 Mrx=14348.646827952 Mw=250.616490369925 Mwbar=22.656249553031277 Mx=5124.842131103785
majorant 9 ME=52.1559622044016 Ma=36.253608806746485 Mb=55.30811132988192 McenA=1.1945814329097444e-18 McenR=9.204140471596214e-20 Md=38.75250358877329 Mf=34063.57158107414 Mg=56.12130007684573 Mh=113.71770880230083 Mi=6071.078709629727 Mmean=4194.5437291675 Mp=18.79643584200737 Mphi=4915.5956290079275 Mput=4194.66320209192 Mq=478.03233083514596 Mr=41.84840644746951 Mrp=51.089740291754886 Mrr=120.70423718091136 Mrw=653.8371562604734 Mrx=14346.6101655628 Mw=243.06048489386313 Mwbar=20.39384634209703 Mx=5123.983537819722
majorant 10 ME=50.72801483060132 Ma=40.504682022332965 Mb=47.423323879106654 McenA=1.1945814329097444e-18 McenR=9.204140471596214e-20 Md=45.80853035366339 Mf=34060.82183836937 Mg=55.0221156497435 Mh=101.54335173776697 Mi=6076.138531322884 Mmean=4194.415906907003 Mp=18.619021275257165 Mphi=4914.862026878442 Mput=4194.596768516714 Mq=477.96790136247125 Mr=41.85479105623439 Mrp=53.97606634480834 Mrr=114.46359050850846 Mrw=607.2782983383968 Mrx=14345.03308279141 Mw=219.5194688125168 Mwbar=19.893392250475188 Mx=5123.483913869303
majorant 11 ME=46.875650199543415 Ma=38.88260903688055 Mb=52.567789944817484 McenA=1.1945814329097444e-18 McenR=9.204140471596214e-20 Md=39.06651988493082 Mf=34060.16512071983 Mg=53.268121305331455 Mh=112.13655683497966 Mi=6082.472368635822 Mmean=4194.318900694671 Mp=18.701143093175645 Mphi=4914.645117866619 Mput=4194.535174148711 Mq=477.92855639054 Mr=42.3826460491926 Mrp=50.94421603682787 Mrr=120.93222324066406 Mrw=578.4755995450435 Mrx=14343.388916573407 Mw=213.4202451860626 Mwbar=18.27245596522859 Mx=5122.803161681877
majorant 12 ME=45.52751115458902 Ma=42.58979772375497 Mb=47.416873353715445 McenA=1.1945814329097444e-18 McenR=9.204140471596214e-20 Md=45.36697045407662 Mf=34057.62739415034 Mg=52.30236388257747 Mh=104.55064507022423 Mi=6089.598451439076 Mmean=4194.2860221697965 Mp=18.82235182246258 Mphi=4914.120735197132 Mput=4194.438865109883 Mq=477.8854365436488 Mr=42.49933913104799 Mrp=54.21499957405924 Mrr=117.13455044353596 Mrw=543.7006898948532 Mrx=14342.131782373815 Mw=196.52758214090113 Mwbar=17.792317143576028 Mx=5122.369714925029
majorant 13 ME=42.74119677590018 Ma=40.81697326212284 Mb=50.85341644722897 McenA=1.1945814329097444e-18 McenR=9.204140471596214e-20 Md=39.376859388387146 Mf=34058.17161345357 Mg=51.334597353524146 Mh=111.6688656623657 Mi=6097.272115502798 Mmean=4194.2736995649875 Mp=18.71259275351674 Mphi=4914.162359879444 Mput=4194.371844976237 Mq=477.8843525310463 Mr=42.82116523410455 Mrp=51.32708550958919 Mrr=121.41387854375633 Mrw=521.3487775769511 Mrx=14341.28393636033 Mw=190.90583006804002 Mwbar=16.667876613235677 Mx=5121.907772492413
majorant 14 ME=41.906512951174285 Ma=43.93191075193592 Mb=47.443121970209596 McenA=1.1945814329097444e-18 McenR=9.204140471596214e-20 Md=44.757833782880844 Mf=34058.516329929706 Mg=50.681311407392485 Mh=107.0843497793795 Mi=6103.966979806867 Mmean=4194.218461899675 Mp=19.118442484420587 Mphi=4914.048370466988 Mput=4194.308407659942 Mq=477.8453822467814 Mr=42.871385252704485 Mrp=54.36757722976871 Mrr=118.7711158265369 Mrw=497.31591337902546 Mrx=14340.83351198517 Mw=179.1340319479493 Mwbar=16.385532897295214 Mx=5121.874984101121
majorant 15 ME=40.03474033829104 Ma=42.61233717540282 Mb=50.030813763795976 McenA=1.1945814329097444e-18 McenR=9.204140471596214e-20 Md=41.20642757923108 Mf=34059.131904026624 Mg=50.057540867466 Mh=112.39805276364467 Mi=6110.315246293462 Mmean=4194.121076458103 Mp=19.389700526246394 Mphi=4914.026641175364 Mput=4194.2251572345995 Mq=477.8348355920834 Mr=43.07333363324042 Mrp=53.459965591794855 Mrr=121.68959517958164 Mrw=483.21617810812444 Mrx=14339.990358303521 Mw=175.72208453971314 Mwbar=15.627817467895392 Mx=5121.477083923574
majorant 16 ME=39.56830902374036 Ma=44.84931256962143 Mb=47.46530137194199 McenA=1.1945814329097444e-18 McenR=9.204140471596214e-20 Md=45.38068438940309 Mf=34059.32906917967 Mg=49.66611998279948 Mh=108.86389840859246 Mi=6114.63066951679 Mmean=4194.015513084652 Mp=19.55163081864468 Mphi=4913.856404733685 Mput=4194.141021161402 Mq=477.7943513579498 Mr=43.1156209563559 Mrp=55.45590107531177 Mrr=119.80707009506797 Mrw=467.0998207651228 Mrx=14339.346546706804 Mw=167.8295127641768 Mwbar=15.470160502792666 Mx=5121.349829991161
majorant 17 ME=38.29239105251147 Ma=43.58771631749385 Mb=49.36250952764311 McenA=1.1945814329097444e-18 McenR=9.204140471596214e-20 Md=42.4879141404268 Mf=34059.5592357362 Mg=49.411459675797715 Mh=112.70105166794072 Mi=6119.1800967431145 Mmean=4193.915203915023 Mp=19.651741876771485 Mphi=4913.772168993117 Mput=4194.057138999342 Mq=477.7790509566607 Mr=43.146042609783045 Mrp=54.379265975092295 Mrr=121.67286535209782 Mrw=458.6703942006893 Mrx=14338.419983167214 Mw=165.8381622334948 Mwbar=14.98672476914646 Mx=5120.931548645921
majorant 18 ME=38.06073495509584 Ma=45.31736822397781 Mb=47.52233748605063 McenA=1.1945814329097444e-18 McenR=9.204140471596214e-20 Md=45.94933339481017 Mf=34059.140197186774 Mg=49.126341634843996 Mh=110.09822434024932 Mi=6122.877873125408 Mmean=4193.820823017101 Mp=19.73283086767386 Mphi=4913.594353582583 Mput=4193.968909512892 Mq=477.73882001850035 Mr=43.16221207624682 Mrp=55.83405347239168 Mrr=120.14646214723189 Mrw=448.8077032976577 Mrx=14337.686843526388 Mw=160.82930235935015 Mwbar=14.912682624525385 Mx=5120.755077504614
majorant 19 ME=37.10262211391516 Ma=44.29257426650457 Mb=48.98578873642162 McenA=1.1945814329097444e-18 McenR=9.204140471596214e-20 Md=43.437084197878384 Mf=34058.65035184008 Mg=48.9503039461709 Mh=112.8277161200404 Mi=6125.64900417589 Mmean=4193.740347825431 Mp=19.79821695618155 Mphi=4913.494599058447 Mput=4193.873860147728 Mq=477.7168381429518 Mr=43.23305262732328 Mrp=54.936628049436344 Mrr=121.68229409246933 Mrw=443.3182042448826 Mrx=14336.68876082729 Mw=159.8375774503673 Mwbar=14.552510514452246 Mx=5120.3368496393305
majorant 20 ME=36.912509714782736 Ma=45.6218219368301 Mb=47.61981130946321 McenA=1.1945814329097444e-18 McenR=9.204140471596214e-20 Md=45.907021025354396 Mf=34057.842375121436 Mg=48.75600962923135 Mh=110.96204144952266 Mi=6127.263588785241 Mmean=4193.670818688609 Mp=19.724257065061956 Mphi=4913.29437740821 Mput=4193.781962481299 Mq=477.6807974885007 Mr=43.27571149063008 Mrp=55.78528057445386 Mrr=120.61629323671215 Mrw=436.03750490785825 Mrx=14335.869969926955 Mw=156.12136283419673 Mwbar=14.499364988001904 Mx=5120.092079377437
majorant 21 ME=36.10065638227128 Ma=44.66091568742168 Mb=48.80383029722571 McenA=1.1945814329097444e-18 McenR=9.204140471596214e-20 Md=43.53345126760654 Mf=34057.27431220938 Mg=48.62755780895944 Mh=112.88493169281607 Mi=6129.491339483587 Mmean=4193.5939991423065 Mp=19.68961172727027 Mphi=4913.18917556542 Mput=4193.695874048784 Mq=477.66204711826043 Mr=43.324401903890866 Mrp=54.71059190871724 Mrr=121.80566557634114 Mrw=431.58500947863155 Mrx=14334.980712714361 Mw=155.40539106341134 Mwbar=14.187764254590245 Mx=5119.712953156268
majorant 22 ME=35.889191276438936 Ma=45.729204834601724 Mb=47.72058349961769 McenA=1.1945814329097444e-18 McenR=9.204140471596214e-20 Md=45.538592748854036 Mf=34056.62548999303 Mg=48.46214820780717 Mh=111.08088516346187 Mi=6132.126844802413 Mmean=4193.501199856881 Mp=19.742386348213866 Mphi=4913.006999882381 Mput=4193.608263515646 Mq=477.6291514479515 Mr=43.37898975952462 Mrp=55.65862321272974 Mrr=121.00251056471416 Mrw=424.9242713549216 Mrx=14334.257823954791 Mw=152.20007269524845 Mwbar=14.111479881961866 Mx=5119.503312180603
majorant 23 ME=35.21693695340487 Ma=45.014765642644996 Mb=48.659012286228325 McenA=1.1945814329097444e-18 McenR=9.204140471596214e-20 Md=43.73840202768245 Mf=34056.08317790243 Mg=48.42123233701666 Mh=112.48387951865487 Mi=6135.431615213331 Mmean=4193.4046235482865 Mp=19.778179849376915 Mphi=4912.889044145611 Mput=4193.523148005492 Mq=477.6106185878726 Mr=43.418534623505344 Mrp=55.040546509871035 Mrr=121.97744348308073 Mrw=420.4722224642647 Mrx=14333.43063022745 Mw=151.26685537066 Mwbar=13.840877639280004 Mx=5119.157880484846
majorant 24 ME=35.06328039931449 Ma=45.92798312345495 Mb=47.76802523662926 McenA=1.1945814329097444e-18 McenR=9.204140471596214e-20 Md=45.349661008230285 Mf=34055.40788578826 Mg=48.31693751465375 Mh=111.08537762332544 Mi=6139.643000931775 Mmean=4193.315457667807 Mp=19.809854539166125 Mphi=4912.730414484915 Mput=4193.440520460869 Mq=477.5811929266064 Mr=43.45798133637429 Mrp=55.77087366991567 Mrr=121.30128684320745 Mrw=414.66876753139877 Mrx=14332.751656682503 Mw=148.4670087052663 Mwbar=13.775241892947971 Mx=5118.951950761569
majorant 25 ME=34.545812808936816 Ma=45.37597635977135 Mb=48.58101720352287 McenA=1.1945814329097444e-18 McenR=9.204140471596214e-20 Md=44.08281145981448 Mf=34054.845461322286 Mg=48.23290650360383 Mh=112.577719715582 Mi=6143.682309493239 Mmean=4193.232014382475 Mp=19.897779497526457 Mphi=4912.635028246245 Mput=4193.356275942535 Mq=477.5622023824656 Mr=43.528460874653916 Mrp=55.388758850218295 Mrr=122.18328666021144 Mrw=410.98399162786427 Mrx=14331.985955660513 Mw=147.66230958597248 Mwbar=13.556233648170968 Mx=5118.6421660138
majorant 26 ME=34.4657315534412 Ma=46.13300036240687 Mb=47.910303307410565 McenA=1.1945814329097444e-18 McenR=9.204140471596214e-20 Md=45.612812036423755 Mf=34054.24270572326 Mg=48.15380801363744 Mh=111.62194823181888 Mi=6147.141488052505 Mmean=4193.150217380178 Mp=19.99374411216469 Mphi=4912.494398330416 Mput=4193.268863354482 Mq=477.5330468975959 Mr=43.59220578744137 Mrp=56.20938614521894 Mrr=121.74762644144295 Mrw=406.40917399999734 Mrx=14331.302791370003 Mw=145.3947372403696 Mwbar=13.517877161866748 Mx=5118.433374115864
majorant 27 ME=34.091662058412595 Ma=45.625722731455554 Mb=48.5602615405944 McenA=1.1945814329097444e-18 McenR=9.204140471596214e-20 Md=44.56209101198372 Mf=34053.71758481863 Mg=48.141217619933016 Mh=112.7582436301462 Mi=6150.14178324419 Mmean=4193.068625637323 Mp=20.043574076831533 Mphi=4912.393657107511 Mput=4193.17958139217 Mq=477.4928805399174 Mr=43.627679142243274 Mrp=55.8929272811856 Mrr=122.41746587226017 Mrw=403.99946020123997 Mrx=14330.32520341588 Mw=144.89165987924835 Mwbar=13.368637957272663 Mx=5118.126072561907
majorant 28 ME=34.06129176078516 Ma=46.16751152110416 Mb=48.007156613890594 McenA=1.1945814329097444e-18 McenR=9.204140471596214e-20 Md=45.6233778554283 Mf=34051.64113689929 Mg=48.11133824767825 Mh=111.92198790895678 Mi=6152.870571927033 Mmean=4192.983346140364 Mp=20.05993410670119 Mphi=4912.042663276969 Mput=4193.112428385818 Mq=477.4602330518695 Mr=43.66105199304173 Mrp=56.37080558285521 Mrr=122.00100296611642 Mrw=401.033349134603 Mrx=14329.208601605062 Mw=143.3499644315632 Mwbar=13.355131114096297 Mx=5117.701728448645
majorant 29 ME=33.779787042387234 Ma=45.750733539680816 Mb=48.53663129691858 McenA=1.1945814329097444e-18 McenR=9.204140471596214e-20 Md=44.72804240487082 Mf=34050.72663555079 Mg=48.10867829240246 Mh=112.85373804624732 Mi=6155.747541515933 Mmean=4192.8944894332535 Mp=20.067095556016643 Mphi=4911.868490719562 Mput=4193.555778344373 Mq=477.42815625375243 Mr=43.7074593042185 Mrp=56.01759072745008 Mrr=122.57554219105202 Mrw=399.44552742712 Mrx=14328.228131508935 Mw=143.13726862539949 Mwbar=13.237078176215618 Mx=5117.348161290362
majorant 30 ME=33.73639463476409 Ma=46.19937312777714 Mb=48.1103453506137 McenA=1.1945814329097444e-18 McenR=9.204140471596214e-20 Md=45.50057547054692 Mf=34048.70853617548 Mg=48.08649281922719 Mh=112.23679060942501 Mi=6159.049932930183 Mmean=4192.89723857693 Mp=20.02960140608102 Mphi=4911.595668749269 Mput=4193.139884219449 Mq=477.39755939535684 Mr=43.76396381598369 Mrp=56.280717566924 Mrr=122.32283775571925 Mrw=397.0825732801608 Mrx=14327.279398813598 Mw=141.92519510934045 Mwbar=13.223032367988013 Mx=5117.003897051944
majorant 31 ME=33.484573866245015 Ma=45.86072306338284 Mb=48.54755358417334 McenA=1.1945814329097444e-18 McenR=9.204140471596214e-20 Md=44.73103893378151 Mf=34047.73106487953 Mg=48.0804452783853 Mh=113.02242920622737 Mi=6162.375706868057 Mmean=4192.824350423444 Mp=19.977230936501076 Mphi=4911.426783579017 Mput=4193.442385681607 Mq=477.367610945945 Mr=43.82156527028009 Mrp=55.81334802649205 Mrr=122.84947254563146 Mrw=395.6912293459536 Mrx=14326.36706967876 Mw=141.72333891005522 Mwbar=13.123654691024784 Mx=5116.675125601661
majorant 32 ME=33.43042900336913 Ma=46.239059968560944 Mb=48.218516795182154 McenA=1.1945814329097444e-18 McenR=9.204140471596214e-20 Md=45.318625150738086 Mf=34045.90567826133 Mg=48.0430658315314 Mh=112.55601399347252 Mi=6165.710125283151 Mmean=4192.824779887758 Mp=19.947418178511736 Mphi=4911.183348777387 Mput=4193.069663970452 Mq=477.33778827904035 Mr=43.86609337752415 Mrp=56.00073416272011 Mrr=122.65687464628006 Mrw=393.67392083470696 Mrx=14325.469266503478 Mw=140.70094921625554 Mwbar=13.10779550170737 Mx=5116.353817103472
majorant 33 ME=33.18900809714148 Ma=45.97033393885963 Mb=48.56145464450928 McenA=1.1945814329097444e-18 McenR=9.204140471596214e-20 Md=44.68265544809742 Mf=34044.89472162675 Mg=48.02148877767627 Mh=113.15972086560389 Mi=6168.950828540725 Mmean=4192.760975988092 Mp=19.944527946090453 Mphi=4911.017768224427 Mput=4193.311048627997 Mq=477.3078781784779 Mr=43.90062279207317 Mrp=55.72253386077572 Mrr=123.04974161183507 Mrw=392.3428031969535 Mrx=14324.57330664808 Mw=140.4910890426456 Mwbar=13.014683358729375 Mx=5116.034119988876
majorant 34 ME=33.118189691839646 Ma=46.274445327706175 Mb=48.26293556335992 McenA=1.1945814329097444e-18 McenR=9.204140471596214e-20 Md=45.24602615295832 Mf=34043.15358780059 Mg=47.99919932005604 Mh=112.7830342833678 Mi=6172.00522736036 Mmean=4192.755966942193 Mp=19.96260317096984 Mphi=4910.782708127175 Mput=4193.012990047335 Mq=477.2786317738957 Mr=43.920553161954125 Mrp=55.99696211058824 Mrr=122.84859745723801 Mrw=390.3288551451524 Mrx=14323.682669803284 Mw=139.5329395356609 Mwbar=12.991434714053081 Mx=5115.713594470398
majorant 35 ME=32.93330419622514 Ma=46.05932173727888 Mb=48.523883638929455 McenA=1.1945814329097444e-18 McenR=9.204140471596214e-20 Md=44.82307680405816 Mf=34042.09024187312 Mg=48.000780876593616 Mh=113.29542830481458 Mi=6174.36531100885 Mmean=4192.698546746282 Mp=19.9851709176473 Mphi=4910.610706948118 Mput=4193.212010397944 Mq=477.24977544834456 Mr=43.93905055749543 Mrp=55.85131179920965 Mrr=123.13224897866431 Mrw=389.0586473819266 Mrx=14322.808607266112 Mw=139.24793103009725 Mwbar=12.9170668257313 Mx=5115.399792638818
majorant 36 ME=32.89087679566318 Ma=46.32361167226607 Mb=48.2971625228539 McenA=1.1945814329097444e-18 McenR=9.204140471596214e-20 Md=45.33582663478292 Mf=34040.43941484449 Mg=47.997571131036466 Mh=112.99088974726953 Mi=6176.375506124383 Mmean=4192.686583098671 Mp=20.018415458924633 Mphi=4910.384118821501 Mput=4192.9838245803585 Mq=477.2208157252522 Mr=43.96329010266079 Mrp=56.12401659565605 Mrr=122.98751464614944 Mrw=387.49568569967954 Mrx=14321.941483599501 Mw=138.47750971590594 Mwbar=12.90257321263804 Mx=5115.090311137189
majorant 37 ME=32.75056766851503 Ma=46.17416406965861 Mb=48.52109729032028 McenA=1.1945814329097444e-18 McenR=9.204140471596214e-20 Md=45.000251409085166 Mf=34039.2851795364 Mg=48.01327278637314 Mh=113.44885773899348 Mi=6178.537450328158 Mmean=4192.6315371735645 Mp=20.045607810945384 Mphi=4910.202790410693 Mput=4193.154662801212 Mq=477.19157342588517 Mr=43.995504658539815 Mrp=56.04487996031074 Mrr=123.2607701916849 Mrw=386.61663210937917 Mrx=14321.069525095447 Mw=138.2922619317827 Mwbar=12.849496307078516 Mx=5114.779992793981
majorant 38 ME=32.73183896446011 Ma=46.400464923943105 Mb=48.354654174024205 McenA=1.1945814329097444e-18 McenR=9.204140471596214e-20 Md=45.31790098339592 Mf=34037.63158915623 Mg=48.02099922156007 Mh=113.2686766367228 Mi=6180.706999279342 Mmean=4192.6157762438215 Mp=20.049159192326535 Mphi=4909.974499445109 Mput=4192.957241536772 Mq=477.1625150254878 Mr=44.016159407127645 Mrp=56.21309488165604 Mrr=123.16313377068116 Mrw=385.5593306366305 Mrx=14320.194268712394 Mw=137.74287960188593 Mwbar=12.844622371513509 Mx=5114.466724447618
majorant 39 ME=32.62264165770339 Ma=46.28613618564222 Mb=48.52493255651057 McenA=1.1945814329097444e-18 McenR=9.204140471596214e-20 Md=44.93215130466767 Mf=34036.42918349721 Mg=48.03332255346651 Mh=113.57822118359176 Mi=6182.77253057473 Mmean=4192.566874083384 Mp=20.041255021098088 Mphi=4909.788905770664 Mput=4193.075943695546 Mq=477.1336912190868 Mr=44.031464384164146 Mrp=56.06048486259428 Mrr=123.35048906882773 Mrw=384.9937014624292 Mrx=14319.324728641683 Mw=137.66643451902576 Mwbar=12.802488930715336 Mx=5114.155202779806
majorant 40 ME=32.59749571331649 Ma=46.47595301055412 Mb=48.38421132018939 McenA=1.1945814329097444e-18 McenR=9.204140471596214e-20 Md=45.17197026758289 Mf=34034.88123550912 Mg=48.0256242900552 Mh=113.41138911043186 Mi=6184.8070311158335 Mmean=4192.54937195205 Mp=20.025269279079204 Mphi=4909.571922730516 Mput=4192.90642775149 Mq=477.10556412256307 Mr=44.04132158743293 Mrp=56.13902559096107 Mrr=123.25378014315103 Mrw=384.0911617550048 Mrx=14318.466608035613 Mw=137.23398101820104 Mwbar=12.792030642187028 Mx=5113.846164354718
majorant 41 ME=32.494336765747704 Ma=46.39504686194025 Mb=48.50126168165668 McenA=1.1945814329097444e-18 McenR=9.204140471596214e-20 Md=44.89147084770126 Mf=34033.729590931864 Mg=48.018764971159 Mh=113.62736202652361 Mi=6186.607509464286 Mmean=4192.504707500579 Mp=19.998512348201128 Mphi=4909.393871290737 Mput=4192.994650918968 Mq=477.0780402688834 Mr=44.05524161065873 Mrp=55.9612767440623 Mrr=123.40001524009645 Mrw=383.43234350879214 Mrx=14317.627985825728 Mw=137.10617601609263 Mwbar=12.750835320526464 Mx=5113.544323627396
majorant 42 ME=32.452395688057045 Ma=46.56886949492505 Mb=48.38629810845406 McenA=1.1945814329097444e-18 McenR=9.204140471596214e-20 Md=45.06091661805279 Mf=34032.30815788106 Mg=48.00246501745962 Mh=113.4563576209905 Mi=6188.393373040148 Mmean=4192.485408533832 Mp=19.964519831754167 Mphi=4909.191880643686 Mput=4192.845123708306 Mq=477.0512629967862 Mr=44.074582223108855 Mrp=55.965072917733764 Mrr=123.3520475438327 Mrw=382.5060961939778 Mrx=14316.809112940307 Mw=136.68011795615382 Mwbar=12.736476184275844 Mx=5113.248988020808
majorant 43 ME=32.337383244794516 Ma=46.52396508289464 Mb=48.49032299328242 McenA=1.1945814329097444e-18 McenR=9.204140471596214e-20 Md=44.794595871278126 Mf=34031.218149480555 Mg=47.98493289805209 Mh=113.59559416778099 Mi=6189.8802631069975 Mmean=4192.443290564213 Mp=19.934107914695534 Mphi=4909.0225335319665 Mput=4192.909096277104 Mq=477.02484039898695 Mr=44.094812554261544 Mrp=55.78794189206031 Mrr=123.50061796038953 Mrw=381.7564251174895 Mrx=14316.008480189268 Mw=136.51322022139422 Mwbar=12.692573929424583 Mx=5112.961587874324
majorant 44 ME=32.2637296531801 Ma=46.681562630711106 Mb=48.39099516537403 McenA=1.1945814329097444e-18 McenR=9.204140471596214e-20 Md=44.958128369359216 Mf=34029.912492370866 Mg=47.96122578056544 Mh=113.41586340101927 Mi=6191.244814990804 Mmean=4192.421204300872 Mp=19.92127856018161 Mphi=4908.8324668383775 Mput=4192.7875946979175 Mq=476.99846113475 Mr=44.110312988337306 Mrp=55.81952321515974 Mrr=123.46511132077498 Mrw=380.6506547027201 Mrx=14315.215620277731 Mw=136.05833634090996 Mwbar=12.666701779258725 Mx=5112.6781918520865
majorant 45 ME=32.134847400577655 Ma=46.657194288553136 Mb=48.46105448418495 McenA=1.1945814329097444e-18 McenR=9.204140471596214e-20 Md=44.794209283008044 Mf=34028.84508529875 Mg=47.945134372958215 Mh=113.51597254000212 Mi=6192.643738679703 Mmean=4192.381535283913 Mp=19.92180134395014 Mphi=4908.663076542933 Mput=4193.070487454889 Mq=476.9743443212293 Mr=44.11846309469694 Mrp=55.74727419223142 Mrr=123.5647904133211 Mrw=379.64019632222477 Mrx=14314.446938150786 Mw=135.77211243314693 Mwbar=12.619307067669281 Mx=5112.395431502767
majorant 46 ME=32.050961944016386 Ma=46.78919053667286 Mb=48.370247133070585 McenA=1.1945814329097444e-18 McenR=9.204140471596214e-20 Md=44.961768638559526 Mf=34027.55884253734 Mg=47.92449131748691 Mh=113.40050909542033 Mi=6193.954579176742 Mmean=4192.385976875809 Mp=19.934087037954736 Mphi=4908.497926228453 Mput=4192.83511542904 Mq=476.94833358022163 Mr=44.12312534100666 Mrp=55.83651316971731 Mrr=123.5119835851708 Mrw=378.42994841030117 Mrx=14313.70181758987 Mw=135.2753429802893 Mwbar=12.590524316741162 Mx=5112.135736439584
majorant 47 ME=31.93766485283464 Ma=46.77980809214293 Mb=48.42439849372179 McenA=1.1945814329097444e-18 McenR=9.204140471596214e-20 Md=44.87804577997106 Mf=34026.44629684797 Mg=47.91027791854247 Mh=113.54575662341936 Mi=6195.093738432668 Mmean=4192.357726516561 Mp=19.956006752106457 Mphi=4908.330728079113 Mput=4193.029658466959 Mq=476.92378967228177 Mr=44.124673596291366 Mrp=55.8403001166321 Mrr=123.5784878195492 Mrw=377.42586602758615 Mrx=14312.937981847997 Mw=134.95759459319206 Mwbar=12.549392066041857 Mx=5111.8579240309855
majorant 48 ME=31.87431862814572 Ma=46.899951533196244 Mb=48.34623444092837 McenA=1.1945814329097444e-18 McenR=9.204140471596214e-20 Md=45.049774328514125 Mf=34025.16778554189 Mg=47.89723636672736 Mh=113.49371842744247 Mi=6196.0713182270765 Mmean=4192.359571663432 Mp=19.97659942406636 Mphi=4908.163348142112 Mput=4192.8458693133 Mq=476.89772840125676 Mr=44.12107487942943 Mrp=55.95045418170018 Mrr=123.51687553691866 Mrw=376.4029104708946 Mrx=14312.184584338118 Mw=134.5230950802773 Mwbar=12.527676682545087 Mx=5111.594130850634
majorant 49 ME=31.794673472654495 Ma=46.899315996542676 Mb=48.38105708978788 McenA=1.1945814329097444e-18 McenR=9.204140471596214e-20 Md=44.975719980148085 Mf=34024.046935021135 Mg=47.89554592708611 Mh=113.60736644246464 Mi=6196.9919688924565 Mmean=4192.334614420236 Mp=19.99088103344939 Mphi=4907.9955572265635 Mput=4193.0068099068385 Mq=476.87290784652254 Mr=44.1198413276637 Mrp=55.9493815626052 Mrr=123.55720566628412 Mrw=375.6494212152611 Mrx=14311.416604638353 Mw=134.28042060871883 Mwbar=12.497561113354392 Mx=5111.315585350286
majorant 50 ME=31.75565755954183 Ma=46.99646906775946 Mb=48.32316195487309 McenA=1.1945814329097444e-18 McenR=9.204140471596214e-20 Md=45.08996671602712 Mf=34022.805699860255 Mg=47.89141394280334 Mh=113.54928475774165 Mi=6197.873466008736 Mmean=4192.334140776295 Mp=19.99696223781485 Mphi=4907.829072289524 Mput=4192.853159741986 Mq=476.8469375569287 Mr=44.121420321967705 Mrp=56.01079126828944 Mrr=123.51990401677104 Mrw=374.90330399292947 Mrx=14310.658922240376 Mw=133.961805417849 Mwbar=12.481948607126064 Mx=5111.048940918073
majorant 51 ME=31.700559595403277 Ma=46.994368825054124 Mb=48.35397833246421 McenA=1.1945814329097444e-18 McenR=9.204140471596214e-20 Md=45.005207951393636 Mf=34021.699891279124 Mg=47.89212549808615 Mh=113.59833446177453 Mi=6198.917667046902 Mmean=4192.311728206141 Mp=19.99071520028925 Mphi=4907.663007125237 Mput=4192.97610570377 Mq=476.8329980665592 Mr=44.122798194964936 Mrp=55.963718533916136 Mrr=123.5616401667865 Mrw=374.32753597511174 Mrx=14310.00314988957 Mw=133.78708177145984 Mwbar=12.457289247625043 Mx=5110.771184031329
majorant 52 ME=31.673367303907867 Ma=47.06954155363829 Mb=48.30144659567161 McenA=1.1945814329097444e-18 McenR=9.204140471596214e-20 Md=45.06454003504711 Mf=34021.30123827617 Mg=47.88445304144322 Mh=113.51764353345027 Mi=6199.80751989605 Mmean=4192.309035087963 Mp=19.97915784842891 Mphi=4907.613320441213 Mput=4192.845447779845 Mq=476.8102981259157 Mr=44.12652919576724 Mrp=55.9623180130777 Mrr=123.53546142501617 Mrw=373.70926273943843 Mrx=14309.483772115364 Mw=133.52715708443333 Mwbar=12.443748699992089 Mx=5110.6153660297205
majorant 53 ME=31.62405417494949 Ma=47.0682815623007 Mb=48.329274431796044 McenA=1.1945814329097444e-18 McenR=9.204140471596214e-20 Md=44.977893782601136 Mf=34020.461636232714 Mg=47.879467868706975 Mh=113.54741418608047 Mi=6200.455209149637 Mmean=4192.289266255421 Mp=19.969476433793766 Mphi=4907.48568367246 Mput=4192.936041097338 Mq=476.7954885746204 Mr=44.13027158399622 Mrp=55.90547763476474 Mrr=123.57879429344864 Mrw=373.2107382881161 Mrx=14308.891027797154 Mw=133.3763290541111 Mwbar=12.421874350569992 Mx=5110.376447186262
majorant 54 ME=31.587582374309505 Ma=47.13167131189359 Mb=48.28849929704275 McenA=1.1945814329097444e-18 McenR=9.204140471596214e-20 Md=45.04020841401148 Mf=34020.0312304619 Mg=47.86967877325169 Mh=113.47694558490616 Mi=6200.93842621483 Mmean=4192.286017352279 Mp=19.970900407006567 Mphi=4907.429099024166 Mput=4192.819217942276 Mq=476.77350664998875 Mr=44.13363374458742 Mrp=55.92694211266888 Mrr=123.55911535867615 Mrw=372.6291218771427 Mrx=14308.366186631614 Mw=133.146311666615 Mwbar=12.406258964259399 Mx=5110.213714959033
majorant 55 ME=31.5277643519641 Ma=47.13561822209596 Mb=48.31170746471214 McenA=1.1945814329097444e-18 McenR=9.204140471596214e-20 Md=45.02292469015686 Mf=34019.23370835508 Mg=47.866961238518655 Mh=113.52080961393843 Mi=6201.400136040674 Mmean=4192.268169857132 Mp=19.97649449867297 Mphi=4907.307508369279 Mput=4192.890898526262 Mq=476.758023585892 Mr=44.13611326413186 Mrp=55.92324393789911 Mrr=123.5930480224754 Mrw=372.0700235641015 Mrx=14307.779399856752 Mw=132.97603763136073 Mwbar=12.382291089498922 Mx=5109.981762485371
majorant 56 ME=31.48014286635722 Ma=47.18623711241644 Mb=48.27720386291519 McenA=1.1945814329097444e-18 McenR=9.204140471596214e-20 Md=45.087847217653206 Mf=34018.76780524667 Mg=47.86046175557912 Mh=113.48799969065963 Mi=6201.95928151933 Mmean=4192.263031192662 Mp=19.977523304644674 Mphi=4907.243537644125 Mput=4192.803048070295 Mq=476.73694921757254 Mr=44.13859493558288 Mrp=55.94713442770011 Mrr=123.575498575709 Mrw=371.4164409579847 Mrx=14307.251759618406 Mw=132.72348517455742 Mwbar=12.364166951734399 Mx=5109.812515428046
majorant 57 ME=31.423354619822153 Ma=47.1861435805436 Mb=48.296345953613496 McenA=1.1945814329097444e-18 McenR=9.204140471596214e-20 Md=45.04738650857933 Mf=34018.011689798645 Mg=47.85545335449605 Mh=113.55008111069358 Mi=6202.610636551879 Mmean=4192.246325421944 Mp=19.976052278064827 Mphi=4907.128803103972 Mput=4192.866085167006 Mq=476.72113136331456 Mr=44.141168940884484 Mrp=55.92599970775122 Mrr=123.60466076474745 Mrw=370.82086816815615 Mrx=14306.678112907095 Mw=132.52617528897628 Mwbar=12.341434735801307 Mx=5109.589478842036
majorant 58 ME=31.383833654091774 Ma=47.22946685197669 Mb=48.268131174274934 McenA=1.1945814329097444e-18 McenR=9.204140471596214e-20 Md=45.0850949536303 Mf=34017.53315858915 Mg=47.84567495402032 Mh=113.53988589520735 Mi=6203.321377950464 Mmean=4192.240202289901 Mp=19.97686509410684 Mphi=4907.062192006487 Mput=4192.796103176134 Mq=476.70058404138047 Mr=44.143406625478015 Mrp=55.941285231582164 Mrr=123.59158835274754 Mrw=370.2121512506786 Mrx=14306.150324999551 Mw=132.28492035479732 Mwbar=12.32530821643692 Mx=5109.417272894259
majorant 59 ME=31.338449697841938 Ma=47.23652253870634 Mb=48.28124220528219 McenA=1.1945814329097444e-18 McenR=9.204140471596214e-20 Md=45.06950263146047 Mf=34016.82234693637 Mg=47.83934975604539 Mh=113.60140507734283 Mi=6204.012075570684 Mmean=4192.224624178659 Mp=19.982026714606047 Mphi=4906.954405278982 Mput=4192.848664094304 Mq=476.68417287753925 Mr=44.14479523282691 Mrp=55.94039347215678 Mrr=123.61344724947084 Mrw=369.6971202632703 Mrx=14305.580262783818 Mw=132.10879757831694 Mwbar=12.30657895598684 Mx=5109.199451677236
recordbound 0 Dabs=-1.0 Lcen=0.0 Lzeta=0.0 P=20370.665851287322 Zdot=0.0
recordbound 20 Dabs=-1.0 Lcen=0.00018003068034732014 Lzeta=0.00018003068034732014 P=6553.01883707602 Zdot=0.0
recordbound 40 Dabs=-1.0 Lcen=0.00019262054892952204 Lzeta=0.00019262054892952204 P=6002.549391489962 Zdot=0.0
recordbound 60 Dabs=-1.0 Lcen=0.0001948304175840243 Lzeta=0.0001948304175840243 P=5869.407379776811 Zdot=0.0
stop 60 iterations
tolerance canvas 4.5914358506701794e-07
tolerance record 0 2.9124058078085124e-08 -1.0 -1.0
tolerance record 20 2.955235146498715e-05 -1.0 -1.0
tolerance record 40 5.9743277841993e-05 -1.0 -1.0
tolerance record 60 8.994313054158178e-05 -1.0 -1.0
