# A conformance case of JPEG-Unround, written by conformance/generate.py: the quantized
# coefficients of a picture and the options of its reconstruction; what the Python
# implementation made of them; the exact centres; and what bounds the rounding of that
# run, from which conformance/bounds.py computes the tolerances at the end (docs/math.md, 9).
# Each line is a keyword and its values. Numbers are decimal, each double the shortest
# decimal that reads back as it; an exact centre is hi:lo, two doubles whose sum is the
# value to about 2^-106 of it.
name colour420-mmse
picture 16 24 ycbcr
component 0 2 2 2 3
table 0 24 16 15 24 36 60 76 92 18 18 21 28 39 87 90 82 21 20 24 36 60 86 104 84 21 26 33 44 76 130 120 93 27 33 56 84 102 164 154 116 36 52 82 96 122 156 170 138 74 96 117 130 154 182 180 152 108 138 142 147 168 150 154 148
levels 0 0 -2 10 -3 1 0 0 0 0 1 8 -1 1 0 0 0 0 -1 -2 0 0 0 0 0 0 -1 0 0 0 0 0 0 0 1 0 0 0 0 0 0 0 -1 0 0 0 0 0 0 0 0 0 0 0 0 0 0 0 0 0 0 0 0 0 0 0 -9 -7 1 1 0 0 0 0 -11 0 1 -1 0 0 0 0 3 -1 0 0 0 0 0 0 0 0 0 0 0 0 0 0 -1 1 0 0 0 0 0 0 0 0 0 0 0 0 0 0 0 0 0 0 0 0 0 0 0 0 0 0 0 0 0 0 8 -5 -2 -1 0 0 0 0 12 -9 -5 -1 0 0 0 0 -3 3 1 1 0 0 0 0 0 1 0 0 0 0 0 0 1 -1 0 0 0 0 0 0 0 0 0 0 0 0 0 0 0 0 0 0 0 0 0 0 0 0 0 0 0 0 0 0
levels 0 1 3 -13 1 -1 0 0 0 0 -3 0 0 0 0 0 0 0 -1 4 -2 1 0 0 0 0 -2 -1 0 0 0 0 0 0 1 1 0 0 0 0 0 0 0 -1 0 0 0 0 0 0 0 0 0 0 0 0 0 0 0 0 0 0 0 0 0 0 9 11 -2 -1 0 0 0 0 2 -4 0 1 0 0 0 0 -4 -6 0 1 0 0 0 0 1 0 0 0 0 0 0 0 -2 -1 0 0 0 0 0 0 1 1 0 0 0 0 0 0 0 0 0 0 0 0 0 0 0 0 0 0 0 0 0 0 -16 7 3 1 0 0 0 0 -1 4 2 1 0 0 0 0 5 -1 0 0 0 0 0 0 -1 1 1 0 0 0 0 0 2 -1 0 0 0 0 0 0 -1 0 0 0 0 0 0 0 0 0 0 0 0 0 0 0 0 0 0 0 0 0 0 0
component 1 1 1 1 2
table 1 26 27 36 70 148 148 148 148 27 32 39 99 148 148 148 148 36 39 84 148 148 148 148 148 70 99 148 148 148 148 148 148 148 148 148 148 148 148 148 148 148 148 148 148 148 148 148 148 148 148 148 148 148 148 148 148 148 148 148 148 148 148 148 148
levels 1 0 -1 0 0 0 0 0 0 0 -2 1 0 0 0 0 0 0 0 0 0 0 0 0 0 0 0 0 0 0 0 0 0 0 0 0 0 0 0 0 0 0 0 0 0 0 0 0 0 0 0 0 0 0 0 0 0 0 0 0 0 0 0 0 0 0 -2 0 0 0 0 0 0 0 -4 0 0 0 0 0 0 0 0 0 0 0 0 0 0 0 0 0 0 0 0 0 0 0 0 0 0 0 0 0 0 0 0 0 0 0 0 0 0 0 0 0 0 0 0 0 0 0 0 0 0 0 0 0 0 0
component 2 1 1 1 2
table 2 26 27 36 70 148 148 148 148 27 32 39 99 148 148 148 148 36 39 84 148 148 148 148 148 70 99 148 148 148 148 148 148 148 148 148 148 148 148 148 148 148 148 148 148 148 148 148 148 148 148 148 148 148 148 148 148 148 148 148 148 148 148 148 148
levels 2 0 5 0 0 0 0 0 0 0 -3 0 0 0 0 0 0 0 0 0 0 0 0 0 0 0 0 0 0 0 0 0 0 0 0 0 0 0 0 0 0 0 0 0 0 0 0 0 0 0 0 0 0 0 0 0 0 0 0 0 0 0 0 0 0 0 1 2 0 0 0 0 0 0 0 -1 0 0 0 0 0 0 0 0 0 0 0 0 0 0 0 0 0 0 0 0 0 0 0 0 0 0 0 0 0 0 0 0 0 0 0 0 0 0 0 0 0 0 0 0 0 0 0 0 0 0 0 0 0 0
options --method mmse --alpha 1.0 --alpha1 1.0 --alpha0 2.0 --channels coupled --mu 0.001 --mu-scale 1.0 --mu-power 1.0 --weight-power 2.0 --dc-weight 0.0 --centres mmse --slack 0.0 --slack-cost 0.0 --relative-tolerance 0.0 --partial-tolerance 0.0 --step-product 0.99 --record-every 10 --free-radius 255.0 --subgradient-iterations 50 --subgradient-record-every 1 --subgradient-step 0.5 --subgradient-decay 0.5
weights 0 0.0 3.90625e-06 4.444444444444444e-06 1.7361111111111112e-06 7.71604938271605e-07 2.7777777777777776e-07 1.7313019390581717e-07 1.1814744801512288e-07 3.08641975308642e-06 3.08641975308642e-06 2.2675736961451247e-06 1.2755102040816327e-06 6.574621959237344e-07 1.321178491214163e-07 1.234567901234568e-07 1.48720999405116e-07 2.2675736961451247e-06 2.5e-06 1.7361111111111112e-06 7.71604938271605e-07 2.7777777777777776e-07 1.3520822065981612e-07 9.245562130177515e-08 1.417233560090703e-07 2.2675736961451247e-06 1.4792899408284024e-06 9.182736455463728e-07 5.165289256198347e-07 1.7313019390581717e-07 5.9171597633136094e-08 6.944444444444444e-08 1.1562030292519366e-07 1.3717421124828533e-06 9.182736455463728e-07 3.1887755102040816e-07 1.417233560090703e-07 9.611687812379854e-08 3.7180249851279e-08 4.2165626581210995e-08 7.431629013079668e-08 7.71604938271605e-07 3.698224852071006e-07 1.48720999405116e-07 1.0850694444444445e-07 6.718624025799516e-08 4.10913872452334e-08 3.4602076124567476e-08 5.2509976895610165e-08 1.8261504747991236e-07 1.0850694444444445e-07 7.305135510263715e-08 5.9171597633136094e-08 4.2165626581210995e-08 3.018959062915107e-08 3.08641975308642e-08 4.328254847645429e-08 8.573388203017833e-08 5.2509976895610165e-08 4.959333465582226e-08 4.627701420704336e-08 3.543083900226757e-08 4.444444444444445e-08 4.2165626581210995e-08 4.565376186997809e-08
lower 0 0 964.0 152.0 -52.5 12.0 -18.0 -30.0 -38.0 -46.0 9.0 135.0 -31.5 14.0 -19.5 -43.5 -45.0 -41.0 -31.5 -50.0 -12.0 -18.0 -30.0 -43.0 -52.0 -42.0 -31.5 -13.0 -16.5 -22.0 -38.0 -65.0 -60.0 -46.5 13.5 -16.5 -28.0 -42.0 -51.0 -82.0 -77.0 -58.0 -54.0 -26.0 -41.0 -48.0 -61.0 -78.0 -85.0 -69.0 -37.0 -48.0 -58.5 -65.0 -77.0 -91.0 -90.0 -76.0 -54.0 -69.0 -71.0 -73.5 -84.0 -75.0 -77.0 -74.0 796.0 -120.0 7.5 12.0 -18.0 -30.0 -38.0 -46.0 -207.0 -9.0 10.5 -42.0 -19.5 -43.5 -45.0 -41.0 52.5 -30.0 -12.0 -18.0 -30.0 -43.0 -52.0 -42.0 -10.5 -13.0 -16.5 -22.0 -38.0 -65.0 -60.0 -46.5 -40.5 16.5 -28.0 -42.0 -51.0 -82.0 -77.0 -58.0 -18.0 -26.0 -41.0 -48.0 -61.0 -78.0 -85.0 -69.0 -37.0 -48.0 -58.5 -65.0 -77.0 -91.0 -90.0 -76.0 -54.0 -69.0 -71.0 -73.5 -84.0 -75.0 -77.0 -74.0 1204.0 -88.0 -37.5 -36.0 -18.0 -30.0 -38.0 -46.0 207.0 -171.0 -115.5 -42.0 -19.5 -43.5 -45.0 -41.0 -73.5 50.0 12.0 18.0 -30.0 -43.0 -52.0 -42.0 -10.5 13.0 -16.5 -22.0 -38.0 -65.0 -60.0 -46.5 13.5 -49.5 -28.0 -42.0 -51.0 -82.0 -77.0 -58.0 -18.0 -26.0 -41.0 -48.0 -61.0 -78.0 -85.0 -69.0 -37.0 -48.0 -58.5 -65.0 -77.0 -91.0 -90.0 -76.0 -54.0 -69.0 -71.0 -73.5 -84.0 -75.0 -77.0 -74.0
lower 0 1 1084.0 -216.0 7.5 -36.0 -18.0 -30.0 -38.0 -46.0 -63.0 -9.0 -10.5 -14.0 -19.5 -43.5 -45.0 -41.0 -31.5 70.0 -60.0 18.0 -30.0 -43.0 -52.0 -42.0 -52.5 -39.0 -16.5 -22.0 -38.0 -65.0 -60.0 -46.5 13.5 16.5 -28.0 -42.0 -51.0 -82.0 -77.0 -58.0 -18.0 -78.0 -41.0 -48.0 -61.0 -78.0 -85.0 -69.0 -37.0 -48.0 -58.5 -65.0 -77.0 -91.0 -90.0 -76.0 -54.0 -69.0 -71.0 -73.5 -84.0 -75.0 -77.0 -74.0 1228.0 168.0 -37.5 -36.0 -18.0 -30.0 -38.0 -46.0 27.0 -81.0 -10.5 14.0 -19.5 -43.5 -45.0 -41.0 -94.5 -130.0 -12.0 18.0 -30.0 -43.0 -52.0 -42.0 10.5 -13.0 -16.5 -22.0 -38.0 -65.0 -60.0 -46.5 -67.5 -49.5 -28.0 -42.0 -51.0 -82.0 -77.0 -58.0 18.0 26.0 -41.0 -48.0 -61.0 -78.0 -85.0 -69.0 -37.0 -48.0 -58.5 -65.0 -77.0 -91.0 -90.0 -76.0 -54.0 -69.0 -71.0 -73.5 -84.0 -75.0 -77.0 -74.0 628.0 104.0 37.5 12.0 -18.0 -30.0 -38.0 -46.0 -27.0 63.0 31.5 14.0 -19.5 -43.5 -45.0 -41.0 94.5 -30.0 -12.0 -18.0 -30.0 -43.0 -52.0 -42.0 -31.5 13.0 16.5 -22.0 -38.0 -65.0 -60.0 -46.5 40.5 -49.5 -28.0 -42.0 -51.0 -82.0 -77.0 -58.0 -54.0 -26.0 -41.0 -48.0 -61.0 -78.0 -85.0 -69.0 -37.0 -48.0 -58.5 -65.0 -77.0 -91.0 -90.0 -76.0 -54.0 -69.0 -71.0 -73.5 -84.0 -75.0 -77.0 -74.0
upper 0 0 988.0 168.0 -37.5 36.0 18.0 30.0 38.0 46.0 27.0 153.0 -10.5 42.0 19.5 43.5 45.0 41.0 -10.5 -30.0 12.0 18.0 30.0 43.0 52.0 42.0 -10.5 13.0 16.5 22.0 38.0 65.0 60.0 46.5 40.5 16.5 28.0 42.0 51.0 82.0 77.0 58.0 -18.0 26.0 41.0 48.0 61.0 78.0 85.0 69.0 37.0 48.0 58.5 65.0 77.0 91.0 90.0 76.0 54.0 69.0 71.0 73.5 84.0 75.0 77.0 74.0 820.0 -104.0 22.5 36.0 18.0 30.0 38.0 46.0 -189.0 9.0 31.5 -14.0 19.5 43.5 45.0 41.0 73.5 -10.0 12.0 18.0 30.0 43.0 52.0 42.0 10.5 13.0 16.5 22.0 38.0 65.0 60.0 46.5 -13.5 49.5 28.0 42.0 51.0 82.0 77.0 58.0 18.0 26.0 41.0 48.0 61.0 78.0 85.0 69.0 37.0 48.0 58.5 65.0 77.0 91.0 90.0 76.0 54.0 69.0 71.0 73.5 84.0 75.0 77.0 74.0 1228.0 -72.0 -22.5 -12.0 18.0 30.0 38.0 46.0 225.0 -153.0 -94.5 -14.0 19.5 43.5 45.0 41.0 -52.5 70.0 36.0 54.0 30.0 43.0 52.0 42.0 10.5 39.0 16.5 22.0 38.0 65.0 60.0 46.5 40.5 -16.5 28.0 42.0 51.0 82.0 77.0 58.0 18.0 26.0 41.0 48.0 61.0 78.0 85.0 69.0 37.0 48.0 58.5 65.0 77.0 91.0 90.0 76.0 54.0 69.0 71.0 73.5 84.0 75.0 77.0 74.0
upper 0 1 1108.0 -200.0 22.5 -12.0 18.0 30.0 38.0 46.0 -45.0 9.0 10.5 14.0 19.5 43.5 45.0 41.0 -10.5 90.0 -36.0 54.0 30.0 43.0 52.0 42.0 -31.5 -13.0 16.5 22.0 38.0 65.0 60.0 46.5 40.5 49.5 28.0 42.0 51.0 82.0 77.0 58.0 18.0 -26.0 41.0 48.0 61.0 78.0 85.0 69.0 37.0 48.0 58.5 65.0 77.0 91.0 90.0 76.0 54.0 69.0 71.0 73.5 84.0 75.0 77.0 74.0 1252.0 184.0 -22.5 -12.0 18.0 30.0 38.0 46.0 45.0 -63.0 10.5 42.0 19.5 43.5 45.0 41.0 -73.5 -110.0 12.0 54.0 30.0 43.0 52.0 42.0 31.5 13.0 16.5 22.0 38.0 65.0 60.0 46.5 -40.5 -16.5 28.0 42.0 51.0 82.0 77.0 58.0 54.0 78.0 41.0 48.0 61.0 78.0 85.0 69.0 37.0 48.0 58.5 65.0 77.0 91.0 90.0 76.0 54.0 69.0 71.0 73.5 84.0 75.0 77.0 74.0 652.0 120.0 52.5 36.0 18.0 30.0 38.0 46.0 -9.0 81.0 52.5 42.0 19.5 43.5 45.0 41.0 115.5 -10.0 12.0 18.0 30.0 43.0 52.0 42.0 -10.5 39.0 49.5 22.0 38.0 65.0 60.0 46.5 67.5 -16.5 28.0 42.0 51.0 82.0 77.0 58.0 -18.0 26.0 41.0 48.0 61.0 78.0 85.0 69.0 37.0 48.0 58.5 65.0 77.0 91.0 90.0 76.0 54.0 69.0 71.0 73.5 84.0 75.0 77.0 74.0
centres 0 0 976.0 159.84892742136083 -44.36422783456827 21.845741439044097 -0.0 -0.0 -0.0 -0.0 17.699195782151513 143.6461587453461 -19.87376957935988 25.102829914080537 -0.0 -0.0 -0.0 -0.0 -20.37713829319971 -39.40679837447591 -0.0 -0.0 -0.0 -0.0 -0.0 -0.0 -18.97386826144719 -0.0 -0.0 -0.0 -0.0 -0.0 -0.0 -0.0 25.24408390014382 -0.0 -0.0 -0.0 -0.0 -0.0 -0.0 -0.0 -30.663431351647322 -0.0 -0.0 -0.0 -0.0 -0.0 -0.0 -0.0 -0.0 -0.0 -0.0 -0.0 -0.0 -0.0 -0.0 -0.0 -0.0 -0.0 -0.0 -0.0 -0.0 -0.0 -0.0 -0.0 808.0 -111.84892742136084 14.364227834568265 21.845741439044097 -0.0 -0.0 -0.0 -0.0 -197.69919578215152 -0.0 19.87376957935988 -25.102829914080537 -0.0 -0.0 -0.0 -0.0 62.377138293199714 -19.406798374475915 -0.0 -0.0 -0.0 -0.0 -0.0 -0.0 -0.0 -0.0 -0.0 -0.0 -0.0 -0.0 -0.0 -0.0 -25.24408390014382 29.58547811302349 -0.0 -0.0 -0.0 -0.0 -0.0 -0.0 -0.0 -0.0 -0.0 -0.0 -0.0 -0.0 -0.0 -0.0 -0.0 -0.0 -0.0 -0.0 -0.0 -0.0 -0.0 -0.0 -0.0 -0.0 -0.0 -0.0 -0.0 -0.0 -0.0 -0.0 1216.0 -79.84892742136084 -29.364227834568265 -21.845741439044097 -0.0 -0.0 -0.0 -0.0 215.69919578215152 -161.6461587453461 -103.87376957935987 -25.102829914080537 -0.0 -0.0 -0.0 -0.0 -62.377138293199714 59.40679837447591 20.80870720761928 30.663431351647322 -0.0 -0.0 -0.0 -0.0 -0.0 22.145811531745288 -0.0 -0.0 -0.0 -0.0 -0.0 -0.0 25.24408390014382 -29.58547811302349 -0.0 -0.0 -0.0 -0.0 -0.0 -0.0 -0.0 -0.0 -0.0 -0.0 -0.0 -0.0 -0.0 -0.0 -0.0 -0.0 -0.0 -0.0 -0.0 -0.0 -0.0 -0.0 -0.0 -0.0 -0.0 -0.0 -0.0 -0.0 -0.0 -0.0
centres 0 1 1096.0 -207.84892742136083 14.364227834568265 -21.845741439044097 -0.0 -0.0 -0.0 -0.0 -53.699195782151506 -0.0 -0.0 -0.0 -0.0 -0.0 -0.0 -0.0 -20.37713829319971 79.40679837447591 -44.80870720761928 30.663431351647322 -0.0 -0.0 -0.0 -0.0 -39.973868261447194 -22.145811531745288 -0.0 -0.0 -0.0 -0.0 -0.0 -0.0 25.24408390014382 29.58547811302349 -0.0 -0.0 -0.0 -0.0 -0.0 -0.0 -0.0 -42.22668799783916 -0.0 -0.0 -0.0 -0.0 -0.0 -0.0 -0.0 -0.0 -0.0 -0.0 -0.0 -0.0 -0.0 -0.0 -0.0 -0.0 -0.0 -0.0 -0.0 -0.0 -0.0 -0.0 1240.0 175.84892742136083 -29.364227834568265 -21.845741439044097 -0.0 -0.0 -0.0 -0.0 35.69919578215151 -71.64615874534609 -0.0 25.102829914080537 -0.0 -0.0 -0.0 -0.0 -83.3771382931997 -119.40679837447591 -0.0 30.663431351647322 -0.0 -0.0 -0.0 -0.0 18.97386826144719 -0.0 -0.0 -0.0 -0.0 -0.0 -0.0 -0.0 -52.24408390014383 -29.58547811302349 -0.0 -0.0 -0.0 -0.0 -0.0 -0.0 30.663431351647322 42.22668799783916 -0.0 -0.0 -0.0 -0.0 -0.0 -0.0 -0.0 -0.0 -0.0 -0.0 -0.0 -0.0 -0.0 -0.0 -0.0 -0.0 -0.0 -0.0 -0.0 -0.0 -0.0 -0.0 640.0 111.84892742136084 44.36422783456827 21.845741439044097 -0.0 -0.0 -0.0 -0.0 -17.699195782151513 71.64615874534609 40.87376957935988 25.102829914080537 -0.0 -0.0 -0.0 -0.0 104.3771382931997 -19.406798374475915 -0.0 -0.0 -0.0 -0.0 -0.0 -0.0 -18.97386826144719 22.145811531745288 24.62424226968743 -0.0 -0.0 -0.0 -0.0 -0.0 52.24408390014383 -29.58547811302349 -0.0 -0.0 -0.0 -0.0 -0.0 -0.0 -30.663431351647322 -0.0 -0.0 -0.0 -0.0 -0.0 -0.0 -0.0 -0.0 -0.0 -0.0 -0.0 -0.0 -0.0 -0.0 -0.0 -0.0 -0.0 -0.0 -0.0 -0.0 -0.0 -0.0 -0.0
exact-centres 0 0 976.0:0.0 159.84892742136083:8.620911554588473e-15 -44.36422783456827:3.0468229088741657e-15 21.845741439044097:7.058752305838949e-17 0.0:0.0 0.0:0.0 0.0:0.0 0.0:0.0 17.699195782151513:-9.220549903867534e-16 143.6461587453461:-6.087939510910281e-15 -19.87376957935988:1.22907334146614e-15 25.102829914080537:-5.529424547973983e-16 0.0:0.0 0.0:0.0 0.0:0.0 0.0:0.0 -20.37713829319971:1.086089323860888e-16 -39.40679837447591:-2.6033923910993446e-15 0.0:0.0 0.0:0.0 0.0:0.0 0.0:0.0 0.0:0.0 0.0:0.0 -18.97386826144719:-7.629284459065187e-16 0.0:0.0 0.0:0.0 0.0:0.0 0.0:0.0 0.0:0.0 0.0:0.0 0.0:0.0 25.24408390014382:1.66230303812417e-15 0.0:0.0 0.0:0.0 0.0:0.0 0.0:0.0 0.0:0.0 0.0:0.0 0.0:0.0 -30.66343135164732:-5.029583851038997e-17 0.0:0.0 0.0:0.0 0.0:0.0 0.0:0.0 0.0:0.0 0.0:0.0 0.0:0.0 0.0:0.0 0.0:0.0 0.0:0.0 0.0:0.0 0.0:0.0 0.0:0.0 0.0:0.0 0.0:0.0 0.0:0.0 0.0:0.0 0.0:0.0 0.0:0.0 0.0:0.0 0.0:0.0 0.0:0.0 0.0:0.0 808.0:0.0 -111.84892742136084:5.5899431606135315e-15 14.364227834568265:5.058907699263354e-16 21.845741439044097:7.058752305838949e-17 0.0:0.0 0.0:0.0 0.0:0.0 0.0:0.0 -197.69919578215152:8.027482347987755e-15 0.0:0.0 19.87376957935988:-1.22907334146614e-15 -25.102829914080537:5.529424547973983e-16 0.0:0.0 0.0:0.0 0.0:0.0 0.0:0.0 62.37713829319971:3.4441047464144122e-15 -19.406798374475915:9.493212877011562e-16 0.0:0.0 0.0:0.0 0.0:0.0 0.0:0.0 0.0:0.0 0.0:0.0 0.0:0.0 0.0:0.0 0.0:0.0 0.0:0.0 0.0:0.0 0.0:0.0 0.0:0.0 0.0:0.0 -25.24408390014382:-1.66230303812417e-15 29.58547811302349:-1.4129779671827554e-15 0.0:0.0 0.0:0.0 0.0:0.0 0.0:0.0 0.0:0.0 0.0:0.0 0.0:0.0 0.0:0.0 0.0:0.0 0.0:0.0 0.0:0.0 0.0:0.0 0.0:0.0 0.0:0.0 0.0:0.0 0.0:0.0 0.0:0.0 0.0:0.0 0.0:0.0 0.0:0.0 0.0:0.0 0.0:0.0 0.0:0.0 0.0:0.0 0.0:0.0 0.0:0.0 0.0:0.0 0.0:0.0 0.0:0.0 0.0:0.0 1216.0:0.0 -79.84892742136084:5.5899431606135315e-15 -29.364227834568265:-5.058907699263354e-16 -21.845741439044097:-7.058752305838949e-17 0.0:0.0 0.0:0.0 0.0:0.0 0.0:0.0 215.69919578215152:-8.027482347987755e-15 -161.6461587453461:6.087939510910281e-15 -103.87376957935987:-5.876354016134862e-15 -25.102829914080537:5.529424547973983e-16 0.0:0.0 0.0:0.0 0.0:0.0 0.0:0.0 -62.37713829319971:-3.4441047464144122e-15 59.40679837447591:2.6033923910993446e-15 20.80870720761928:-1.2538604367698735e-15 30.66343135164732:5.029583851038997e-17 0.0:0.0 0.0:0.0 0.0:0.0 0.0:0.0 0.0:0.0 22.145811531745284:1.2205626651910041e-15 0.0:0.0 0.0:0.0 0.0:0.0 0.0:0.0 0.0:0.0 0.0:0.0 25.24408390014382:1.66230303812417e-15 -29.58547811302349:1.4129779671827554e-15 0.0:0.0 0.0:0.0 0.0:0.0 0.0:0.0 0.0:0.0 0.0:0.0 0.0:0.0 0.0:0.0 0.0:0.0 0.0:0.0 0.0:0.0 0.0:0.0 0.0:0.0 0.0:0.0 0.0:0.0 0.0:0.0 0.0:0.0 0.0:0.0 0.0:0.0 0.0:0.0 0.0:0.0 0.0:0.0 0.0:0.0 0.0:0.0 0.0:0.0 0.0:0.0 0.0:0.0 0.0:0.0 0.0:0.0 0.0:0.0
exact-centres 0 1 1096.0:0.0 -207.84892742136083:-8.620911554588473e-15 14.364227834568265:5.058907699263354e-16 -21.845741439044097:-7.058752305838949e-17 0.0:0.0 0.0:0.0 0.0:0.0 0.0:0.0 -53.69919578215151:9.220549903867534e-16 0.0:0.0 0.0:0.0 0.0:0.0 0.0:0.0 0.0:0.0 0.0:0.0 0.0:0.0 -20.37713829319971:1.086089323860888e-16 79.40679837447591:2.6033923910993446e-15 -44.80870720761928:1.2538604367698735e-15 30.66343135164732:5.029583851038997e-17 0.0:0.0 0.0:0.0 0.0:0.0 0.0:0.0 -39.973868261447194:2.7897852328939824e-15 -22.145811531745284:-1.2205626651910041e-15 0.0:0.0 0.0:0.0 0.0:0.0 0.0:0.0 0.0:0.0 0.0:0.0 25.24408390014382:1.66230303812417e-15 29.58547811302349:-1.4129779671827554e-15 0.0:0.0 0.0:0.0 0.0:0.0 0.0:0.0 0.0:0.0 0.0:0.0 0.0:0.0 -42.22668799783916:1.3178590301308804e-16 0.0:0.0 0.0:0.0 0.0:0.0 0.0:0.0 0.0:0.0 0.0:0.0 0.0:0.0 0.0:0.0 0.0:0.0 0.0:0.0 0.0:0.0 0.0:0.0 0.0:0.0 0.0:0.0 0.0:0.0 0.0:0.0 0.0:0.0 0.0:0.0 0.0:0.0 0.0:0.0 0.0:0.0 0.0:0.0 1240.0:0.0 175.84892742136083:8.620911554588473e-15 -29.364227834568265:-5.058907699263354e-16 -21.845741439044097:-7.058752305838949e-17 0.0:0.0 0.0:0.0 0.0:0.0 0.0:0.0 35.69919578215151:-9.220549903867534e-16 -71.6461587453461:6.087939510910281e-15 0.0:0.0 25.102829914080537:-5.529424547973983e-16 0.0:0.0 0.0:0.0 0.0:0.0 0.0:0.0 -83.3771382931997:-3.4441047464144122e-15 -119.40679837447591:-2.6033923910993446e-15 0.0:0.0 30.66343135164732:5.029583851038997e-17 0.0:0.0 0.0:0.0 0.0:0.0 0.0:0.0 18.97386826144719:7.629284459065187e-16 0.0:0.0 0.0:0.0 0.0:0.0 0.0:0.0 0.0:0.0 0.0:0.0 0.0:0.0 -52.24408390014382:-1.66230303812417e-15 -29.58547811302349:1.4129779671827554e-15 0.0:0.0 0.0:0.0 0.0:0.0 0.0:0.0 0.0:0.0 0.0:0.0 30.66343135164732:5.029583851038997e-17 42.22668799783916:-1.3178590301308804e-16 0.0:0.0 0.0:0.0 0.0:0.0 0.0:0.0 0.0:0.0 0.0:0.0 0.0:0.0 0.0:0.0 0.0:0.0 0.0:0.0 0.0:0.0 0.0:0.0 0.0:0.0 0.0:0.0 0.0:0.0 0.0:0.0 0.0:0.0 0.0:0.0 0.0:0.0 0.0:0.0 0.0:0.0 0.0:0.0 640.0:0.0 111.84892742136084:-5.5899431606135315e-15 44.36422783456827:-3.0468229088741657e-15 21.845741439044097:7.058752305838949e-17 0.0:0.0 0.0:0.0 0.0:0.0 0.0:0.0 -17.699195782151513:9.220549903867534e-16 71.6461587453461:-6.087939510910281e-15 40.87376957935988:-1.22907334146614e-15 25.102829914080537:-5.529424547973983e-16 0.0:0.0 0.0:0.0 0.0:0.0 0.0:0.0 104.3771382931997:3.4441047464144122e-15 -19.406798374475915:9.493212877011562e-16 0.0:0.0 0.0:0.0 0.0:0.0 0.0:0.0 0.0:0.0 0.0:0.0 -18.97386826144719:-7.629284459065187e-16 22.145811531745284:1.2205626651910041e-15 24.624242269687432:-1.6150037500063339e-15 0.0:0.0 0.0:0.0 0.0:0.0 0.0:0.0 0.0:0.0 52.24408390014382:1.66230303812417e-15 -29.58547811302349:1.4129779671827554e-15 0.0:0.0 0.0:0.0 0.0:0.0 0.0:0.0 0.0:0.0 0.0:0.0 -30.66343135164732:-5.029583851038997e-17 0.0:0.0 0.0:0.0 0.0:0.0 0.0:0.0 0.0:0.0 0.0:0.0 0.0:0.0 0.0:0.0 0.0:0.0 0.0:0.0 0.0:0.0 0.0:0.0 0.0:0.0 0.0:0.0 0.0:0.0 0.0:0.0 0.0:0.0 0.0:0.0 0.0:0.0 0.0:0.0 0.0:0.0 0.0:0.0 0.0:0.0
weights 1 0.0 1.3717421124828533e-06 7.71604938271605e-07 2.0408163265306124e-07 4.565376186997809e-08 4.565376186997809e-08 4.565376186997809e-08 4.565376186997809e-08 1.3717421124828533e-06 9.765625e-07 6.574621959237344e-07 1.0203040506070809e-07 4.565376186997809e-08 4.565376186997809e-08 4.565376186997809e-08 4.565376186997809e-08 7.71604938271605e-07 6.574621959237344e-07 1.417233560090703e-07 4.565376186997809e-08 4.565376186997809e-08 4.565376186997809e-08 4.565376186997809e-08 4.565376186997809e-08 2.0408163265306124e-07 1.0203040506070809e-07 4.565376186997809e-08 4.565376186997809e-08 4.565376186997809e-08 4.565376186997809e-08 4.565376186997809e-08 4.565376186997809e-08 4.565376186997809e-08 4.565376186997809e-08 4.565376186997809e-08 4.565376186997809e-08 4.565376186997809e-08 4.565376186997809e-08 4.565376186997809e-08 4.565376186997809e-08 4.565376186997809e-08 4.565376186997809e-08 4.565376186997809e-08 4.565376186997809e-08 4.565376186997809e-08 4.565376186997809e-08 4.565376186997809e-08 4.565376186997809e-08 4.565376186997809e-08 4.565376186997809e-08 4.565376186997809e-08 4.565376186997809e-08 4.565376186997809e-08 4.565376186997809e-08 4.565376186997809e-08 4.565376186997809e-08 4.565376186997809e-08 4.565376186997809e-08 4.565376186997809e-08 4.565376186997809e-08 4.565376186997809e-08 4.565376186997809e-08 4.565376186997809e-08 4.565376186997809e-08
lower 1 0 985.0 -13.5 -18.0 -35.0 -74.0 -74.0 -74.0 -74.0 -67.5 16.0 -19.5 -49.5 -74.0 -74.0 -74.0 -74.0 -18.0 -19.5 -42.0 -74.0 -74.0 -74.0 -74.0 -74.0 -35.0 -49.5 -74.0 -74.0 -74.0 -74.0 -74.0 -74.0 -74.0 -74.0 -74.0 -74.0 -74.0 -74.0 -74.0 -74.0 -74.0 -74.0 -74.0 -74.0 -74.0 -74.0 -74.0 -74.0 -74.0 -74.0 -74.0 -74.0 -74.0 -74.0 -74.0 -74.0 -74.0 -74.0 -74.0 -74.0 -74.0 -74.0 -74.0 -74.0 959.0 -13.5 -18.0 -35.0 -74.0 -74.0 -74.0 -74.0 -121.5 -16.0 -19.5 -49.5 -74.0 -74.0 -74.0 -74.0 -18.0 -19.5 -42.0 -74.0 -74.0 -74.0 -74.0 -74.0 -35.0 -49.5 -74.0 -74.0 -74.0 -74.0 -74.0 -74.0 -74.0 -74.0 -74.0 -74.0 -74.0 -74.0 -74.0 -74.0 -74.0 -74.0 -74.0 -74.0 -74.0 -74.0 -74.0 -74.0 -74.0 -74.0 -74.0 -74.0 -74.0 -74.0 -74.0 -74.0 -74.0 -74.0 -74.0 -74.0 -74.0 -74.0 -74.0 -74.0
upper 1 0 1011.0 13.5 18.0 35.0 74.0 74.0 74.0 74.0 -40.5 48.0 19.5 49.5 74.0 74.0 74.0 74.0 18.0 19.5 42.0 74.0 74.0 74.0 74.0 74.0 35.0 49.5 74.0 74.0 74.0 74.0 74.0 74.0 74.0 74.0 74.0 74.0 74.0 74.0 74.0 74.0 74.0 74.0 74.0 74.0 74.0 74.0 74.0 74.0 74.0 74.0 74.0 74.0 74.0 74.0 74.0 74.0 74.0 74.0 74.0 74.0 74.0 74.0 74.0 74.0 985.0 13.5 18.0 35.0 74.0 74.0 74.0 74.0 -94.5 16.0 19.5 49.5 74.0 74.0 74.0 74.0 18.0 19.5 42.0 74.0 74.0 74.0 74.0 74.0 35.0 49.5 74.0 74.0 74.0 74.0 74.0 74.0 74.0 74.0 74.0 74.0 74.0 74.0 74.0 74.0 74.0 74.0 74.0 74.0 74.0 74.0 74.0 74.0 74.0 74.0 74.0 74.0 74.0 74.0 74.0 74.0 74.0 74.0 74.0 74.0 74.0 74.0 74.0 74.0
centres 1 0 998.0 -0.0 -0.0 -0.0 -0.0 -0.0 -0.0 -0.0 -53.24436212368846 27.256383423686508 -0.0 -0.0 -0.0 -0.0 -0.0 -0.0 -0.0 -0.0 -0.0 -0.0 -0.0 -0.0 -0.0 -0.0 -0.0 -0.0 -0.0 -0.0 -0.0 -0.0 -0.0 -0.0 -0.0 -0.0 -0.0 -0.0 -0.0 -0.0 -0.0 -0.0 -0.0 -0.0 -0.0 -0.0 -0.0 -0.0 -0.0 -0.0 -0.0 -0.0 -0.0 -0.0 -0.0 -0.0 -0.0 -0.0 -0.0 -0.0 -0.0 -0.0 -0.0 -0.0 -0.0 -0.0 972.0 -0.0 -0.0 -0.0 -0.0 -0.0 -0.0 -0.0 -107.24436212368846 -0.0 -0.0 -0.0 -0.0 -0.0 -0.0 -0.0 -0.0 -0.0 -0.0 -0.0 -0.0 -0.0 -0.0 -0.0 -0.0 -0.0 -0.0 -0.0 -0.0 -0.0 -0.0 -0.0 -0.0 -0.0 -0.0 -0.0 -0.0 -0.0 -0.0 -0.0 -0.0 -0.0 -0.0 -0.0 -0.0 -0.0 -0.0 -0.0 -0.0 -0.0 -0.0 -0.0 -0.0 -0.0 -0.0 -0.0 -0.0 -0.0 -0.0 -0.0 -0.0 -0.0 -0.0 -0.0
exact-centres 1 0 998.0:0.0 0.0:0.0 0.0:0.0 0.0:0.0 0.0:0.0 0.0:0.0 0.0:0.0 0.0:0.0 -53.24436212368846:1.1603104211195398e-15 27.256383423686504:1.2289453049427358e-15 0.0:0.0 0.0:0.0 0.0:0.0 0.0:0.0 0.0:0.0 0.0:0.0 0.0:0.0 0.0:0.0 0.0:0.0 0.0:0.0 0.0:0.0 0.0:0.0 0.0:0.0 0.0:0.0 0.0:0.0 0.0:0.0 0.0:0.0 0.0:0.0 0.0:0.0 0.0:0.0 0.0:0.0 0.0:0.0 0.0:0.0 0.0:0.0 0.0:0.0 0.0:0.0 0.0:0.0 0.0:0.0 0.0:0.0 0.0:0.0 0.0:0.0 0.0:0.0 0.0:0.0 0.0:0.0 0.0:0.0 0.0:0.0 0.0:0.0 0.0:0.0 0.0:0.0 0.0:0.0 0.0:0.0 0.0:0.0 0.0:0.0 0.0:0.0 0.0:0.0 0.0:0.0 0.0:0.0 0.0:0.0 0.0:0.0 0.0:0.0 0.0:0.0 0.0:0.0 0.0:0.0 0.0:0.0 972.0:0.0 0.0:0.0 0.0:0.0 0.0:0.0 0.0:0.0 0.0:0.0 0.0:0.0 0.0:0.0 -107.24436212368846:1.1603104211195398e-15 0.0:0.0 0.0:0.0 0.0:0.0 0.0:0.0 0.0:0.0 0.0:0.0 0.0:0.0 0.0:0.0 0.0:0.0 0.0:0.0 0.0:0.0 0.0:0.0 0.0:0.0 0.0:0.0 0.0:0.0 0.0:0.0 0.0:0.0 0.0:0.0 0.0:0.0 0.0:0.0 0.0:0.0 0.0:0.0 0.0:0.0 0.0:0.0 0.0:0.0 0.0:0.0 0.0:0.0 0.0:0.0 0.0:0.0 0.0:0.0 0.0:0.0 0.0:0.0 0.0:0.0 0.0:0.0 0.0:0.0 0.0:0.0 0.0:0.0 0.0:0.0 0.0:0.0 0.0:0.0 0.0:0.0 0.0:0.0 0.0:0.0 0.0:0.0 0.0:0.0 0.0:0.0 0.0:0.0 0.0:0.0 0.0:0.0 0.0:0.0 0.0:0.0 0.0:0.0 0.0:0.0 0.0:0.0 0.0:0.0
weights 2 0.0 1.3717421124828533e-06 7.71604938271605e-07 2.0408163265306124e-07 4.565376186997809e-08 4.565376186997809e-08 4.565376186997809e-08 4.565376186997809e-08 1.3717421124828533e-06 9.765625e-07 6.574621959237344e-07 1.0203040506070809e-07 4.565376186997809e-08 4.565376186997809e-08 4.565376186997809e-08 4.565376186997809e-08 7.71604938271605e-07 6.574621959237344e-07 1.417233560090703e-07 4.565376186997809e-08 4.565376186997809e-08 4.565376186997809e-08 4.565376186997809e-08 4.565376186997809e-08 2.0408163265306124e-07 1.0203040506070809e-07 4.565376186997809e-08 4.565376186997809e-08 4.565376186997809e-08 4.565376186997809e-08 4.565376186997809e-08 4.565376186997809e-08 4.565376186997809e-08 4.565376186997809e-08 4.565376186997809e-08 4.565376186997809e-08 4.565376186997809e-08 4.565376186997809e-08 4.565376186997809e-08 4.565376186997809e-08 4.565376186997809e-08 4.565376186997809e-08 4.565376186997809e-08 4.565376186997809e-08 4.565376186997809e-08 4.565376186997809e-08 4.565376186997809e-08 4.565376186997809e-08 4.565376186997809e-08 4.565376186997809e-08 4.565376186997809e-08 4.565376186997809e-08 4.565376186997809e-08 4.565376186997809e-08 4.565376186997809e-08 4.565376186997809e-08 4.565376186997809e-08 4.565376186997809e-08 4.565376186997809e-08 4.565376186997809e-08 4.565376186997809e-08 4.565376186997809e-08 4.565376186997809e-08 4.565376186997809e-08
lower 2 0 1141.0 -13.5 -18.0 -35.0 -74.0 -74.0 -74.0 -74.0 -94.5 -16.0 -19.5 -49.5 -74.0 -74.0 -74.0 -74.0 -18.0 -19.5 -42.0 -74.0 -74.0 -74.0 -74.0 -74.0 -35.0 -49.5 -74.0 -74.0 -74.0 -74.0 -74.0 -74.0 -74.0 -74.0 -74.0 -74.0 -74.0 -74.0 -74.0 -74.0 -74.0 -74.0 -74.0 -74.0 -74.0 -74.0 -74.0 -74.0 -74.0 -74.0 -74.0 -74.0 -74.0 -74.0 -74.0 -74.0 -74.0 -74.0 -74.0 -74.0 -74.0 -74.0 -74.0 -74.0 1037.0 40.5 -18.0 -35.0 -74.0 -74.0 -74.0 -74.0 -13.5 -48.0 -19.5 -49.5 -74.0 -74.0 -74.0 -74.0 -18.0 -19.5 -42.0 -74.0 -74.0 -74.0 -74.0 -74.0 -35.0 -49.5 -74.0 -74.0 -74.0 -74.0 -74.0 -74.0 -74.0 -74.0 -74.0 -74.0 -74.0 -74.0 -74.0 -74.0 -74.0 -74.0 -74.0 -74.0 -74.0 -74.0 -74.0 -74.0 -74.0 -74.0 -74.0 -74.0 -74.0 -74.0 -74.0 -74.0 -74.0 -74.0 -74.0 -74.0 -74.0 -74.0 -74.0 -74.0
upper 2 0 1167.0 13.5 18.0 35.0 74.0 74.0 74.0 74.0 -67.5 16.0 19.5 49.5 74.0 74.0 74.0 74.0 18.0 19.5 42.0 74.0 74.0 74.0 74.0 74.0 35.0 49.5 74.0 74.0 74.0 74.0 74.0 74.0 74.0 74.0 74.0 74.0 74.0 74.0 74.0 74.0 74.0 74.0 74.0 74.0 74.0 74.0 74.0 74.0 74.0 74.0 74.0 74.0 74.0 74.0 74.0 74.0 74.0 74.0 74.0 74.0 74.0 74.0 74.0 74.0 1063.0 67.5 18.0 35.0 74.0 74.0 74.0 74.0 13.5 -16.0 19.5 49.5 74.0 74.0 74.0 74.0 18.0 19.5 42.0 74.0 74.0 74.0 74.0 74.0 35.0 49.5 74.0 74.0 74.0 74.0 74.0 74.0 74.0 74.0 74.0 74.0 74.0 74.0 74.0 74.0 74.0 74.0 74.0 74.0 74.0 74.0 74.0 74.0 74.0 74.0 74.0 74.0 74.0 74.0 74.0 74.0 74.0 74.0 74.0 74.0 74.0 74.0 74.0 74.0
centres 2 0 1154.0 -0.0 -0.0 -0.0 -0.0 -0.0 -0.0 -0.0 -79.5963044791667 -0.0 -0.0 -0.0 -0.0 -0.0 -0.0 -0.0 -0.0 -0.0 -0.0 -0.0 -0.0 -0.0 -0.0 -0.0 -0.0 -0.0 -0.0 -0.0 -0.0 -0.0 -0.0 -0.0 -0.0 -0.0 -0.0 -0.0 -0.0 -0.0 -0.0 -0.0 -0.0 -0.0 -0.0 -0.0 -0.0 -0.0 -0.0 -0.0 -0.0 -0.0 -0.0 -0.0 -0.0 -0.0 -0.0 -0.0 -0.0 -0.0 -0.0 -0.0 -0.0 -0.0 -0.0 -0.0 1050.0 51.9407052015773 -0.0 -0.0 -0.0 -0.0 -0.0 -0.0 -0.0 -27.256383423686508 -0.0 -0.0 -0.0 -0.0 -0.0 -0.0 -0.0 -0.0 -0.0 -0.0 -0.0 -0.0 -0.0 -0.0 -0.0 -0.0 -0.0 -0.0 -0.0 -0.0 -0.0 -0.0 -0.0 -0.0 -0.0 -0.0 -0.0 -0.0 -0.0 -0.0 -0.0 -0.0 -0.0 -0.0 -0.0 -0.0 -0.0 -0.0 -0.0 -0.0 -0.0 -0.0 -0.0 -0.0 -0.0 -0.0 -0.0 -0.0 -0.0 -0.0 -0.0 -0.0 -0.0 -0.0
exact-centres 2 0 1154.0:0.0 0.0:0.0 0.0:0.0 0.0:0.0 0.0:0.0 0.0:0.0 0.0:0.0 0.0:0.0 -79.5963044791667:1.2779875830065466e-15 0.0:0.0 0.0:0.0 0.0:0.0 0.0:0.0 0.0:0.0 0.0:0.0 0.0:0.0 0.0:0.0 0.0:0.0 0.0:0.0 0.0:0.0 0.0:0.0 0.0:0.0 0.0:0.0 0.0:0.0 0.0:0.0 0.0:0.0 0.0:0.0 0.0:0.0 0.0:0.0 0.0:0.0 0.0:0.0 0.0:0.0 0.0:0.0 0.0:0.0 0.0:0.0 0.0:0.0 0.0:0.0 0.0:0.0 0.0:0.0 0.0:0.0 0.0:0.0 0.0:0.0 0.0:0.0 0.0:0.0 0.0:0.0 0.0:0.0 0.0:0.0 0.0:0.0 0.0:0.0 0.0:0.0 0.0:0.0 0.0:0.0 0.0:0.0 0.0:0.0 0.0:0.0 0.0:0.0 0.0:0.0 0.0:0.0 0.0:0.0 0.0:0.0 0.0:0.0 0.0:0.0 0.0:0.0 0.0:0.0 1050.0:0.0 51.9407052015773:-2.081506334656684e-15 0.0:0.0 0.0:0.0 0.0:0.0 0.0:0.0 0.0:0.0 0.0:0.0 0.0:0.0 -27.256383423686504:-1.2289453049427358e-15 0.0:0.0 0.0:0.0 0.0:0.0 0.0:0.0 0.0:0.0 0.0:0.0 0.0:0.0 0.0:0.0 0.0:0.0 0.0:0.0 0.0:0.0 0.0:0.0 0.0:0.0 0.0:0.0 0.0:0.0 0.0:0.0 0.0:0.0 0.0:0.0 0.0:0.0 0.0:0.0 0.0:0.0 0.0:0.0 0.0:0.0 0.0:0.0 0.0:0.0 0.0:0.0 0.0:0.0 0.0:0.0 0.0:0.0 0.0:0.0 0.0:0.0 0.0:0.0 0.0:0.0 0.0:0.0 0.0:0.0 0.0:0.0 0.0:0.0 0.0:0.0 0.0:0.0 0.0:0.0 0.0:0.0 0.0:0.0 0.0:0.0 0.0:0.0 0.0:0.0 0.0:0.0 0.0:0.0 0.0:0.0 0.0:0.0 0.0:0.0 0.0:0.0 0.0:0.0 0.0:0.0 0.0:0.0
canvas 0 0 169.0094216990938 157.4886503077459 144.347781099173 135.88681236868044 125.80007275001469 103.5759062151405 70.97093600998748 45.686966814257936 60.0369715268641 61.220389727131455 62.59803521618518 64.46941781944162 69.34428434214323 79.23861326430493 91.96241824774582 101.16878276691845 116.16504680791688 139.2403545734055 172.55094911725863 199.95094004643772 212.55332966557182 211.96894424394137 205.7036542179266 200.79458563260567 128.0 128.0 128.0 128.0 128.0 128.0 128.0 128.0
canvas 0 1 175.82826882729444 164.8724993159876 151.908476966133 142.65853856466222 131.54247466053934 109.33232874670992 78.03980516170802 54.123828138042526 58.008645481292994 59.801396583277125 63.17208295197694 68.66753018309784 77.64040565967856 90.35580891768176 103.93705501933589 112.94976214820234 111.15870718994415 136.5421412751007 170.798182909327 195.25813100169603 203.20995577302233 200.83513359511784 197.14107916995695 195.68974298484 128.0 128.0 128.0 128.0 128.0 128.0 128.0 128.0
canvas 0 2 171.48791670059072 161.92128295214397 149.92178210537605 140.04727983230666 127.93118892763609 106.58021173341861 78.35052440492842 57.30741573533361 63.02657348611491 63.22928115532983 65.26421705263577 70.89919413387591 80.34709956927853 91.71830008619038 101.86548096302562 107.80441206791224 104.1004562115496 132.68877247487947 169.01814901795652 191.64331093742757 196.7818869046968 196.01764483491039 199.2694090405561 204.4683213146285 128.0 128.0 128.0 128.0 128.0 128.0 128.0 128.0
canvas 0 3 166.05108170663016 158.97434784923394 149.48211977323905 140.42095402295445 128.76188068175023 110.16283006377344 87.18199585153506 70.56737712644664 76.40679353472869 73.30253406642191 71.32045378155476 74.16951951220861 81.02530777603951 87.67200688890924 91.0605912380926 91.7539651520017 105.56702801094278 132.78472609603966 166.02124093775467 184.8698548409309 188.52722562241675 191.07145449777556 201.25008690699838 212.16339996427783 128.0 128.0 128.0 128.0 128.0 128.0 128.0 128.0
canvas 0 4 156.12974583602016 152.6097597277106 147.42359725607835 141.32310730026128 132.41043558412778 118.87037551404352 103.16307208858896 92.20351586601218 90.28802724907437 85.71922933398737 83.29698214901885 88.2364121581565 97.81300517524349 104.45175381317202 104.43270607983278 101.56322679353666 123.58469617764652 139.53215561497106 157.04218251024696 163.54682952075723 161.37241022174612 162.53988515978108 172.5020109254435 183.11229829029273 128.0 128.0 128.0 128.0 128.0 128.0 128.0 128.0
canvas 0 5 123.71336377506556 124.27549067107898 124.53862718371664 123.09541624293502 118.80041546225235 111.85622446065932 104.33980036495353 99.40094720015554 102.55698262983994 98.58903766116235 99.37048427858169 110.95831518307342 128.15441701871762 139.50297649854443 139.94604222211427 135.7388258287717 148.87974260755772 146.3673731700811 139.74861443942928 129.62143699000012 120.75055048661945 118.46594915954134 122.93826794506185 128.26847462993624 128.0 128.0 128.0 128.0 128.0 128.0 128.0 128.0
canvas 0 6 99.06843319016954 103.2714252280212 108.65973661573008 112.0281174088728 112.61714205463635 111.96827537817825 111.67534091096871 111.86108547921955 117.1700836063164 112.72101193635461 114.21571902533672 128.62024159264126 149.18911245208756 161.8706310035165 160.9286424452241 154.75656675938677 164.35330508599347 145.29559971987638 119.16350203407816 99.68640263427139 92.17045395296142 92.6005456973684 94.6214677164709 95.47095349456757 128.0 128.0 128.0 128.0 128.0 128.0 128.0 128.0
canvas 0 7 104.15181715152005 110.5120241826852 119.0192086426093 125.44256225702436 129.1629159893153 132.37201242615257 136.33355079259104 139.4795006461784 129.82264597842314 123.64333220745557 122.80810925650297 135.18846274991014 153.7417384590199 163.59609764452853 159.18857928486864 150.4832712060025 167.3832870130128 139.7918923566491 105.11299874080014 84.92312600824094 83.86658055488142 90.82823428045835 94.54739762083744 94.10752942260987 128.0 128.0 128.0 128.0 128.0 128.0 128.0 128.0
canvas 0 8 93.91731644122318 98.36803250946487 108.33779178074977 122.45601682783602 135.25856538820412 140.92308963888894 138.93751059165868 134.93452586349892 136.67415020363552 131.86348550525696 132.1742213245454 143.80991594223076 159.46605077207374 165.48314364151756 157.8479766668696 147.41871022024952 155.88222231746838 128.3482556786854 93.99497494848133 74.19739144007647 72.75184577727896 77.83113848489081 78.65907348885423 76.00198306608797 128.0 128.0 128.0 128.0 128.0 128.0 128.0 128.0
canvas 0 9 101.06405892687255 106.38834485339808 114.78490717334707 123.60615826951359 131.52630477787454 138.45593832009422 144.17734944042851 147.61001781300718 153.58996947311974 152.04842081377345 152.74866411222396 157.5098465451372 162.41476550151586 161.55734618618757 154.3116866907017 147.15153628311387 141.6833556865944 118.65127195714159 89.73440286766223 72.07995910992244 67.74851331536297 66.47921237246467 60.73443447315419 54.087493558542846 128.0 128.0 128.0 128.0 128.0 128.0 128.0 128.0
canvas 0 10 92.22460668420456 102.40448971137859 115.26544107715294 125.33553408836383 135.81091483680603 153.26957741297053 176.57954406403934 194.14799665616698 199.98035456466005 200.23640243848368 195.8149953274724 182.85287834223854 163.62833843006328 145.0476196965879 132.6803097916402 127.3177559172223 110.7017140792338 94.42344971746654 74.2657496293511 62.0293913420767 57.9506358837268 53.81257413328054 45.10759483966653 36.92762701472741 128.0 128.0 128.0 128.0 128.0 128.0 128.0 128.0
canvas 0 11 93.87778405042543 106.43252239904483 120.49429063722658 128.89183342367588 138.40786009185925 160.75605568571672 194.54702632809347 221.05241748412104 210.67419444419573 214.6938742195783 210.10323183378875 187.61267058327934 153.9017553736968 125.79259237494587 113.2560471952199 111.65712522236095 95.45568997020987 83.8590002579688 69.58793238186237 61.2694917133829 59.33458477919517 57.96072570776597 53.51077931121466 48.85867119602385 128.0 128.0 128.0 128.0 128.0 128.0 128.0 128.0
canvas 0 12 100.91407643613765 111.76611937836225 122.68171674440572 126.96858918814635 132.03525833940856 150.27278359055737 180.91758336079582 205.7202791104286 190.5253468106004 198.63644668570524 198.88495812473695 179.1621533178148 146.85322557119198 121.51181901602833 113.81442766112363 116.30692578798691 101.74282487118725 91.2406562186747 76.94065230703151 66.33856584020138 62.00941945346292 61.44020637154195 61.328828070409365 60.859532802806 128.0 128.0 128.0 128.0 128.0 128.0 128.0 128.0
canvas 0 13 82.29946161141415 93.48590155164916 108.2067275779931 120.70686394001623 133.81250465775 153.70121058472674 178.87105189636512 197.44606140155375 207.11451692728423 212.17228171395854 208.8750941560978 187.25833434225618 154.12728816874832 126.89192660666518 115.64883625486802 115.08799929330081 95.71404125950802 87.55387225379914 74.81752963458418 62.485127084787145 54.18622511799519 50.73298101332946 50.55366468967878 51.272654129101184 128.0 128.0 128.0 128.0 128.0 128.0 128.0 128.0
canvas 0 14 91.66428713053247 100.40310490643286 115.10889940387256 132.17355959995479 149.01630782188386 164.18935046401924 176.21999376184425 183.0671939837978 195.88301054525158 197.51530012412735 192.48403641530246 174.6057459514506 148.21309919957284 124.71620698747944 111.73904048471813 107.75272831535237 85.69269072687207 85.39525782033377 83.46709514543937 79.2299398788013 74.08146731319908 70.43662421367895 69.3461174386814 69.64099669926104 128.0 128.0 128.0 128.0 128.0 128.0 128.0 128.0
canvas 0 15 144.82355831105124 146.1480925351469 150.34142096500196 156.9123754055063 161.5458171278141 159.663070771917 151.90106088325692 144.77189431095113 125.41383916607023 129.74567288064247 133.27113383300716 131.2353663904415 124.08099072996625 116.42662153915906 112.00617969758733 110.71941166391804 91.91891150781677 100.03118159453969 110.76014054493099 118.10043727489837 120.27769056766313 119.71856606357325 119.27605636986273 119.48890522252839 128.0 128.0 128.0 128.0 128.0 128.0 128.0 128.0
canvas 1 0 122.07324329934916 122.07324329934916 121.07534206507701 121.07534206507701 119.23146101345343 119.23146101345343 116.82231431976477 116.82231431976477 114.21467272915594 114.21467272915594 111.80552603546728 111.80552603546728 109.9616449838437 109.9616449838437 108.96374374957155 108.96374374957155 102.90597456853587 102.90597456853587 102.90597456853587 102.90597456853587 102.90597456853587 102.90597456853587 102.90597456853587 102.90597456853587 102.90597456853587 102.90597456853587 102.90597456853587 102.90597456853587 102.90597456853587 102.90597456853587 102.90597456853587 102.90597456853587
canvas 1 1 122.07324329934916 122.07324329934916 121.07534206507701 121.07534206507701 119.23146101345343 119.23146101345343 116.82231431976477 116.82231431976477 114.21467272915594 114.21467272915594 111.80552603546728 111.80552603546728 109.9616449838437 109.9616449838437 108.96374374957155 108.96374374957155 102.90597456853587 102.90597456853587 102.90597456853587 102.90597456853587 102.90597456853587 102.90597456853587 102.90597456853587 102.90597456853587 102.90597456853587 102.90597456853587 102.90597456853587 102.90597456853587 102.90597456853587 102.90597456853587 102.90597456853587 102.90597456853587
canvas 1 2 122.48075524216334 122.48075524216334 121.6347754248119 121.6347754248119 120.07160854847467 120.07160854847467 118.02923259993094 118.02923259993094 115.81858080316243 115.81858080316243 113.7762048546187 113.7762048546187 112.21303797828146 112.21303797828146 111.36705816093003 111.36705816093003 105.73674638521602 105.73674638521602 105.73674638521602 105.73674638521602 105.73674638521602 105.73674638521602 105.73674638521602 105.73674638521602 105.73674638521602 105.73674638521602 105.73674638521602 105.73674638521602 105.73674638521602 105.73674638521602 105.73674638521602 105.73674638521602
canvas 1 3 122.48075524216334 122.48075524216334 121.6347754248119 121.6347754248119 120.07160854847467 120.07160854847467 118.02923259993094 118.02923259993094 115.81858080316243 115.81858080316243 113.7762048546187 113.7762048546187 112.21303797828146 112.21303797828146 111.36705816093003 111.36705816093003 105.73674638521602 105.73674638521602 105.73674638521602 105.73674638521602 105.73674638521602 105.73674638521602 105.73674638521602 105.73674638521602 105.73674638521602 105.73674638521602 105.73674638521602 105.73674638521602 105.73674638521602 105.73674638521602 105.73674638521602 105.73674638521602
canvas 1 4 123.23373912860319 123.23373912860319 122.6684734865381 122.6684734865381 121.62399877226652 121.62399877226652 120.25932679284944 120.25932679284944 118.7822164863708 118.7822164863708 117.41754450695372 117.41754450695372 116.37306979268213 116.37306979268213 115.80780415061705 115.80780415061705 110.96733067049718 110.96733067049718 110.96733067049718 110.96733067049718 110.96733067049718 110.96733067049718 110.96733067049718 110.96733067049718 110.96733067049718 110.96733067049718 110.96733067049718 110.96733067049718 110.96733067049718 110.96733067049718 110.96733067049718 110.96733067049718
canvas 1 5 123.23373912860319 123.23373912860319 122.6684734865381 122.6684734865381 121.62399877226652 121.62399877226652 120.25932679284944 120.25932679284944 118.7822164863708 118.7822164863708 117.41754450695372 117.41754450695372 116.37306979268213 116.37306979268213 115.80780415061705 115.80780415061705 110.96733067049718 110.96733067049718 110.96733067049718 110.96733067049718 110.96733067049718 110.96733067049718 110.96733067049718 110.96733067049718 110.96733067049718 110.96733067049718 110.96733067049718 110.96733067049718 110.96733067049718 110.96733067049718 110.96733067049718 110.96733067049718
canvas 1 6 124.2175599877742 124.2175599877742 124.01906509085403 124.01906509085403 123.6522943457091 123.6522943457091 123.17308527350261 123.17308527350261 122.65439311143695 122.65439311143695 122.17518403923046 122.17518403923046 121.80841329408553 121.80841329408553 121.60991839716536 121.60991839716536 117.80141838230992 117.80141838230992 117.80141838230992 117.80141838230992 117.80141838230992 117.80141838230992 117.80141838230992 117.80141838230992 117.80141838230992 117.80141838230992 117.80141838230992 117.80141838230992 117.80141838230992 117.80141838230992 117.80141838230992 117.80141838230992
canvas 1 7 124.2175599877742 124.2175599877742 124.01906509085403 124.01906509085403 123.6522943457091 123.6522943457091 123.17308527350261 123.17308527350261 122.65439311143695 122.65439311143695 122.17518403923046 122.17518403923046 121.80841329408553 121.80841329408553 121.60991839716536 121.60991839716536 117.80141838230992 117.80141838230992 117.80141838230992 117.80141838230992 117.80141838230992 117.80141838230992 117.80141838230992 117.80141838230992 117.80141838230992 117.80141838230992 117.80141838230992 117.80141838230992 117.80141838230992 117.80141838230992 117.80141838230992 117.80141838230992
canvas 1 8 125.28244001222582 125.28244001222582 125.48093490914599 125.48093490914599 125.84770565429092 125.84770565429092 126.3269147264974 126.3269147264974 126.84560688856307 126.84560688856307 127.32481596076956 127.32481596076956 127.69158670591449 127.69158670591449 127.89008160283466 127.89008160283466 125.19858161769012 125.19858161769012 125.19858161769012 125.19858161769012 125.19858161769012 125.19858161769012 125.19858161769012 125.19858161769012 125.19858161769012 125.19858161769012 125.19858161769012 125.19858161769012 125.19858161769012 125.19858161769012 125.19858161769012 125.19858161769012
canvas 1 9 125.28244001222582 125.28244001222582 125.48093490914599 125.48093490914599 125.84770565429092 125.84770565429092 126.3269147264974 126.3269147264974 126.84560688856307 126.84560688856307 127.32481596076956 127.32481596076956 127.69158670591449 127.69158670591449 127.89008160283466 127.89008160283466 125.19858161769012 125.19858161769012 125.19858161769012 125.19858161769012 125.19858161769012 125.19858161769012 125.19858161769012 125.19858161769012 125.19858161769012 125.19858161769012 125.19858161769012 125.19858161769012 125.19858161769012 125.19858161769012 125.19858161769012 125.19858161769012
canvas 1 10 126.26626087139682 126.26626087139682 126.83152651346191 126.83152651346191 127.8760012277335 127.8760012277335 129.2406732071506 129.2406732071506 130.7177835136292 130.7177835136292 132.0824554930463 132.0824554930463 133.12693020731788 133.12693020731788 133.69219584938298 133.69219584938298 132.03266932950288 132.03266932950288 132.03266932950288 132.03266932950288 132.03266932950288 132.03266932950288 132.03266932950288 132.03266932950288 132.03266932950288 132.03266932950288 132.03266932950288 132.03266932950288 132.03266932950288 132.03266932950288 132.03266932950288 132.03266932950288
canvas 1 11 126.26626087139682 126.26626087139682 126.83152651346191 126.83152651346191 127.8760012277335 127.8760012277335 129.2406732071506 129.2406732071506 130.7177835136292 130.7177835136292 132.0824554930463 132.0824554930463 133.12693020731788 133.12693020731788 133.69219584938298 133.69219584938298 132.03266932950288 132.03266932950288 132.03266932950288 132.03266932950288 132.03266932950288 132.03266932950288 132.03266932950288 132.03266932950288 132.03266932950288 132.03266932950288 132.03266932950288 132.03266932950288 132.03266932950288 132.03266932950288 132.03266932950288 132.03266932950288
canvas 1 12 127.01924475783669 127.01924475783669 127.86522457518812 127.86522457518812 129.42839145152536 129.42839145152536 131.4707674000691 131.4707674000691 133.6814191968376 133.6814191968376 135.72379514538133 135.72379514538133 137.28696202171858 137.28696202171858 138.13294183906999 138.13294183906999 137.26325361478402 137.26325361478402 137.26325361478402 137.26325361478402 137.26325361478402 137.26325361478402 137.26325361478402 137.26325361478402 137.26325361478402 137.26325361478402 137.26325361478402 137.26325361478402 137.26325361478402 137.26325361478402 137.26325361478402 137.26325361478402
canvas 1 13 127.01924475783669 127.01924475783669 127.86522457518812 127.86522457518812 129.42839145152536 129.42839145152536 131.4707674000691 131.4707674000691 133.6814191968376 133.6814191968376 135.72379514538133 135.72379514538133 137.28696202171858 137.28696202171858 138.13294183906999 138.13294183906999 137.26325361478402 137.26325361478402 137.26325361478402 137.26325361478402 137.26325361478402 137.26325361478402 137.26325361478402 137.26325361478402 137.26325361478402 137.26325361478402 137.26325361478402 137.26325361478402 137.26325361478402 137.26325361478402 137.26325361478402 137.26325361478402
canvas 1 14 127.42675670065088 127.42675670065088 128.42465793492303 128.42465793492303 130.2685389865466 130.2685389865466 132.67768568023527 132.67768568023527 135.28532727084408 135.28532727084408 137.69447396453276 137.69447396453276 139.53835501615632 139.53835501615632 140.53625625042847 140.53625625042847 140.0940254314642 140.0940254314642 140.0940254314642 140.0940254314642 140.0940254314642 140.0940254314642 140.0940254314642 140.0940254314642 140.0940254314642 140.0940254314642 140.0940254314642 140.0940254314642 140.0940254314642 140.0940254314642 140.0940254314642 140.0940254314642
canvas 1 15 127.42675670065088 127.42675670065088 128.42465793492303 128.42465793492303 130.2685389865466 130.2685389865466 132.67768568023527 132.67768568023527 135.28532727084408 135.28532727084408 137.69447396453276 137.69447396453276 139.53835501615632 139.53835501615632 140.53625625042847 140.53625625042847 140.0940254314642 140.0940254314642 140.0940254314642 140.0940254314642 140.0940254314642 140.0940254314642 140.0940254314642 140.0940254314642 140.0940254314642 140.0940254314642 140.0940254314642 140.0940254314642 140.0940254314642 140.0940254314642 140.0940254314642 140.0940254314642
canvas 2 0 130.44959426837528 130.44959426837528 130.44959426837528 130.44959426837528 130.44959426837528 130.44959426837528 130.44959426837528 130.44959426837528 130.44959426837528 130.44959426837528 130.44959426837528 130.44959426837528 130.44959426837528 130.44959426837528 130.44959426837528 130.44959426837528 133.7007286887011 133.7007286887011 133.32762746175726 133.32762746175726 132.63822628750071 132.63822628750071 131.7374802452748 131.7374802452748 130.76251975472525 130.76251975472525 129.86177371249934 129.86177371249934 129.1723725382428 129.1723725382428 128.79927131129895 128.79927131129895
canvas 2 1 130.44959426837528 130.44959426837528 130.44959426837528 130.44959426837528 130.44959426837528 130.44959426837528 130.44959426837528 130.44959426837528 130.44959426837528 130.44959426837528 130.44959426837528 130.44959426837528 130.44959426837528 130.44959426837528 130.44959426837528 130.44959426837528 133.7007286887011 133.7007286887011 133.32762746175726 133.32762746175726 132.63822628750071 132.63822628750071 131.7374802452748 131.7374802452748 130.76251975472525 130.76251975472525 129.86177371249934 129.86177371249934 129.1723725382428 129.1723725382428 128.79927131129895 128.79927131129895
canvas 2 2 132.55058094002567 132.55058094002567 132.55058094002567 132.55058094002567 132.55058094002567 132.55058094002567 132.55058094002567 132.55058094002567 132.55058094002567 132.55058094002567 132.55058094002567 132.55058094002567 132.55058094002567 132.55058094002567 132.55058094002567 132.55058094002567 134.69862992297325 134.69862992297325 134.1736072791087 134.1736072791087 133.20349192956579 133.20349192956579 131.93597514219496 131.93597514219496 130.5640248578051 130.5640248578051 129.29650807043427 129.29650807043427 128.32639272089136 128.32639272089136 127.8013700770268 127.8013700770268
canvas 2 3 132.55058094002567 132.55058094002567 132.55058094002567 132.55058094002567 132.55058094002567 132.55058094002567 132.55058094002567 132.55058094002567 132.55058094002567 132.55058094002567 132.55058094002567 132.55058094002567 132.55058094002567 132.55058094002567 132.55058094002567 132.55058094002567 134.69862992297325 134.69862992297325 134.1736072791087 134.1736072791087 133.20349192956579 133.20349192956579 131.93597514219496 131.93597514219496 130.5640248578051 130.5640248578051 129.29650807043427 129.29650807043427 128.32639272089136 128.32639272089136 127.8013700770268 127.8013700770268
canvas 2 4 136.43269810805927 136.43269810805927 136.43269810805927 136.43269810805927 136.43269810805927 136.43269810805927 136.43269810805927 136.43269810805927 136.43269810805927 136.43269810805927 136.43269810805927 136.43269810805927 136.43269810805927 136.43269810805927 136.43269810805927 136.43269810805927 136.54251097459684 136.54251097459684 135.73677415544591 135.73677415544591 134.24796664383737 134.24796664383737 132.3027458873399 132.3027458873399 130.19725411266015 130.19725411266015 128.25203335616268 128.25203335616268 126.76322584455413 126.76322584455413 125.95748902540322 125.95748902540322
canvas 2 5 136.43269810805927 136.43269810805927 136.43269810805927 136.43269810805927 136.43269810805927 136.43269810805927 136.43269810805927 136.43269810805927 136.43269810805927 136.43269810805927 136.43269810805927 136.43269810805927 136.43269810805927 136.43269810805927 136.43269810805927 136.43269810805927 136.54251097459684 136.54251097459684 135.73677415544591 135.73677415544591 134.24796664383737 134.24796664383737 132.3027458873399 132.3027458873399 130.19725411266015 130.19725411266015 128.25203335616268 128.25203335616268 126.76322584455413 126.76322584455413 125.95748902540322 125.95748902540322
canvas 2 6 141.50492862512274 141.50492862512274 141.50492862512274 141.50492862512274 141.50492862512274 141.50492862512274 141.50492862512274 141.50492862512274 141.50492862512274 141.50492862512274 141.50492862512274 141.50492862512274 141.50492862512274 141.50492862512274 141.50492862512274 141.50492862512274 138.9516576682855 138.9516576682855 137.77915010398965 137.77915010398965 135.61263862325447 135.61263862325447 132.7819549595464 132.7819549595464 129.71804504045366 129.71804504045366 126.88736137674559 126.88736137674559 124.7208498960104 124.7208498960104 123.54834233171457 123.54834233171457
canvas 2 7 141.50492862512274 141.50492862512274 141.50492862512274 141.50492862512274 141.50492862512274 141.50492862512274 141.50492862512274 141.50492862512274 141.50492862512274 141.50492862512274 141.50492862512274 141.50492862512274 141.50492862512274 141.50492862512274 141.50492862512274 141.50492862512274 138.9516576682855 138.9516576682855 137.77915010398965 137.77915010398965 135.61263862325447 135.61263862325447 132.7819549595464 132.7819549595464 129.71804504045366 129.71804504045366 126.88736137674559 126.88736137674559 124.7208498960104 124.7208498960104 123.54834233171457 123.54834233171457
canvas 2 8 146.9950713748773 146.9950713748773 146.9950713748773 146.9950713748773 146.9950713748773 146.9950713748773 146.9950713748773 146.9950713748773 146.9950713748773 146.9950713748773 146.9950713748773 146.9950713748773 146.9950713748773 146.9950713748773 146.9950713748773 146.9950713748773 141.55929925889433 141.55929925889433 139.98980190075815 139.98980190075815 137.0897489297331 137.0897489297331 133.30064712161206 133.30064712161206 129.199352878388 129.199352878388 125.41025107026695 125.41025107026695 122.51019809924189 122.51019809924189 120.94070074110573 120.94070074110573
canvas 2 9 146.9950713748773 146.9950713748773 146.9950713748773 146.9950713748773 146.9950713748773 146.9950713748773 146.9950713748773 146.9950713748773 146.9950713748773 146.9950713748773 146.9950713748773 146.9950713748773 146.9950713748773 146.9950713748773 146.9950713748773 146.9950713748773 141.55929925889433 141.55929925889433 139.98980190075815 139.98980190075815 137.0897489297331 137.0897489297331 133.30064712161206 133.30064712161206 129.199352878388 129.199352878388 125.41025107026695 125.41025107026695 122.51019809924189 122.51019809924189 120.94070074110573 120.94070074110573
canvas 2 10 152.0673018919408 152.0673018919408 152.0673018919408 152.0673018919408 152.0673018919408 152.0673018919408 152.0673018919408 152.0673018919408 152.0673018919408 152.0673018919408 152.0673018919408 152.0673018919408 152.0673018919408 152.0673018919408 152.0673018919408 152.0673018919408 143.96844595258298 143.96844595258298 142.0321778493019 142.0321778493019 138.45442090915017 138.45442090915017 133.77985619381855 133.77985619381855 128.7201438061815 128.7201438061815 124.04557909084987 124.04557909084987 120.46782215069817 120.46782215069817 118.53155404741707 118.53155404741707
canvas 2 11 152.0673018919408 152.0673018919408 152.0673018919408 152.0673018919408 152.0673018919408 152.0673018919408 152.0673018919408 152.0673018919408 152.0673018919408 152.0673018919408 152.0673018919408 152.0673018919408 152.0673018919408 152.0673018919408 152.0673018919408 152.0673018919408 143.96844595258298 143.96844595258298 142.0321778493019 142.0321778493019 138.45442090915017 138.45442090915017 133.77985619381855 133.77985619381855 128.7201438061815 128.7201438061815 124.04557909084987 124.04557909084987 120.46782215069817 120.46782215069817 118.53155404741707 118.53155404741707
canvas 2 12 155.9494190599744 155.9494190599744 155.9494190599744 155.9494190599744 155.9494190599744 155.9494190599744 155.9494190599744 155.9494190599744 155.9494190599744 155.9494190599744 155.9494190599744 155.9494190599744 155.9494190599744 155.9494190599744 155.9494190599744 155.9494190599744 145.81232700420657 145.81232700420657 143.59534472563914 143.59534472563914 139.49889562342176 139.49889562342176 134.14662693896346 134.14662693896346 128.3533730610366 128.3533730610366 123.0011043765783 123.0011043765783 118.90465527436092 118.90465527436092 116.68767299579349 116.68767299579349
canvas 2 13 155.9494190599744 155.9494190599744 155.9494190599744 155.9494190599744 155.9494190599744 155.9494190599744 155.9494190599744 155.9494190599744 155.9494190599744 155.9494190599744 155.9494190599744 155.9494190599744 155.9494190599744 155.9494190599744 155.9494190599744 155.9494190599744 145.81232700420657 145.81232700420657 143.59534472563914 143.59534472563914 139.49889562342176 139.49889562342176 134.14662693896346 134.14662693896346 128.3533730610366 128.3533730610366 123.0011043765783 123.0011043765783 118.90465527436092 118.90465527436092 116.68767299579349 116.68767299579349
canvas 2 14 158.05040573162478 158.05040573162478 158.05040573162478 158.05040573162478 158.05040573162478 158.05040573162478 158.05040573162478 158.05040573162478 158.05040573162478 158.05040573162478 158.05040573162478 158.05040573162478 158.05040573162478 158.05040573162478 158.05040573162478 158.05040573162478 146.81022823847871 146.81022823847871 144.44132454299057 144.44132454299057 140.06416126548686 140.06416126548686 134.34512183588362 134.34512183588362 128.15487816411644 128.15487816411644 122.4358387345132 122.4358387345132 118.0586754570095 118.0586754570095 115.68977176152134 115.68977176152134
canvas 2 15 158.05040573162478 158.05040573162478 158.05040573162478 158.05040573162478 158.05040573162478 158.05040573162478 158.05040573162478 158.05040573162478 158.05040573162478 158.05040573162478 158.05040573162478 158.05040573162478 158.05040573162478 158.05040573162478 158.05040573162478 158.05040573162478 146.81022823847871 146.81022823847871 144.44132454299057 144.44132454299057 140.06416126548686 140.06416126548686 134.34512183588362 134.34512183588362 128.15487816411644 128.15487816411644 122.4358387345132 122.4358387345132 118.0586754570095 118.0586754570095 115.68977176152134 115.68977176152134
constants method=mmse centres_tested=6.233235421751544e-13 centres_reference=3.222221414011781e-14 cells=4
start SI0=6005.028289552193 ScenA=7.03986633284664e-13 ScenR=3.311564834205143e-14 Sgx0=496.1905233668289
stop 0 iterations
tolerance canvas 2.073786431412341e-11
