# A conformance case of JPEG-Unround, written by conformance/generate.py: the quantized
# coefficients of a picture and the options of its reconstruction; what the Python
# implementation made of them; the exact centres; and what bounds the rounding of that
# run, from which conformance/bounds.py computes the tolerances at the end (docs/math.md, 9).
# Each line is a keyword and its values. Numbers are decimal, each double the shortest
# decimal that reads back as it; an exact centre is hi:lo, two doubles whose sum is the
# value to about 2^-106 of it.
name colour420-tv
picture 16 24 ycbcr
component 0 2 2 2 3
table 0 24 16 15 24 36 60 76 92 18 18 21 28 39 87 90 82 21 20 24 36 60 86 104 84 21 26 33 44 76 130 120 93 27 33 56 84 102 164 154 116 36 52 82 96 122 156 170 138 74 96 117 130 154 182 180 152 108 138 142 147 168 150 154 148
levels 0 0 -2 10 -3 1 0 0 0 0 1 8 -1 1 0 0 0 0 -1 -2 0 0 0 0 0 0 -1 0 0 0 0 0 0 0 1 0 0 0 0 0 0 0 -1 0 0 0 0 0 0 0 0 0 0 0 0 0 0 0 0 0 0 0 0 0 0 0 -9 -7 1 1 0 0 0 0 -11 0 1 -1 0 0 0 0 3 -1 0 0 0 0 0 0 0 0 0 0 0 0 0 0 -1 1 0 0 0 0 0 0 0 0 0 0 0 0 0 0 0 0 0 0 0 0 0 0 0 0 0 0 0 0 0 0 8 -5 -2 -1 0 0 0 0 12 -9 -5 -1 0 0 0 0 -3 3 1 1 0 0 0 0 0 1 0 0 0 0 0 0 1 -1 0 0 0 0 0 0 0 0 0 0 0 0 0 0 0 0 0 0 0 0 0 0 0 0 0 0 0 0 0 0
levels 0 1 3 -13 1 -1 0 0 0 0 -3 0 0 0 0 0 0 0 -1 4 -2 1 0 0 0 0 -2 -1 0 0 0 0 0 0 1 1 0 0 0 0 0 0 0 -1 0 0 0 0 0 0 0 0 0 0 0 0 0 0 0 0 0 0 0 0 0 0 9 11 -2 -1 0 0 0 0 2 -4 0 1 0 0 0 0 -4 -6 0 1 0 0 0 0 1 0 0 0 0 0 0 0 -2 -1 0 0 0 0 0 0 1 1 0 0 0 0 0 0 0 0 0 0 0 0 0 0 0 0 0 0 0 0 0 0 -16 7 3 1 0 0 0 0 -1 4 2 1 0 0 0 0 5 -1 0 0 0 0 0 0 -1 1 1 0 0 0 0 0 2 -1 0 0 0 0 0 0 -1 0 0 0 0 0 0 0 0 0 0 0 0 0 0 0 0 0 0 0 0 0 0 0
component 1 1 1 1 2
table 1 26 27 36 70 148 148 148 148 27 32 39 99 148 148 148 148 36 39 84 148 148 148 148 148 70 99 148 148 148 148 148 148 148 148 148 148 148 148 148 148 148 148 148 148 148 148 148 148 148 148 148 148 148 148 148 148 148 148 148 148 148 148 148 148
levels 1 0 -1 0 0 0 0 0 0 0 -2 1 0 0 0 0 0 0 0 0 0 0 0 0 0 0 0 0 0 0 0 0 0 0 0 0 0 0 0 0 0 0 0 0 0 0 0 0 0 0 0 0 0 0 0 0 0 0 0 0 0 0 0 0 0 0 -2 0 0 0 0 0 0 0 -4 0 0 0 0 0 0 0 0 0 0 0 0 0 0 0 0 0 0 0 0 0 0 0 0 0 0 0 0 0 0 0 0 0 0 0 0 0 0 0 0 0 0 0 0 0 0 0 0 0 0 0 0 0 0 0
component 2 1 1 1 2
table 2 26 27 36 70 148 148 148 148 27 32 39 99 148 148 148 148 36 39 84 148 148 148 148 148 70 99 148 148 148 148 148 148 148 148 148 148 148 148 148 148 148 148 148 148 148 148 148 148 148 148 148 148 148 148 148 148 148 148 148 148 148 148 148 148
levels 2 0 5 0 0 0 0 0 0 0 -3 0 0 0 0 0 0 0 0 0 0 0 0 0 0 0 0 0 0 0 0 0 0 0 0 0 0 0 0 0 0 0 0 0 0 0 0 0 0 0 0 0 0 0 0 0 0 0 0 0 0 0 0 0 0 0 1 2 0 0 0 0 0 0 0 -1 0 0 0 0 0 0 0 0 0 0 0 0 0 0 0 0 0 0 0 0 0 0 0 0 0 0 0 0 0 0 0 0 0 0 0 0 0 0 0 0 0 0 0 0 0 0 0 0 0 0 0 0 0 0
options --method tv --alpha 1.0 --alpha1 1.0 --alpha0 2.0 --channels coupled --mu 0.001 --mu-scale 1.0 --mu-power 1.0 --weight-power 2.0 --dc-weight 0.0 --centres mmse --slack 0.0 --slack-cost 0.0 --relative-tolerance 0.0 --partial-tolerance 0.0 --step-product 0.99 --record-every 20 --free-radius 255.0 --iterations 60 --tolerance 0.0 --subgradient-iterations 50 --subgradient-record-every 1 --subgradient-step 0.5 --subgradient-decay 0.5
steps 1.9267848867997692 0.06422616289332565
weights 0 0.0 3.90625e-06 4.444444444444444e-06 1.7361111111111112e-06 7.71604938271605e-07 2.7777777777777776e-07 1.7313019390581717e-07 1.1814744801512288e-07 3.08641975308642e-06 3.08641975308642e-06 2.2675736961451247e-06 1.2755102040816327e-06 6.574621959237344e-07 1.321178491214163e-07 1.234567901234568e-07 1.48720999405116e-07 2.2675736961451247e-06 2.5e-06 1.7361111111111112e-06 7.71604938271605e-07 2.7777777777777776e-07 1.3520822065981612e-07 9.245562130177515e-08 1.417233560090703e-07 2.2675736961451247e-06 1.4792899408284024e-06 9.182736455463728e-07 5.165289256198347e-07 1.7313019390581717e-07 5.9171597633136094e-08 6.944444444444444e-08 1.1562030292519366e-07 1.3717421124828533e-06 9.182736455463728e-07 3.1887755102040816e-07 1.417233560090703e-07 9.611687812379854e-08 3.7180249851279e-08 4.2165626581210995e-08 7.431629013079668e-08 7.71604938271605e-07 3.698224852071006e-07 1.48720999405116e-07 1.0850694444444445e-07 6.718624025799516e-08 4.10913872452334e-08 3.4602076124567476e-08 5.2509976895610165e-08 1.8261504747991236e-07 1.0850694444444445e-07 7.305135510263715e-08 5.9171597633136094e-08 4.2165626581210995e-08 3.018959062915107e-08 3.08641975308642e-08 4.328254847645429e-08 8.573388203017833e-08 5.2509976895610165e-08 4.959333465582226e-08 4.627701420704336e-08 3.543083900226757e-08 4.444444444444445e-08 4.2165626581210995e-08 4.565376186997809e-08
lower 0 0 964.0 152.0 -52.5 12.0 -18.0 -30.0 -38.0 -46.0 9.0 135.0 -31.5 14.0 -19.5 -43.5 -45.0 -41.0 -31.5 -50.0 -12.0 -18.0 -30.0 -43.0 -52.0 -42.0 -31.5 -13.0 -16.5 -22.0 -38.0 -65.0 -60.0 -46.5 13.5 -16.5 -28.0 -42.0 -51.0 -82.0 -77.0 -58.0 -54.0 -26.0 -41.0 -48.0 -61.0 -78.0 -85.0 -69.0 -37.0 -48.0 -58.5 -65.0 -77.0 -91.0 -90.0 -76.0 -54.0 -69.0 -71.0 -73.5 -84.0 -75.0 -77.0 -74.0 796.0 -120.0 7.5 12.0 -18.0 -30.0 -38.0 -46.0 -207.0 -9.0 10.5 -42.0 -19.5 -43.5 -45.0 -41.0 52.5 -30.0 -12.0 -18.0 -30.0 -43.0 -52.0 -42.0 -10.5 -13.0 -16.5 -22.0 -38.0 -65.0 -60.0 -46.5 -40.5 16.5 -28.0 -42.0 -51.0 -82.0 -77.0 -58.0 -18.0 -26.0 -41.0 -48.0 -61.0 -78.0 -85.0 -69.0 -37.0 -48.0 -58.5 -65.0 -77.0 -91.0 -90.0 -76.0 -54.0 -69.0 -71.0 -73.5 -84.0 -75.0 -77.0 -74.0 1204.0 -88.0 -37.5 -36.0 -18.0 -30.0 -38.0 -46.0 207.0 -171.0 -115.5 -42.0 -19.5 -43.5 -45.0 -41.0 -73.5 50.0 12.0 18.0 -30.0 -43.0 -52.0 -42.0 -10.5 13.0 -16.5 -22.0 -38.0 -65.0 -60.0 -46.5 13.5 -49.5 -28.0 -42.0 -51.0 -82.0 -77.0 -58.0 -18.0 -26.0 -41.0 -48.0 -61.0 -78.0 -85.0 -69.0 -37.0 -48.0 -58.5 -65.0 -77.0 -91.0 -90.0 -76.0 -54.0 -69.0 -71.0 -73.5 -84.0 -75.0 -77.0 -74.0
lower 0 1 1084.0 -216.0 7.5 -36.0 -18.0 -30.0 -38.0 -46.0 -63.0 -9.0 -10.5 -14.0 -19.5 -43.5 -45.0 -41.0 -31.5 70.0 -60.0 18.0 -30.0 -43.0 -52.0 -42.0 -52.5 -39.0 -16.5 -22.0 -38.0 -65.0 -60.0 -46.5 13.5 16.5 -28.0 -42.0 -51.0 -82.0 -77.0 -58.0 -18.0 -78.0 -41.0 -48.0 -61.0 -78.0 -85.0 -69.0 -37.0 -48.0 -58.5 -65.0 -77.0 -91.0 -90.0 -76.0 -54.0 -69.0 -71.0 -73.5 -84.0 -75.0 -77.0 -74.0 1228.0 168.0 -37.5 -36.0 -18.0 -30.0 -38.0 -46.0 27.0 -81.0 -10.5 14.0 -19.5 -43.5 -45.0 -41.0 -94.5 -130.0 -12.0 18.0 -30.0 -43.0 -52.0 -42.0 10.5 -13.0 -16.5 -22.0 -38.0 -65.0 -60.0 -46.5 -67.5 -49.5 -28.0 -42.0 -51.0 -82.0 -77.0 -58.0 18.0 26.0 -41.0 -48.0 -61.0 -78.0 -85.0 -69.0 -37.0 -48.0 -58.5 -65.0 -77.0 -91.0 -90.0 -76.0 -54.0 -69.0 -71.0 -73.5 -84.0 -75.0 -77.0 -74.0 628.0 104.0 37.5 12.0 -18.0 -30.0 -38.0 -46.0 -27.0 63.0 31.5 14.0 -19.5 -43.5 -45.0 -41.0 94.5 -30.0 -12.0 -18.0 -30.0 -43.0 -52.0 -42.0 -31.5 13.0 16.5 -22.0 -38.0 -65.0 -60.0 -46.5 40.5 -49.5 -28.0 -42.0 -51.0 -82.0 -77.0 -58.0 -54.0 -26.0 -41.0 -48.0 -61.0 -78.0 -85.0 -69.0 -37.0 -48.0 -58.5 -65.0 -77.0 -91.0 -90.0 -76.0 -54.0 -69.0 -71.0 -73.5 -84.0 -75.0 -77.0 -74.0
upper 0 0 988.0 168.0 -37.5 36.0 18.0 30.0 38.0 46.0 27.0 153.0 -10.5 42.0 19.5 43.5 45.0 41.0 -10.5 -30.0 12.0 18.0 30.0 43.0 52.0 42.0 -10.5 13.0 16.5 22.0 38.0 65.0 60.0 46.5 40.5 16.5 28.0 42.0 51.0 82.0 77.0 58.0 -18.0 26.0 41.0 48.0 61.0 78.0 85.0 69.0 37.0 48.0 58.5 65.0 77.0 91.0 90.0 76.0 54.0 69.0 71.0 73.5 84.0 75.0 77.0 74.0 820.0 -104.0 22.5 36.0 18.0 30.0 38.0 46.0 -189.0 9.0 31.5 -14.0 19.5 43.5 45.0 41.0 73.5 -10.0 12.0 18.0 30.0 43.0 52.0 42.0 10.5 13.0 16.5 22.0 38.0 65.0 60.0 46.5 -13.5 49.5 28.0 42.0 51.0 82.0 77.0 58.0 18.0 26.0 41.0 48.0 61.0 78.0 85.0 69.0 37.0 48.0 58.5 65.0 77.0 91.0 90.0 76.0 54.0 69.0 71.0 73.5 84.0 75.0 77.0 74.0 1228.0 -72.0 -22.5 -12.0 18.0 30.0 38.0 46.0 225.0 -153.0 -94.5 -14.0 19.5 43.5 45.0 41.0 -52.5 70.0 36.0 54.0 30.0 43.0 52.0 42.0 10.5 39.0 16.5 22.0 38.0 65.0 60.0 46.5 40.5 -16.5 28.0 42.0 51.0 82.0 77.0 58.0 18.0 26.0 41.0 48.0 61.0 78.0 85.0 69.0 37.0 48.0 58.5 65.0 77.0 91.0 90.0 76.0 54.0 69.0 71.0 73.5 84.0 75.0 77.0 74.0
upper 0 1 1108.0 -200.0 22.5 -12.0 18.0 30.0 38.0 46.0 -45.0 9.0 10.5 14.0 19.5 43.5 45.0 41.0 -10.5 90.0 -36.0 54.0 30.0 43.0 52.0 42.0 -31.5 -13.0 16.5 22.0 38.0 65.0 60.0 46.5 40.5 49.5 28.0 42.0 51.0 82.0 77.0 58.0 18.0 -26.0 41.0 48.0 61.0 78.0 85.0 69.0 37.0 48.0 58.5 65.0 77.0 91.0 90.0 76.0 54.0 69.0 71.0 73.5 84.0 75.0 77.0 74.0 1252.0 184.0 -22.5 -12.0 18.0 30.0 38.0 46.0 45.0 -63.0 10.5 42.0 19.5 43.5 45.0 41.0 -73.5 -110.0 12.0 54.0 30.0 43.0 52.0 42.0 31.5 13.0 16.5 22.0 38.0 65.0 60.0 46.5 -40.5 -16.5 28.0 42.0 51.0 82.0 77.0 58.0 54.0 78.0 41.0 48.0 61.0 78.0 85.0 69.0 37.0 48.0 58.5 65.0 77.0 91.0 90.0 76.0 54.0 69.0 71.0 73.5 84.0 75.0 77.0 74.0 652.0 120.0 52.5 36.0 18.0 30.0 38.0 46.0 -9.0 81.0 52.5 42.0 19.5 43.5 45.0 41.0 115.5 -10.0 12.0 18.0 30.0 43.0 52.0 42.0 -10.5 39.0 49.5 22.0 38.0 65.0 60.0 46.5 67.5 -16.5 28.0 42.0 51.0 82.0 77.0 58.0 -18.0 26.0 41.0 48.0 61.0 78.0 85.0 69.0 37.0 48.0 58.5 65.0 77.0 91.0 90.0 76.0 54.0 69.0 71.0 73.5 84.0 75.0 77.0 74.0
centres 0 0 976.0 159.84892742136083 -44.36422783456827 21.845741439044097 -0.0 -0.0 -0.0 -0.0 17.699195782151513 143.6461587453461 -19.87376957935988 25.102829914080537 -0.0 -0.0 -0.0 -0.0 -20.37713829319971 -39.40679837447591 -0.0 -0.0 -0.0 -0.0 -0.0 -0.0 -18.97386826144719 -0.0 -0.0 -0.0 -0.0 -0.0 -0.0 -0.0 25.24408390014382 -0.0 -0.0 -0.0 -0.0 -0.0 -0.0 -0.0 -30.663431351647322 -0.0 -0.0 -0.0 -0.0 -0.0 -0.0 -0.0 -0.0 -0.0 -0.0 -0.0 -0.0 -0.0 -0.0 -0.0 -0.0 -0.0 -0.0 -0.0 -0.0 -0.0 -0.0 -0.0 808.0 -111.84892742136084 14.364227834568265 21.845741439044097 -0.0 -0.0 -0.0 -0.0 -197.69919578215152 -0.0 19.87376957935988 -25.102829914080537 -0.0 -0.0 -0.0 -0.0 62.377138293199714 -19.406798374475915 -0.0 -0.0 -0.0 -0.0 -0.0 -0.0 -0.0 -0.0 -0.0 -0.0 -0.0 -0.0 -0.0 -0.0 -25.24408390014382 29.58547811302349 -0.0 -0.0 -0.0 -0.0 -0.0 -0.0 -0.0 -0.0 -0.0 -0.0 -0.0 -0.0 -0.0 -0.0 -0.0 -0.0 -0.0 -0.0 -0.0 -0.0 -0.0 -0.0 -0.0 -0.0 -0.0 -0.0 -0.0 -0.0 -0.0 -0.0 1216.0 -79.84892742136084 -29.364227834568265 -21.845741439044097 -0.0 -0.0 -0.0 -0.0 215.69919578215152 -161.6461587453461 -103.87376957935987 -25.102829914080537 -0.0 -0.0 -0.0 -0.0 -62.377138293199714 59.40679837447591 20.80870720761928 30.663431351647322 -0.0 -0.0 -0.0 -0.0 -0.0 22.145811531745288 -0.0 -0.0 -0.0 -0.0 -0.0 -0.0 25.24408390014382 -29.58547811302349 -0.0 -0.0 -0.0 -0.0 -0.0 -0.0 -0.0 -0.0 -0.0 -0.0 -0.0 -0.0 -0.0 -0.0 -0.0 -0.0 -0.0 -0.0 -0.0 -0.0 -0.0 -0.0 -0.0 -0.0 -0.0 -0.0 -0.0 -0.0 -0.0 -0.0
centres 0 1 1096.0 -207.84892742136083 14.364227834568265 -21.845741439044097 -0.0 -0.0 -0.0 -0.0 -53.699195782151506 -0.0 -0.0 -0.0 -0.0 -0.0 -0.0 -0.0 -20.37713829319971 79.40679837447591 -44.80870720761928 30.663431351647322 -0.0 -0.0 -0.0 -0.0 -39.973868261447194 -22.145811531745288 -0.0 -0.0 -0.0 -0.0 -0.0 -0.0 25.24408390014382 29.58547811302349 -0.0 -0.0 -0.0 -0.0 -0.0 -0.0 -0.0 -42.22668799783916 -0.0 -0.0 -0.0 -0.0 -0.0 -0.0 -0.0 -0.0 -0.0 -0.0 -0.0 -0.0 -0.0 -0.0 -0.0 -0.0 -0.0 -0.0 -0.0 -0.0 -0.0 -0.0 1240.0 175.84892742136083 -29.364227834568265 -21.845741439044097 -0.0 -0.0 -0.0 -0.0 35.69919578215151 -71.64615874534609 -0.0 25.102829914080537 -0.0 -0.0 -0.0 -0.0 -83.3771382931997 -119.40679837447591 -0.0 30.663431351647322 -0.0 -0.0 -0.0 -0.0 18.97386826144719 -0.0 -0.0 -0.0 -0.0 -0.0 -0.0 -0.0 -52.24408390014383 -29.58547811302349 -0.0 -0.0 -0.0 -0.0 -0.0 -0.0 30.663431351647322 42.22668799783916 -0.0 -0.0 -0.0 -0.0 -0.0 -0.0 -0.0 -0.0 -0.0 -0.0 -0.0 -0.0 -0.0 -0.0 -0.0 -0.0 -0.0 -0.0 -0.0 -0.0 -0.0 -0.0 640.0 111.84892742136084 44.36422783456827 21.845741439044097 -0.0 -0.0 -0.0 -0.0 -17.699195782151513 71.64615874534609 40.87376957935988 25.102829914080537 -0.0 -0.0 -0.0 -0.0 104.3771382931997 -19.406798374475915 -0.0 -0.0 -0.0 -0.0 -0.0 -0.0 -18.97386826144719 22.145811531745288 24.62424226968743 -0.0 -0.0 -0.0 -0.0 -0.0 52.24408390014383 -29.58547811302349 -0.0 -0.0 -0.0 -0.0 -0.0 -0.0 -30.663431351647322 -0.0 -0.0 -0.0 -0.0 -0.0 -0.0 -0.0 -0.0 -0.0 -0.0 -0.0 -0.0 -0.0 -0.0 -0.0 -0.0 -0.0 -0.0 -0.0 -0.0 -0.0 -0.0 -0.0
exact-centres 0 0 976.0:0.0 159.84892742136083:8.620911554588473e-15 -44.36422783456827:3.0468229088741657e-15 21.845741439044097:7.058752305838949e-17 0.0:0.0 0.0:0.0 0.0:0.0 0.0:0.0 17.699195782151513:-9.220549903867534e-16 143.6461587453461:-6.087939510910281e-15 -19.87376957935988:1.22907334146614e-15 25.102829914080537:-5.529424547973983e-16 0.0:0.0 0.0:0.0 0.0:0.0 0.0:0.0 -20.37713829319971:1.086089323860888e-16 -39.40679837447591:-2.6033923910993446e-15 0.0:0.0 0.0:0.0 0.0:0.0 0.0:0.0 0.0:0.0 0.0:0.0 -18.97386826144719:-7.629284459065187e-16 0.0:0.0 0.0:0.0 0.0:0.0 0.0:0.0 0.0:0.0 0.0:0.0 0.0:0.0 25.24408390014382:1.66230303812417e-15 0.0:0.0 0.0:0.0 0.0:0.0 0.0:0.0 0.0:0.0 0.0:0.0 0.0:0.0 -30.66343135164732:-5.029583851038997e-17 0.0:0.0 0.0:0.0 0.0:0.0 0.0:0.0 0.0:0.0 0.0:0.0 0.0:0.0 0.0:0.0 0.0:0.0 0.0:0.0 0.0:0.0 0.0:0.0 0.0:0.0 0.0:0.0 0.0:0.0 0.0:0.0 0.0:0.0 0.0:0.0 0.0:0.0 0.0:0.0 0.0:0.0 0.0:0.0 0.0:0.0 808.0:0.0 -111.84892742136084:5.5899431606135315e-15 14.364227834568265:5.058907699263354e-16 21.845741439044097:7.058752305838949e-17 0.0:0.0 0.0:0.0 0.0:0.0 0.0:0.0 -197.69919578215152:8.027482347987755e-15 0.0:0.0 19.87376957935988:-1.22907334146614e-15 -25.102829914080537:5.529424547973983e-16 0.0:0.0 0.0:0.0 0.0:0.0 0.0:0.0 62.37713829319971:3.4441047464144122e-15 -19.406798374475915:9.493212877011562e-16 0.0:0.0 0.0:0.0 0.0:0.0 0.0:0.0 0.0:0.0 0.0:0.0 0.0:0.0 0.0:0.0 0.0:0.0 0.0:0.0 0.0:0.0 0.0:0.0 0.0:0.0 0.0:0.0 -25.24408390014382:-1.66230303812417e-15 29.58547811302349:-1.4129779671827554e-15 0.0:0.0 0.0:0.0 0.0:0.0 0.0:0.0 0.0:0.0 0.0:0.0 0.0:0.0 0.0:0.0 0.0:0.0 0.0:0.0 0.0:0.0 0.0:0.0 0.0:0.0 0.0:0.0 0.0:0.0 0.0:0.0 0.0:0.0 0.0:0.0 0.0:0.0 0.0:0.0 0.0:0.0 0.0:0.0 0.0:0.0 0.0:0.0 0.0:0.0 0.0:0.0 0.0:0.0 0.0:0.0 0.0:0.0 0.0:0.0 1216.0:0.0 -79.84892742136084:5.5899431606135315e-15 -29.364227834568265:-5.058907699263354e-16 -21.845741439044097:-7.058752305838949e-17 0.0:0.0 0.0:0.0 0.0:0.0 0.0:0.0 215.69919578215152:-8.027482347987755e-15 -161.6461587453461:6.087939510910281e-15 -103.87376957935987:-5.876354016134862e-15 -25.102829914080537:5.529424547973983e-16 0.0:0.0 0.0:0.0 0.0:0.0 0.0:0.0 -62.37713829319971:-3.4441047464144122e-15 59.40679837447591:2.6033923910993446e-15 20.80870720761928:-1.2538604367698735e-15 30.66343135164732:5.029583851038997e-17 0.0:0.0 0.0:0.0 0.0:0.0 0.0:0.0 0.0:0.0 22.145811531745284:1.2205626651910041e-15 0.0:0.0 0.0:0.0 0.0:0.0 0.0:0.0 0.0:0.0 0.0:0.0 25.24408390014382:1.66230303812417e-15 -29.58547811302349:1.4129779671827554e-15 0.0:0.0 0.0:0.0 0.0:0.0 0.0:0.0 0.0:0.0 0.0:0.0 0.0:0.0 0.0:0.0 0.0:0.0 0.0:0.0 0.0:0.0 0.0:0.0 0.0:0.0 0.0:0.0 0.0:0.0 0.0:0.0 0.0:0.0 0.0:0.0 0.0:0.0 0.0:0.0 0.0:0.0 0.0:0.0 0.0:0.0 0.0:0.0 0.0:0.0 0.0:0.0 0.0:0.0 0.0:0.0 0.0:0.0 0.0:0.0
exact-centres 0 1 1096.0:0.0 -207.84892742136083:-8.620911554588473e-15 14.364227834568265:5.058907699263354e-16 -21.845741439044097:-7.058752305838949e-17 0.0:0.0 0.0:0.0 0.0:0.0 0.0:0.0 -53.69919578215151:9.220549903867534e-16 0.0:0.0 0.0:0.0 0.0:0.0 0.0:0.0 0.0:0.0 0.0:0.0 0.0:0.0 -20.37713829319971:1.086089323860888e-16 79.40679837447591:2.6033923910993446e-15 -44.80870720761928:1.2538604367698735e-15 30.66343135164732:5.029583851038997e-17 0.0:0.0 0.0:0.0 0.0:0.0 0.0:0.0 -39.973868261447194:2.7897852328939824e-15 -22.145811531745284:-1.2205626651910041e-15 0.0:0.0 0.0:0.0 0.0:0.0 0.0:0.0 0.0:0.0 0.0:0.0 25.24408390014382:1.66230303812417e-15 29.58547811302349:-1.4129779671827554e-15 0.0:0.0 0.0:0.0 0.0:0.0 0.0:0.0 0.0:0.0 0.0:0.0 0.0:0.0 -42.22668799783916:1.3178590301308804e-16 0.0:0.0 0.0:0.0 0.0:0.0 0.0:0.0 0.0:0.0 0.0:0.0 0.0:0.0 0.0:0.0 0.0:0.0 0.0:0.0 0.0:0.0 0.0:0.0 0.0:0.0 0.0:0.0 0.0:0.0 0.0:0.0 0.0:0.0 0.0:0.0 0.0:0.0 0.0:0.0 0.0:0.0 0.0:0.0 1240.0:0.0 175.84892742136083:8.620911554588473e-15 -29.364227834568265:-5.058907699263354e-16 -21.845741439044097:-7.058752305838949e-17 0.0:0.0 0.0:0.0 0.0:0.0 0.0:0.0 35.69919578215151:-9.220549903867534e-16 -71.6461587453461:6.087939510910281e-15 0.0:0.0 25.102829914080537:-5.529424547973983e-16 0.0:0.0 0.0:0.0 0.0:0.0 0.0:0.0 -83.3771382931997:-3.4441047464144122e-15 -119.40679837447591:-2.6033923910993446e-15 0.0:0.0 30.66343135164732:5.029583851038997e-17 0.0:0.0 0.0:0.0 0.0:0.0 0.0:0.0 18.97386826144719:7.629284459065187e-16 0.0:0.0 0.0:0.0 0.0:0.0 0.0:0.0 0.0:0.0 0.0:0.0 0.0:0.0 -52.24408390014382:-1.66230303812417e-15 -29.58547811302349:1.4129779671827554e-15 0.0:0.0 0.0:0.0 0.0:0.0 0.0:0.0 0.0:0.0 0.0:0.0 30.66343135164732:5.029583851038997e-17 42.22668799783916:-1.3178590301308804e-16 0.0:0.0 0.0:0.0 0.0:0.0 0.0:0.0 0.0:0.0 0.0:0.0 0.0:0.0 0.0:0.0 0.0:0.0 0.0:0.0 0.0:0.0 0.0:0.0 0.0:0.0 0.0:0.0 0.0:0.0 0.0:0.0 0.0:0.0 0.0:0.0 0.0:0.0 0.0:0.0 0.0:0.0 0.0:0.0 640.0:0.0 111.84892742136084:-5.5899431606135315e-15 44.36422783456827:-3.0468229088741657e-15 21.845741439044097:7.058752305838949e-17 0.0:0.0 0.0:0.0 0.0:0.0 0.0:0.0 -17.699195782151513:9.220549903867534e-16 71.6461587453461:-6.087939510910281e-15 40.87376957935988:-1.22907334146614e-15 25.102829914080537:-5.529424547973983e-16 0.0:0.0 0.0:0.0 0.0:0.0 0.0:0.0 104.3771382931997:3.4441047464144122e-15 -19.406798374475915:9.493212877011562e-16 0.0:0.0 0.0:0.0 0.0:0.0 0.0:0.0 0.0:0.0 0.0:0.0 -18.97386826144719:-7.629284459065187e-16 22.145811531745284:1.2205626651910041e-15 24.624242269687432:-1.6150037500063339e-15 0.0:0.0 0.0:0.0 0.0:0.0 0.0:0.0 0.0:0.0 52.24408390014382:1.66230303812417e-15 -29.58547811302349:1.4129779671827554e-15 0.0:0.0 0.0:0.0 0.0:0.0 0.0:0.0 0.0:0.0 0.0:0.0 -30.66343135164732:-5.029583851038997e-17 0.0:0.0 0.0:0.0 0.0:0.0 0.0:0.0 0.0:0.0 0.0:0.0 0.0:0.0 0.0:0.0 0.0:0.0 0.0:0.0 0.0:0.0 0.0:0.0 0.0:0.0 0.0:0.0 0.0:0.0 0.0:0.0 0.0:0.0 0.0:0.0 0.0:0.0 0.0:0.0 0.0:0.0 0.0:0.0 0.0:0.0
weights 1 0.0 1.3717421124828533e-06 7.71604938271605e-07 2.0408163265306124e-07 4.565376186997809e-08 4.565376186997809e-08 4.565376186997809e-08 4.565376186997809e-08 1.3717421124828533e-06 9.765625e-07 6.574621959237344e-07 1.0203040506070809e-07 4.565376186997809e-08 4.565376186997809e-08 4.565376186997809e-08 4.565376186997809e-08 7.71604938271605e-07 6.574621959237344e-07 1.417233560090703e-07 4.565376186997809e-08 4.565376186997809e-08 4.565376186997809e-08 4.565376186997809e-08 4.565376186997809e-08 2.0408163265306124e-07 1.0203040506070809e-07 4.565376186997809e-08 4.565376186997809e-08 4.565376186997809e-08 4.565376186997809e-08 4.565376186997809e-08 4.565376186997809e-08 4.565376186997809e-08 4.565376186997809e-08 4.565376186997809e-08 4.565376186997809e-08 4.565376186997809e-08 4.565376186997809e-08 4.565376186997809e-08 4.565376186997809e-08 4.565376186997809e-08 4.565376186997809e-08 4.565376186997809e-08 4.565376186997809e-08 4.565376186997809e-08 4.565376186997809e-08 4.565376186997809e-08 4.565376186997809e-08 4.565376186997809e-08 4.565376186997809e-08 4.565376186997809e-08 4.565376186997809e-08 4.565376186997809e-08 4.565376186997809e-08 4.565376186997809e-08 4.565376186997809e-08 4.565376186997809e-08 4.565376186997809e-08 4.565376186997809e-08 4.565376186997809e-08 4.565376186997809e-08 4.565376186997809e-08 4.565376186997809e-08 4.565376186997809e-08
lower 1 0 985.0 -13.5 -18.0 -35.0 -74.0 -74.0 -74.0 -74.0 -67.5 16.0 -19.5 -49.5 -74.0 -74.0 -74.0 -74.0 -18.0 -19.5 -42.0 -74.0 -74.0 -74.0 -74.0 -74.0 -35.0 -49.5 -74.0 -74.0 -74.0 -74.0 -74.0 -74.0 -74.0 -74.0 -74.0 -74.0 -74.0 -74.0 -74.0 -74.0 -74.0 -74.0 -74.0 -74.0 -74.0 -74.0 -74.0 -74.0 -74.0 -74.0 -74.0 -74.0 -74.0 -74.0 -74.0 -74.0 -74.0 -74.0 -74.0 -74.0 -74.0 -74.0 -74.0 -74.0 959.0 -13.5 -18.0 -35.0 -74.0 -74.0 -74.0 -74.0 -121.5 -16.0 -19.5 -49.5 -74.0 -74.0 -74.0 -74.0 -18.0 -19.5 -42.0 -74.0 -74.0 -74.0 -74.0 -74.0 -35.0 -49.5 -74.0 -74.0 -74.0 -74.0 -74.0 -74.0 -74.0 -74.0 -74.0 -74.0 -74.0 -74.0 -74.0 -74.0 -74.0 -74.0 -74.0 -74.0 -74.0 -74.0 -74.0 -74.0 -74.0 -74.0 -74.0 -74.0 -74.0 -74.0 -74.0 -74.0 -74.0 -74.0 -74.0 -74.0 -74.0 -74.0 -74.0 -74.0
upper 1 0 1011.0 13.5 18.0 35.0 74.0 74.0 74.0 74.0 -40.5 48.0 19.5 49.5 74.0 74.0 74.0 74.0 18.0 19.5 42.0 74.0 74.0 74.0 74.0 74.0 35.0 49.5 74.0 74.0 74.0 74.0 74.0 74.0 74.0 74.0 74.0 74.0 74.0 74.0 74.0 74.0 74.0 74.0 74.0 74.0 74.0 74.0 74.0 74.0 74.0 74.0 74.0 74.0 74.0 74.0 74.0 74.0 74.0 74.0 74.0 74.0 74.0 74.0 74.0 74.0 985.0 13.5 18.0 35.0 74.0 74.0 74.0 74.0 -94.5 16.0 19.5 49.5 74.0 74.0 74.0 74.0 18.0 19.5 42.0 74.0 74.0 74.0 74.0 74.0 35.0 49.5 74.0 74.0 74.0 74.0 74.0 74.0 74.0 74.0 74.0 74.0 74.0 74.0 74.0 74.0 74.0 74.0 74.0 74.0 74.0 74.0 74.0 74.0 74.0 74.0 74.0 74.0 74.0 74.0 74.0 74.0 74.0 74.0 74.0 74.0 74.0 74.0 74.0 74.0
centres 1 0 998.0 -0.0 -0.0 -0.0 -0.0 -0.0 -0.0 -0.0 -53.24436212368846 27.256383423686508 -0.0 -0.0 -0.0 -0.0 -0.0 -0.0 -0.0 -0.0 -0.0 -0.0 -0.0 -0.0 -0.0 -0.0 -0.0 -0.0 -0.0 -0.0 -0.0 -0.0 -0.0 -0.0 -0.0 -0.0 -0.0 -0.0 -0.0 -0.0 -0.0 -0.0 -0.0 -0.0 -0.0 -0.0 -0.0 -0.0 -0.0 -0.0 -0.0 -0.0 -0.0 -0.0 -0.0 -0.0 -0.0 -0.0 -0.0 -0.0 -0.0 -0.0 -0.0 -0.0 -0.0 -0.0 972.0 -0.0 -0.0 -0.0 -0.0 -0.0 -0.0 -0.0 -107.24436212368846 -0.0 -0.0 -0.0 -0.0 -0.0 -0.0 -0.0 -0.0 -0.0 -0.0 -0.0 -0.0 -0.0 -0.0 -0.0 -0.0 -0.0 -0.0 -0.0 -0.0 -0.0 -0.0 -0.0 -0.0 -0.0 -0.0 -0.0 -0.0 -0.0 -0.0 -0.0 -0.0 -0.0 -0.0 -0.0 -0.0 -0.0 -0.0 -0.0 -0.0 -0.0 -0.0 -0.0 -0.0 -0.0 -0.0 -0.0 -0.0 -0.0 -0.0 -0.0 -0.0 -0.0 -0.0 -0.0
exact-centres 1 0 998.0:0.0 0.0:0.0 0.0:0.0 0.0:0.0 0.0:0.0 0.0:0.0 0.0:0.0 0.0:0.0 -53.24436212368846:1.1603104211195398e-15 27.256383423686504:1.2289453049427358e-15 0.0:0.0 0.0:0.0 0.0:0.0 0.0:0.0 0.0:0.0 0.0:0.0 0.0:0.0 0.0:0.0 0.0:0.0 0.0:0.0 0.0:0.0 0.0:0.0 0.0:0.0 0.0:0.0 0.0:0.0 0.0:0.0 0.0:0.0 0.0:0.0 0.0:0.0 0.0:0.0 0.0:0.0 0.0:0.0 0.0:0.0 0.0:0.0 0.0:0.0 0.0:0.0 0.0:0.0 0.0:0.0 0.0:0.0 0.0:0.0 0.0:0.0 0.0:0.0 0.0:0.0 0.0:0.0 0.0:0.0 0.0:0.0 0.0:0.0 0.0:0.0 0.0:0.0 0.0:0.0 0.0:0.0 0.0:0.0 0.0:0.0 0.0:0.0 0.0:0.0 0.0:0.0 0.0:0.0 0.0:0.0 0.0:0.0 0.0:0.0 0.0:0.0 0.0:0.0 0.0:0.0 0.0:0.0 972.0:0.0 0.0:0.0 0.0:0.0 0.0:0.0 0.0:0.0 0.0:0.0 0.0:0.0 0.0:0.0 -107.24436212368846:1.1603104211195398e-15 0.0:0.0 0.0:0.0 0.0:0.0 0.0:0.0 0.0:0.0 0.0:0.0 0.0:0.0 0.0:0.0 0.0:0.0 0.0:0.0 0.0:0.0 0.0:0.0 0.0:0.0 0.0:0.0 0.0:0.0 0.0:0.0 0.0:0.0 0.0:0.0 0.0:0.0 0.0:0.0 0.0:0.0 0.0:0.0 0.0:0.0 0.0:0.0 0.0:0.0 0.0:0.0 0.0:0.0 0.0:0.0 0.0:0.0 0.0:0.0 0.0:0.0 0.0:0.0 0.0:0.0 0.0:0.0 0.0:0.0 0.0:0.0 0.0:0.0 0.0:0.0 0.0:0.0 0.0:0.0 0.0:0.0 0.0:0.0 0.0:0.0 0.0:0.0 0.0:0.0 0.0:0.0 0.0:0.0 0.0:0.0 0.0:0.0 0.0:0.0 0.0:0.0 0.0:0.0 0.0:0.0 0.0:0.0 0.0:0.0
weights 2 0.0 1.3717421124828533e-06 7.71604938271605e-07 2.0408163265306124e-07 4.565376186997809e-08 4.565376186997809e-08 4.565376186997809e-08 4.565376186997809e-08 1.3717421124828533e-06 9.765625e-07 6.574621959237344e-07 1.0203040506070809e-07 4.565376186997809e-08 4.565376186997809e-08 4.565376186997809e-08 4.565376186997809e-08 7.71604938271605e-07 6.574621959237344e-07 1.417233560090703e-07 4.565376186997809e-08 4.565376186997809e-08 4.565376186997809e-08 4.565376186997809e-08 4.565376186997809e-08 2.0408163265306124e-07 1.0203040506070809e-07 4.565376186997809e-08 4.565376186997809e-08 4.565376186997809e-08 4.565376186997809e-08 4.565376186997809e-08 4.565376186997809e-08 4.565376186997809e-08 4.565376186997809e-08 4.565376186997809e-08 4.565376186997809e-08 4.565376186997809e-08 4.565376186997809e-08 4.565376186997809e-08 4.565376186997809e-08 4.565376186997809e-08 4.565376186997809e-08 4.565376186997809e-08 4.565376186997809e-08 4.565376186997809e-08 4.565376186997809e-08 4.565376186997809e-08 4.565376186997809e-08 4.565376186997809e-08 4.565376186997809e-08 4.565376186997809e-08 4.565376186997809e-08 4.565376186997809e-08 4.565376186997809e-08 4.565376186997809e-08 4.565376186997809e-08 4.565376186997809e-08 4.565376186997809e-08 4.565376186997809e-08 4.565376186997809e-08 4.565376186997809e-08 4.565376186997809e-08 4.565376186997809e-08 4.565376186997809e-08
lower 2 0 1141.0 -13.5 -18.0 -35.0 -74.0 -74.0 -74.0 -74.0 -94.5 -16.0 -19.5 -49.5 -74.0 -74.0 -74.0 -74.0 -18.0 -19.5 -42.0 -74.0 -74.0 -74.0 -74.0 -74.0 -35.0 -49.5 -74.0 -74.0 -74.0 -74.0 -74.0 -74.0 -74.0 -74.0 -74.0 -74.0 -74.0 -74.0 -74.0 -74.0 -74.0 -74.0 -74.0 -74.0 -74.0 -74.0 -74.0 -74.0 -74.0 -74.0 -74.0 -74.0 -74.0 -74.0 -74.0 -74.0 -74.0 -74.0 -74.0 -74.0 -74.0 -74.0 -74.0 -74.0 1037.0 40.5 -18.0 -35.0 -74.0 -74.0 -74.0 -74.0 -13.5 -48.0 -19.5 -49.5 -74.0 -74.0 -74.0 -74.0 -18.0 -19.5 -42.0 -74.0 -74.0 -74.0 -74.0 -74.0 -35.0 -49.5 -74.0 -74.0 -74.0 -74.0 -74.0 -74.0 -74.0 -74.0 -74.0 -74.0 -74.0 -74.0 -74.0 -74.0 -74.0 -74.0 -74.0 -74.0 -74.0 -74.0 -74.0 -74.0 -74.0 -74.0 -74.0 -74.0 -74.0 -74.0 -74.0 -74.0 -74.0 -74.0 -74.0 -74.0 -74.0 -74.0 -74.0 -74.0
upper 2 0 1167.0 13.5 18.0 35.0 74.0 74.0 74.0 74.0 -67.5 16.0 19.5 49.5 74.0 74.0 74.0 74.0 18.0 19.5 42.0 74.0 74.0 74.0 74.0 74.0 35.0 49.5 74.0 74.0 74.0 74.0 74.0 74.0 74.0 74.0 74.0 74.0 74.0 74.0 74.0 74.0 74.0 74.0 74.0 74.0 74.0 74.0 74.0 74.0 74.0 74.0 74.0 74.0 74.0 74.0 74.0 74.0 74.0 74.0 74.0 74.0 74.0 74.0 74.0 74.0 1063.0 67.5 18.0 35.0 74.0 74.0 74.0 74.0 13.5 -16.0 19.5 49.5 74.0 74.0 74.0 74.0 18.0 19.5 42.0 74.0 74.0 74.0 74.0 74.0 35.0 49.5 74.0 74.0 74.0 74.0 74.0 74.0 74.0 74.0 74.0 74.0 74.0 74.0 74.0 74.0 74.0 74.0 74.0 74.0 74.0 74.0 74.0 74.0 74.0 74.0 74.0 74.0 74.0 74.0 74.0 74.0 74.0 74.0 74.0 74.0 74.0 74.0 74.0 74.0
centres 2 0 1154.0 -0.0 -0.0 -0.0 -0.0 -0.0 -0.0 -0.0 -79.5963044791667 -0.0 -0.0 -0.0 -0.0 -0.0 -0.0 -0.0 -0.0 -0.0 -0.0 -0.0 -0.0 -0.0 -0.0 -0.0 -0.0 -0.0 -0.0 -0.0 -0.0 -0.0 -0.0 -0.0 -0.0 -0.0 -0.0 -0.0 -0.0 -0.0 -0.0 -0.0 -0.0 -0.0 -0.0 -0.0 -0.0 -0.0 -0.0 -0.0 -0.0 -0.0 -0.0 -0.0 -0.0 -0.0 -0.0 -0.0 -0.0 -0.0 -0.0 -0.0 -0.0 -0.0 -0.0 -0.0 1050.0 51.9407052015773 -0.0 -0.0 -0.0 -0.0 -0.0 -0.0 -0.0 -27.256383423686508 -0.0 -0.0 -0.0 -0.0 -0.0 -0.0 -0.0 -0.0 -0.0 -0.0 -0.0 -0.0 -0.0 -0.0 -0.0 -0.0 -0.0 -0.0 -0.0 -0.0 -0.0 -0.0 -0.0 -0.0 -0.0 -0.0 -0.0 -0.0 -0.0 -0.0 -0.0 -0.0 -0.0 -0.0 -0.0 -0.0 -0.0 -0.0 -0.0 -0.0 -0.0 -0.0 -0.0 -0.0 -0.0 -0.0 -0.0 -0.0 -0.0 -0.0 -0.0 -0.0 -0.0 -0.0
exact-centres 2 0 1154.0:0.0 0.0:0.0 0.0:0.0 0.0:0.0 0.0:0.0 0.0:0.0 0.0:0.0 0.0:0.0 -79.5963044791667:1.2779875830065466e-15 0.0:0.0 0.0:0.0 0.0:0.0 0.0:0.0 0.0:0.0 0.0:0.0 0.0:0.0 0.0:0.0 0.0:0.0 0.0:0.0 0.0:0.0 0.0:0.0 0.0:0.0 0.0:0.0 0.0:0.0 0.0:0.0 0.0:0.0 0.0:0.0 0.0:0.0 0.0:0.0 0.0:0.0 0.0:0.0 0.0:0.0 0.0:0.0 0.0:0.0 0.0:0.0 0.0:0.0 0.0:0.0 0.0:0.0 0.0:0.0 0.0:0.0 0.0:0.0 0.0:0.0 0.0:0.0 0.0:0.0 0.0:0.0 0.0:0.0 0.0:0.0 0.0:0.0 0.0:0.0 0.0:0.0 0.0:0.0 0.0:0.0 0.0:0.0 0.0:0.0 0.0:0.0 0.0:0.0 0.0:0.0 0.0:0.0 0.0:0.0 0.0:0.0 0.0:0.0 0.0:0.0 0.0:0.0 0.0:0.0 1050.0:0.0 51.9407052015773:-2.081506334656684e-15 0.0:0.0 0.0:0.0 0.0:0.0 0.0:0.0 0.0:0.0 0.0:0.0 0.0:0.0 -27.256383423686504:-1.2289453049427358e-15 0.0:0.0 0.0:0.0 0.0:0.0 0.0:0.0 0.0:0.0 0.0:0.0 0.0:0.0 0.0:0.0 0.0:0.0 0.0:0.0 0.0:0.0 0.0:0.0 0.0:0.0 0.0:0.0 0.0:0.0 0.0:0.0 0.0:0.0 0.0:0.0 0.0:0.0 0.0:0.0 0.0:0.0 0.0:0.0 0.0:0.0 0.0:0.0 0.0:0.0 0.0:0.0 0.0:0.0 0.0:0.0 0.0:0.0 0.0:0.0 0.0:0.0 0.0:0.0 0.0:0.0 0.0:0.0 0.0:0.0 0.0:0.0 0.0:0.0 0.0:0.0 0.0:0.0 0.0:0.0 0.0:0.0 0.0:0.0 0.0:0.0 0.0:0.0 0.0:0.0 0.0:0.0 0.0:0.0 0.0:0.0 0.0:0.0 0.0:0.0 0.0:0.0 0.0:0.0 0.0:0.0 0.0:0.0
record 0 8130.871529336908 -0.0 nan nan
record 20 6259.6276800221 1381.5621319965417 nan nan
record 40 6200.572114020959 4080.86811196517 nan nan
record 60 6178.521105934048 4870.501037495138 nan nan
canvas 0 0 164.99837549207973 164.8411258492614 148.30355119183244 137.02484011728637 131.01542448449405 98.28883067561007 66.49518964214326 64.55559645309955 64.54661827143687 64.5404243695395 64.54092078792169 66.6155109964276 71.177632025503 84.87878580572308 102.91567140767582 107.78709301684792 117.45408959789273 136.90166280455801 169.31811950794796 196.00596148937538 199.28485848545333 199.31188327874779 199.3132380941906 193.04025424984187 129.92144294494366 129.8737015214436 129.83284338646723 129.7801213524049 129.71465450809123 129.6388631254958 129.61320633233478 129.5379262531489
canvas 0 1 165.0579899458623 165.05619060831506 152.27422319384684 139.5110459889879 139.51310158712693 108.99879039062496 68.51569207056578 64.55400070978874 64.54667640789201 64.53946702839254 65.31077363420485 68.19674204303199 74.48660907956436 87.10319253978935 102.5848218253634 105.32925493464951 109.97970241086806 133.40316381388018 170.32645411901882 194.47252420283357 199.2311410105726 199.31037518585396 198.39757193169518 197.91986005735012 129.8927001237366 129.81381402977618 129.80085536743783 129.7541411349816 129.71024743792165 129.64860766962812 129.63612746572468 129.58551519528268
canvas 0 2 165.05614669448934 162.05439208052476 152.09283460664426 139.50676100857456 135.48588058383623 109.43011540211887 72.41147339984599 64.55155102756423 64.54935470093022 65.30576507969583 67.60015853461623 72.18257561416863 79.96874042785126 90.86576172575384 102.51500765115948 103.84072871358987 103.83853970343812 133.78187578581782 171.0929373277576 190.6212033634739 197.00206166881867 198.14056085841068 198.199140451348 198.20066452725092 129.81945861428204 129.7587859228735 129.74810309839765 129.72880920463766 129.71033412523786 129.69214105647583 129.69533594374607 129.6653816743727
canvas 0 3 158.86403663547645 158.8648693849728 147.91677561850688 137.89544650201103 126.0144729495497 109.00049139725124 81.56895154935305 64.55220035167686 66.47343410803441 69.2372777843582 73.52989334912037 79.59417381126957 87.37324504183269 96.23106569762204 102.77969909213151 103.83360445268988 105.73570024897107 142.2643890564295 165.9956908746038 182.4590646403447 190.28112764084932 194.7942623726033 198.20658371478729 196.91692351148808 129.7696316189422 129.75705826165068 129.70533620440915 129.73374297045487 129.73930555736007 129.72162457420018 129.7248888658197 129.69309598051012
canvas 0 4 158.8677588625637 151.87615363377694 142.172519655495 131.21587319519332 120.86932854699475 114.54247970333266 108.24889348875554 103.22679161713425 98.80193160857554 93.28196673852642 89.54345236295778 91.4779376380465 97.59802916953227 102.86095504151986 104.09438933342955 106.43037822285511 124.85838653402247 146.0974649941461 150.82801176157943 153.6487833161501 153.30989836235605 158.51934531885303 174.6801905333263 173.3826559424302 129.75710722693356 129.62799939879852 129.6774523694856 129.74472761062867 129.73807480503018 129.71861477263315 129.71644064490994 129.6814434344898
canvas 0 5 116.07322390524078 117.57812001764532 118.81067903717107 118.83853169563038 118.49940000309103 115.66182702870469 112.89897530751136 111.8332883017714 111.44059260875213 110.74063762504471 110.74275280669971 110.97593402510918 120.09672696707807 141.30805250077628 143.94166809545422 144.68672306534168 145.66387441814976 145.8997919898662 144.50484390124933 138.83108326663958 114.28196252761845 112.4667198884173 118.1356823607766 124.31297635991287 127.6925896690784 129.03695714606462 129.63589964144842 129.78916483107548 129.7961037914196 129.7824560979278 129.74508792666128 129.71917524847677
canvas 0 6 111.1511782315841 114.29038612475408 118.58183934505621 118.8313975344667 118.72675724844527 117.02785206400705 114.20180045884452 112.74925820971303 112.86998427098472 110.73873513011023 111.46117272490775 122.46294955048381 150.96061585563666 151.06183327520765 150.96379312942946 150.6221984283307 149.98756746557072 147.0043752878849 136.1983631688722 95.49195597562579 94.51996878385262 95.67707444316773 98.96384350353443 106.14214024047365 118.7992748371968 121.98174427667104 123.92869562395899 125.14156145408927 125.87286316735528 126.29354051806602 126.51924060710978 126.61571540071333
canvas 0 7 107.94694196605442 111.52334426796227 118.42377483684247 122.08797114359447 122.8630324634251 126.99924368182828 133.20097704771922 133.55944140707666 130.8890076452846 129.5466866135022 129.6211633941222 140.65591206314957 151.28715604764784 151.29134192118906 151.28600695683664 151.27863522469085 151.26721170800843 150.28783957326115 96.34100253199237 90.28943087222162 88.58093287384885 88.2737449115945 88.55495014375752 93.79634105436799 114.55094097745689 117.72000970959077 119.84037027103729 121.42601645135213 122.61181727906234 123.46342643971717 124.02287758696848 124.30106741049406
canvas 0 8 101.54423931111747 101.9793902858541 110.63593211818706 122.01433026281899 128.296579218584 137.61019870653692 137.635528017717 137.6365351750307 134.34626830028483 130.65307788333658 138.21473223308763 149.14161568357164 151.30910526512437 151.29228781928575 151.2874116413944 151.28417860719557 150.89717815271732 139.55333486153077 92.85556500237779 84.60305447448053 77.46991958752398 75.02369642777718 76.75675669832756 84.24099360842216 113.10404674326479 114.60614332518107 115.45205708481663 115.99938601971722 116.3959099401212 116.6853178275817 116.87724473009074 116.98226599556197
canvas 0 9 101.6201728337943 102.91419091056883 110.88590619606563 123.60868184179672 131.4670107473119 137.61273746908188 137.63503754443894 144.3321234598633 153.64634547415082 155.78314323850472 156.92031855490998 155.55210768002152 151.39506297572464 151.29309207255844 151.2822485212794 150.29145735768523 141.9754249677172 113.38762632000694 86.96459494668493 74.9295045577285 66.36969220980026 61.58103577466238 60.58569026502402 64.02563803908305 113.02308142721009 113.98105564376398 114.36181700446008 114.50450509256481 114.57782048374776 114.6229763826849 114.64994023274478 114.6833376849124
canvas 0 10 101.09433795548705 102.83857399038469 112.22770350638548 125.5269272988073 132.67828427069625 137.66206737486183 185.26534339493043 197.26923233024294 197.2711421732692 196.30987805862938 191.68311631962916 175.60699178103232 151.53379333670262 151.19104960607956 142.6423569953046 124.40755203005102 106.26371175898072 91.88083072669325 77.43534180996217 67.78266728637377 61.365921222710945 57.427400258701766 54.561132749094824 54.55902719019625 113.30201632410107 114.02495900600468 114.18190301454791 114.16893740857621 114.19108957771344 114.20136091524674 114.16958185725946 114.16854858461147
canvas 0 11 99.91382096069228 101.40179868407311 112.26241566532623 126.24635448592458 133.28556905956705 155.18198186506777 190.31277961954714 197.3683885274622 198.319081356061 198.31942109167971 198.31738690332872 189.04094285698685 151.21533378212476 130.78416452472794 114.95330237016523 108.55624333746049 99.65543265732344 86.76943902547832 74.91393556624604 66.54224343265656 61.079344708492144 57.70267492801273 54.56892444105374 52.87129311640595 113.57649129739958 114.15137365852554 114.19639727393428 114.15152075745486 114.14140712667208 114.14730050090083 114.12919841203185 114.11893310085752
canvas 0 12 99.15633048292831 100.61931858125021 111.29340709017907 126.00580328899359 130.73641938763888 150.78307089728546 185.47295716753928 196.44910039224004 198.31923897570945 198.31907938427753 198.3213590240377 194.75376716236553 144.67751503450614 122.37965986249328 114.23152793022963 108.40651827215602 97.71401625450476 86.72588085788537 75.80825567473124 67.66133534456642 62.524448739960754 60.80677876276914 60.742027350291124 60.74669314819482 113.83356995318408 114.23637282924189 114.20282511084011 114.15963855221037 114.14314182121915 114.13186209129934 114.13149917860298 114.12863703728145
canvas 0 13 97.87631995008731 97.87785477639623 108.4758180533284 126.10854673430894 134.61929187732665 156.29661346616794 177.85815356806455 192.2650438943147 198.3192864918163 198.31580381034226 198.05628997186918 190.7660768166905 143.34037842979996 122.85696050322552 116.49293380584326 113.29643806651372 95.02492325564872 86.73499885560655 77.50465107732308 69.61088185392094 63.62511838411874 60.90842494674453 60.737533760092845 62.39544734472072 114.08284993920005 114.238301795524 114.20940142396623 114.18643036879483 114.16567240939806 114.13500803322042 114.1342197147989 114.13340499034184
canvas 0 14 97.87259522342255 101.00010339081935 116.52959326654042 132.92609857371602 155.83436762287428 160.92918441992384 169.97897489812016 182.16871031766811 191.2300330872734 197.81835032437255 189.82058334670086 162.51009606098555 137.46850930288397 122.68592143074704 117.1067155534052 117.1059668219984 95.81937697791079 90.47296107349133 83.90314167936742 77.58312298049115 69.67906499396999 62.39408713231587 63.918658472236174 84.59236712862037 114.22617923065083 114.25389060670838 114.21091664744874 114.17153905942533 114.14469660822573 114.11315673280569 114.10865311042015 114.08130465446187
canvas 0 15 140.56811468237615 140.54734368427424 140.56712997373614 150.8438932272295 158.71324733019298 158.718600564624 158.726688236863 158.72833420693942 134.4736988368784 134.50343489167525 134.4875891668691 134.4731591240715 131.57440164012846 121.22622270595691 117.10483008776843 115.71344424506219 100.02760818805774 100.01746517836379 100.00810035623277 109.0826636865614 113.17557585129529 113.16857758550165 113.1608592854789 113.12592704677888 114.32222846492934 114.28819386247072 114.24851997064343 114.17056848437053 114.15618012153224 114.1522540940454 114.12673054841808 114.08974420155579
canvas 1 0 120.94869355540133 120.94433989193392 120.59464186391871 120.31020446088988 120.02464508827276 118.39145777907258 116.69775317395802 116.46745366657366 116.46844478708343 116.47005111373937 116.46922697361572 115.94892858035762 115.02600451196277 112.94091243630085 110.68673519014156 109.82981957883494 107.667817196978 103.73425823219445 99.91900071914985 98.75299721679954 98.64508687804093 98.63773245851858 98.63623780976133 99.03703210036875 110.64398147113474 110.64837490156798 110.61367243068993 110.572428955857 110.6284684775467 110.72622489846887 110.81509212219805 110.89983746643645
canvas 1 1 120.95362052394778 120.95356277196753 120.69648577724105 120.47888824248047 120.4786430872619 118.75010508323997 116.8214419537112 116.46761710242406 116.4687343462444 116.47152767491319 116.36174539927316 115.85149570758115 114.801798266747 112.97892788110406 111.06851158101807 110.52479533430535 109.17521130200686 104.6496277530986 100.62635206194624 99.05859602032191 98.66071830462504 98.63566912978513 98.79118772346463 98.81987918664164 110.64560875283642 110.6635254316149 110.63129579122503 110.60078827551406 110.64263751656225 110.72685148288919 110.8060791165185 110.86644474125424
canvas 1 2 120.95382604434351 121.00416445332104 120.84783558947812 120.47922212312619 120.36554750904385 119.18365681950272 117.2258127010639 116.46768463653011 116.46863373794577 116.50454789722055 116.39042299211509 115.87888832918766 114.8156673326738 113.2164208218134 111.57310352484892 111.39981281294395 111.40207684260123 106.5023614327067 102.61428979675598 100.1893272673719 99.03777897492351 98.77365665503677 98.88752732522117 98.88745291779391 110.73235693607197 110.72503645379571 110.67163883094449 110.61106525937358 110.6208177347977 110.6641841516375 110.6991548253674 110.72356746678966
canvas 1 3 121.30961376224498 121.30957687270698 121.23534341641395 120.93027794135365 120.9445089078661 120.2103882315931 118.3460535355523 116.46790565508587 116.66876829455921 116.89611284160475 116.89754629983396 116.43796443550096 115.39695110713842 113.76360916853707 111.85353181120173 111.40259376989711 111.24241024244365 109.26495474770545 106.3875858431067 102.91492856996801 100.32280290185402 99.15216749265893 98.88588740950254 100.94853426224122 110.822119703246 110.77762395200484 110.7093025683875 110.64195790670985 110.64457319695528 110.6740950922778 110.68076296551831 110.6836712960937
canvas 1 4 121.30984982127963 121.76952722915264 121.8710910702374 122.01513004639297 122.20921302993723 121.92152335439724 121.39158407928241 120.81985748363773 120.19226807070606 119.50073151175044 118.81906716399487 118.09799777200672 116.92256978418413 115.13596798872611 112.34458269144866 112.19726163357976 114.44593237433257 114.84007901949876 113.51543061474614 111.40983009882575 108.6928254254619 105.68991159299016 103.8511424538034 106.33605662379946 110.866086962643 110.85571608091949 110.74380353543694 110.6582901070047 110.64972408414985 110.6572507608206 110.64788655927623 110.6465430994516
canvas 1 5 123.40478160712578 123.35454886923719 123.2751326117867 123.23007789951512 123.11122570872729 122.61530785581266 122.11291918857108 121.80522805237261 121.6181253184202 121.3541419419122 121.35723201327013 121.22209177812375 120.31396093802059 121.06618983513896 120.98761714189233 120.63690950637947 119.67819534703239 117.94511538470162 116.75441335304417 115.28203067262875 116.16880581046314 115.75851268506182 114.89283630593576 114.13621494948408 112.22416790683049 111.38157981175208 110.83893554777282 110.64602073711963 110.58869541294871 110.55208976499473 110.54303169009593 110.53993375602116
canvas 1 6 123.71220649036549 123.56164581017872 123.33009717742982 123.31230967395469 123.26176621840276 122.93379977689406 122.33800399097196 121.92441963552001 121.77035247805519 121.35411380431754 121.44657930626708 121.94547837458967 123.14772768175135 123.10210247864238 122.98628144903874 122.67225399639341 121.86412406492876 119.9321274204041 119.12413678235896 122.96424640995609 122.26728241286523 121.33851115770537 120.28147240908064 119.07086953401648 118.63652834909016 117.95641431348282 117.11137750108183 116.3263267082628 115.70219093172304 115.26991995406858 115.01259251961116 114.89809637107184
canvas 1 7 124.1307696484137 123.92091765271539 123.39626295702203 123.77854043447451 123.75483774929519 123.8226599846423 124.10094906802213 124.02714570082125 123.77893642359251 123.55674480670679 123.47937375291554 123.28795733777724 123.23945753484934 123.24324998493223 123.2523192517449 123.26221125105222 123.27397367458283 123.06360761408824 125.7157425222321 125.11962092436815 124.56716525580045 124.07843253207568 123.78514605393158 123.19401011152715 123.6827322287744 123.20708895325274 122.32072284309315 121.22552221969406 120.11783275766318 119.16924892494292 118.48678446787159 118.13178609700121
canvas 1 8 125.03517099613559 124.94382216020597 124.33182433633408 123.96791000439589 124.24566081420497 124.70523919687369 124.70334431784464 124.70284751388259 124.23542948264624 123.70239563669789 124.06895882730308 123.74062511553738 123.24787996213537 123.24360546619138 123.24914304639155 123.25772317280085 123.4372685701352 125.15456969562047 127.72784876941047 127.77140985640581 128.5380002188324 128.65035439301394 128.194809288554 127.8745112544856 128.94847720541372 129.11800199248486 129.1516380064889 129.05747842627164 128.8888620079202 128.70341759752978 128.55584810279046 128.479232317713
canvas 1 9 125.2121482061017 125.22082043880214 125.02803946140743 124.79706160145129 124.8359190179593 124.7096579795074 124.70317249698988 125.27697882919445 125.75670433125698 125.77549702365049 125.47134219089348 124.32516608332098 123.29455868870136 123.24696324697497 123.24326123060222 123.55183184122134 125.90711209437686 129.9116507394385 130.96224357473648 132.01521293252085 133.08649757460847 133.75858746831412 133.6633520527293 132.93855000051914 130.98886641283534 131.18117296691273 131.30942866468334 131.37575622487978 131.4157860637485 131.4267968867463 131.42075172339483 131.42511525832276
canvas 1 10 125.63753463020701 125.66088379430154 125.65985770195184 125.55970478936769 125.33130595187005 124.72619300397298 128.1724821262594 129.1909133909901 129.18784305632087 129.01797108728476 128.3753767054702 126.32397254253397 123.45932168497541 123.30881013586446 125.40426288589012 129.28569299030204 132.70260576709276 134.26202388039863 134.92398697200247 135.42420721688785 135.74882670180395 135.91681137956456 136.31165270665306 136.31189449171055 131.75995577608452 131.90445428327536 131.983504970181 131.97015388050204 131.94001732008098 131.94605392782393 131.99100768053654 131.9967547498758
canvas 1 11 126.18312841354833 126.18899443372256 126.29437765016932 126.35159490459442 126.14647452824566 127.11820497761268 128.8087197894723 129.20921184235993 129.39962500889163 129.40075703388837 129.4008497778998 128.20866018939617 124.00343264919653 128.61975116223613 132.29941779122137 133.35331033237756 134.85175793916994 136.23744539741654 136.8447646931623 137.04569331958325 137.03922092522248 136.8358242735349 136.29732749463636 136.4303892910819 131.98414587433012 132.02054781086056 132.00506807302634 131.99234972639607 131.99752853920145 131.99054108016742 132.01207890279923 132.0256992678351
canvas 1 12 126.5743372391623 126.62528404875836 126.91265921783658 127.30983266618838 127.48119246986967 128.2370035351038 129.11958032023176 129.30291995697166 129.39977654041766 129.40138150381748 129.4003921550983 129.47444154053937 129.96882539172591 132.7322178259439 133.81791493249446 134.63857022169728 136.67641196678773 137.76610310681875 138.21729340446748 138.25244636052471 138.20702872497313 138.25398073771822 138.2515783611113 138.24982935410108 132.06594913088452 132.0480154689518 132.01913837111735 131.9924274601456 131.98868124414034 131.98035199132013 131.99673940893987 131.99934912729682
canvas 1 13 126.91595023997361 126.91549574194356 127.38546597043621 127.83548377658119 128.36764020617193 129.24499930280896 129.52164873537077 129.50325963191855 129.39891005223464 129.4044696469162 129.50386043079047 130.4345669422459 132.64093844418784 134.30060962115343 135.1288054608569 135.49956973228032 138.15910811458534 138.849558109754 139.15148092340502 139.0264249151939 138.61159020459678 138.28640179873784 138.24288469395015 138.2065524981672 132.0499666935755 132.0412959198989 132.02479132824303 132.00031028044515 131.9850079838778 131.97203994068818 131.97913404814338 131.9908591811509
canvas 1 14 126.91591295817602 127.45332586366223 128.13195600692526 128.60912396556344 129.82484492874366 129.91750901809803 129.95161087312687 129.90134261457283 129.9043491703449 129.4644155830847 130.47817651113957 132.5749465495491 133.83648988937395 135.0240189429585 135.78595385909586 135.7840955429384 139.030898885722 139.5086601752592 139.81505276379264 139.80218796922145 139.2578721234695 138.4813806057158 138.63519815942647 138.14773817116873 132.06951784999185 132.05205473760682 132.05492465934017 132.04587524545494 132.0199884807958 131.98631898985414 132.0010543646669 132.01170297735047
canvas 1 15 128.84554920233342 128.84405437789425 128.8442802703495 129.51128441680498 130.16150483654116 130.1621051722856 130.16382326533412 130.16654381271292 133.04145552166858 133.0395098009066 133.04506222624244 133.05322511723273 133.62709407856977 135.17848045908877 135.78481649844915 136.10966203274103 139.60862140047126 139.60606964669705 139.6037752989298 139.47538271302372 138.7908866078106 138.79018543172594 138.8009315151853 138.814717331448 132.0854017705774 132.05691589686836 132.0639251059403 132.05983730892544 132.03368377055364 131.97408023641012 131.97696312419274 131.9831954895089
canvas 2 0 131.03294312855843 131.02167056082658 130.70113879189017 130.77708278366228 130.47631600578706 129.70402950890787 130.17868797846836 130.2933235998691 130.29392698691862 130.29524373970276 130.29630013991834 130.19833973524447 130.120215920476 130.37067523536206 131.25432421995873 131.30105651449335 131.46240314997027 131.64513640738446 131.87252907835776 131.935369473392 131.84375532528 131.8349311088546 131.83602081945054 131.51289330023465 128.30615845630766 128.2977940423173 128.25094862999964 128.2402406403797 128.17586508557406 128.13877280970684 128.1048804609424 128.0992586889617
canvas 2 1 131.05281261687853 131.05253278423135 131.02045133710448 131.46104913925717 131.4610941354525 130.20524839584925 130.25058405218647 130.29315664218132 130.29358714336493 130.2953503462476 130.31719951722982 130.32044906524436 130.39195526162948 130.7930460922555 131.7304106720531 131.809582343435 131.8432614414053 132.07494939154424 132.28054219067417 132.08381090156547 131.8529787968381 131.83124626675254 131.71843272362864 131.68549503431404 128.3213986695434 128.30552292483148 128.25410893315498 128.23524375388266 128.17490380634902 128.14177903165475 128.10944774846783 128.1030308512787
canvas 2 2 131.0520166335136 131.3928830024922 131.56049933150527 131.46018870793034 131.59043757157332 131.2176731928516 130.6489920192919 130.29326605275318 130.2930812341535 130.40053401853717 130.61096412464883 130.83402545124522 131.11741130578542 131.55739662668165 132.26280558377738 132.46620434148502 132.47064740205124 133.13201818208964 133.24478230788264 132.59847003917287 132.0733460839953 131.8639998811726 131.7033414670739 131.70251250516486 128.33684384547084 128.31867186634318 128.26603433983684 128.2415669751294 128.1923399646995 128.16757679636862 128.13956904517866 128.1353316662671
canvas 2 3 132.46877661838516 132.4680181138898 133.0214805029547 132.91086573593242 134.08028257893233 133.8321928214235 132.2188150080378 130.29477236267388 130.58720334603862 131.06817788173262 131.65723935187725 132.08318565518582 132.31019162229825 132.4875213615858 132.47329017338623 132.4705089376564 132.92318883245568 135.1819635157971 134.8983933605447 133.7477393429542 132.65488487546526 132.0134329341792 131.7078973211994 130.90266279788082 128.3602908233405 128.33660567361324 128.27860730884046 128.24626775010512 128.20074510113983 128.17465100967303 128.1505291390358 128.14749895515945
canvas 2 4 132.46860121022104 134.3485334411416 135.44243799389596 136.73849821607521 138.28240186375004 138.32096950626277 137.87122238951406 137.228192271518 136.40314701319846 135.5035601809007 134.80704871493327 134.5161764808182 134.20653866636115 133.76274697959698 132.83352882257205 133.21398657508425 136.85942857670108 138.3385376268109 137.8502828567037 136.85066233410487 135.3279469556174 133.5359089954865 132.13967983137152 130.60411763586504 128.37949464402482 128.33917646918763 128.29101661966482 128.25530254384756 128.2163365057226 128.19115103783818 128.1723165663314 128.17067838146218
canvas 2 5 140.94667027236605 141.0001557387178 141.09042022911933 141.0074303006052 140.78480521889077 140.05163809628795 139.48150193516622 139.18483332633718 139.0194234688561 138.80783428566983 138.8123691788085 138.68577260084916 138.25296081829663 140.32746239679074 140.70086273006848 140.79590641569467 140.65291939541913 139.87438623266448 139.19131451420773 137.9978127914371 136.09712256079806 134.83056565652956 133.25929241186537 131.1061338669065 128.64628989754544 128.32875531109337 128.28011580755165 128.25452604467398 128.2307189378825 128.2120372552036 128.19796858492055 128.1952593283212
canvas 2 6 142.05079336418802 141.70447513466925 141.25380326312268 141.23036980003045 141.26110840514224 140.7675009224413 139.92451843661388 139.4165775002506 139.3261657648766 138.80804602581668 138.98380769095658 140.06968347965935 142.65509920132263 142.63184618694552 142.56089768160356 142.38405632492237 141.96975483208016 140.9001521435406 139.84757411073892 137.92265799648675 137.06143438519277 135.82351128799664 134.1709708815031 131.85531200011894 128.86947454177187 128.25259542392598 127.9663617137203 127.84303278739154 127.78217158739434 127.7555292299759 127.73780192001296 127.73102515888728
canvas 2 7 143.4184734317414 142.83888423625038 141.44262301946662 142.61332103792628 142.57226711676506 142.90916004026263 143.82691832773006 143.7639906258421 143.3415272584874 142.97485232722207 142.84373937902703 142.66818989882813 142.7571941713383 142.75934616309888 142.76914502509024 142.78341215168192 142.8002235635253 142.61208761177463 139.57236413721014 138.53274489257336 137.60626560262892 136.2840174766554 134.5873361789211 132.4086061644617 128.5193775995793 127.96864042368985 127.67745984861352 127.54222744757297 127.48642920601567 127.48011212626264 127.48288011593739 127.4913490024499
canvas 2 8 146.36241874085076 146.08216968520355 144.24963187123686 143.16023696271927 143.9387403220561 145.20840334288897 145.20467193789543 145.2039520827979 144.25172023906362 143.25646095794698 144.03414494823008 143.58915463494503 142.76604396064596 142.75707139771302 142.7643368997737 142.77856670664377 142.83244840989371 142.69462132516017 140.1005508023631 139.1620374108989 138.20574342706544 137.1034388013681 135.56556897505843 133.2988936055678 127.7635965976032 127.429182525555 127.23512629333206 127.1259214739796 127.07590679022549 127.05138333834007 127.04131118964204 127.04539346529138
canvas 2 9 146.92112081310367 146.94875748575043 146.33118253297053 145.54817341097896 145.59682861542908 145.21956143932834 145.20456753007514 146.2829285243073 147.1296450493957 147.17275258767694 146.66563582141427 144.65740557888793 142.81857074046414 142.75752667362894 142.7538556265675 142.8950360401778 143.48464078483806 143.12322185182796 141.0426675361132 139.93747974638651 138.8682640717607 138.00295603950863 137.16487749157147 135.730976158089 127.39599483148902 127.16597392059151 127.05672015021263 127.01619478908844 127.02309243488054 127.04750612384548 127.07660942707554 127.0941484283105
canvas 2 10 148.26156182094027 148.33248049007716 148.234330183438 147.7199793483864 146.96451695686548 145.26065929999777 151.86904255354335 153.48337565463268 153.466546007456 153.1410130388965 151.97597282960282 148.26267066248926 143.0029382576445 142.8080180902715 143.92004413500325 145.22296192400466 145.33973136134927 144.2069774706014 142.22293234558072 140.65211373083343 139.36696928038486 138.51880241115956 137.9428146451384 137.9361731862528 127.21226599274672 127.02735994399514 126.97146526483215 126.98440327729853 127.01917386973359 127.06958269305842 127.11899141325443 127.14394026979352
canvas 2 11 149.9478100955909 149.9535778729544 150.07380251781038 149.85547074897883 149.10170516626732 150.82142632349957 153.2554877905185 153.52441037055453 153.72924986202014 153.73036647733156 153.73198716426828 151.52242377149182 143.56171041535896 146.23197479506229 147.59468560044897 147.34084578604754 146.46726935430996 144.91508413298058 142.89383810295388 141.07604815064343 139.61609120992253 138.73929881069188 137.94644183454048 137.12735727462143 127.11903964707373 126.98266921725751 126.96786874341662 126.98792732900426 127.0184786448599 127.07675773903007 127.13063845994797 127.16121461284182
canvas 2 12 151.1414999961577 151.28114907590407 151.83785416818404 152.33534568794718 152.5557712135257 153.5957208518538 154.14927950010545 153.8152329021212 153.72809493376178 153.7285207629885 153.72865000984396 153.47897311133988 149.24098051318663 149.20279955686303 148.84820554201008 148.3686473287157 147.07647489389495 145.54747380924562 143.52686862499493 141.47317336896427 139.66357622895086 138.722881508141 138.62820156992024 138.6239965645898 127.07706790215212 126.96962600738371 126.97668294786871 126.99666599642285 127.02066309295756 127.08035238956292 127.1296122962235 127.16556013210509
canvas 2 13 152.148709909558 152.14804521294712 153.14611529761498 153.62594918268366 154.4694457729039 155.63606506329322 155.35656340345867 154.50843749292045 153.72691340294895 153.72650984255966 153.79806664997616 154.00257246782715 151.6650093158505 150.442707802231 149.938484741328 149.5388933474571 147.24539108563047 146.06235508080465 144.26234143774963 142.03075177967762 139.86045906522216 138.74272799293112 138.62389158598094 137.80314288606476 127.02121321744558 126.96183508877758 126.96767477820345 126.98844441038779 127.01656983891628 127.08147594800958 127.1291172897033 127.1667145882282
canvas 2 14 152.14789388570668 153.62463994314555 155.0175242568075 155.34701361411643 156.77485908625084 156.83019648269257 156.57987448252723 155.80961054330544 154.5339320803933 153.7887100689323 154.5585028802061 154.9401253790513 153.1316793962998 151.20412648708398 150.4766744590883 150.48555860881004 147.05725212366272 146.35627135938964 145.06128338781733 142.5384795369489 139.94581790503761 138.75600256216018 138.31759843424604 134.6758728746116 127.00664572958284 126.96885444083804 126.96690352114256 126.98664923939194 127.01758134247838 127.08718201877224 127.1331165085122 127.1779378829636
canvas 2 15 156.5689702505871 156.56837373693568 156.57048646855836 156.9034463909441 157.07636747404598 157.07816512876641 157.0789683091849 157.07793900632254 155.22529164766243 155.23320709537725 155.23582876694178 155.233919141581 154.3882674583178 151.57190295744132 150.47393320407522 150.22214642120514 146.0892406569329 146.0934707013035 146.09032065574078 140.41293153181056 136.8404365869874 136.83848605893232 136.82059817571604 136.79795581989853 127.00889458613139 126.97542703655263 126.96427133049603 126.98714186643438 127.013843708484 127.08106137189422 127.1317742430142 127.17950139015461
constants method=tv centres_tested=6.233235421751544e-13 centres_reference=3.222221414011781e-14 tau=1.9267848867997692 sigma=0.06422616289332565 rho=1.9 root=0.9949874371066201 gamma_max=1.0 lipschitz=64.00000000000007 dual_lipschitz=10399.306130699308 dual_centres=0.0005351619083310781 weight_max=4.444444444444444e-06 dual_reach=3676.709942326155 dual_fixed=0.31500000000000017 xi_bound=64.00000000000007 xi_terms_bound=64.00000000000007 cells=4 vector_terms=6 tensor_terms=9 primal_terms=3740 dual_terms=648 dual_rounding=4
start SI0=6005.028289552193 ScenA=7.03986633284664e-13 ScenR=3.311564834205143e-14 Sgx0=496.1905233668289
majorant 0 Ma=31.86841337988246 McenA=2.466913395938156e-18 McenR=1.9007332905880598e-19 Md=0.0 Mf=34060.63113609378 Mg=31.86841337988246 Mi=6005.028289552197 Mmean=4195.168432720447 Mp=17.10226231362882 Mphi=4921.120986803614 Mput=4195.168432720448 Mq=329.4657160280579 Mrp=32.49429839589476 Mrx=14363.367875654734 Mx=5129.774241305262
majorant 1 Ma=53.77107338651267 McenA=2.466913395938156e-18 McenR=1.9007332905880598e-19 Md=145.74318854005884 Mf=34056.19973726452 Mg=26.156780327376783 Mi=6019.268422732283 Mmean=4194.764359789067 Mp=20.376911759038787 Mphi=4916.458220182438 Mput=4194.843094345535 Mq=328.9152267760794 Mrp=66.7827654128745 Mrx=14354.047464250725 Mx=5129.774241305264
majorant 2 Ma=36.97690528266224 McenA=2.466913395938156e-18 McenR=1.9007332905880598e-19 Md=67.6806056283479 Mf=34050.971613921334 Mg=28.92600366638485 Mi=6063.596789607932 Mmean=4194.247045222966 Mp=21.415104623458216 Mphi=4912.118528628005 Mput=4194.484852050023 Mq=329.00052268190535 Mrp=53.30647145917098 Mrx=14340.85827292498 Mx=5121.542466959097
majorant 3 Ma=52.103181986713466 McenA=2.466913395938156e-18 McenR=1.9007332905880598e-19 Md=135.44657513943076 Mf=34039.09049338672 Mg=25.480678932659192 Mi=6057.5265793590825 Mmean=4193.8374140429705 Mp=22.058522932930412 Mphi=4910.520675287502 Mput=4193.991034783953 Mq=328.6738668457208 Mrp=68.16614940643026 Mrx=14337.706251264246 Mx=5122.451494062294
majorant 4 Ma=38.92139318857378 McenA=2.466913395938156e-18 McenR=1.9007332905880598e-19 Md=78.49161885181063 Mf=34039.11602509244 Mg=28.263539451642217 Mi=6075.42581234519 Mmean=4193.389554834844 Mp=22.167779282093697 Mphi=4908.720458430385 Mput=4193.520638621753 Mq=328.8576878311475 Mrp=57.28810715913099 Mrx=14331.694309146485 Mx=5117.665049192627
majorant 5 Ma=50.7107398029317 McenA=2.466913395938156e-18 McenR=1.9007332905880598e-19 Md=129.04886726146253 Mf=34038.00815670069 Mg=25.632464954495763 Mi=6095.343986217233 Mmean=4192.930118700345 Mp=22.29684097867303 Mphi=4909.341001710919 Mput=4193.067391671764 Mq=328.59315540710816 Mrp=67.33583883890698 Mrx=14332.456549395789 Mx=5120.15411950829
majorant 6 Ma=40.18382849947427 McenA=2.466913395938156e-18 McenR=1.9007332905880598e-19 Md=83.54951210669232 Mf=34038.02294825514 Mg=28.152627467171467 Mi=6122.937497919405 Mmean=4192.501251231551 Mp=22.263530379586275 Mphi=4907.995904865272 Mput=4195.031847288642 Mq=328.7597523029869 Mrp=58.497902337935194 Mrx=14327.954248202359 Mx=5116.371051799827
majorant 7 Ma=49.606702023284406 McenA=2.466913395938156e-18 McenR=1.9007332905880598e-19 Md=123.68320237897521 Mf=34036.459611566424 Mg=26.00610929645981 Mi=6145.685115284632 Mmean=4192.530193093865 Mp=22.205218363500066 Mphi=4908.81860737668 Mput=4193.137719335623 Mq=328.53552083979116 Mrp=66.14365049508021 Mrx=14328.887269092584 Mx=5118.648557976608
majorant 8 Ma=41.073980271170186 McenA=2.466913395938156e-18 McenR=1.9007332905880598e-19 Md=86.10034103159701 Mf=34035.61976291685 Mg=28.041554840327898 Mi=6163.821459255688 Mmean=4192.217781744489 Mp=22.092048198988948 Mphi=4907.654688772933 Mput=4194.566188123386 Mq=328.66436537476255 Mrp=58.73236209928284 Mrx=14324.898472784937 Mx=5115.448460815889
majorant 9 Ma=48.65184089816517 McenA=2.466913395938156e-18 McenR=1.9007332905880598e-19 Md=118.76416313911896 Mf=34034.05624859656 Mg=26.257325700383387 Mi=6177.177882124599 Mmean=4192.222649463422 Mp=22.04154646794879 Mphi=4908.277145927661 Mput=4193.257541995658 Mq=328.4762157595655 Mrp=64.8746371133941 Mrx=14325.37242040004 Mx=5117.196199356417
majorant 10 Ma=41.7957890597231 McenA=2.466913395938156e-18 McenR=1.9007332905880598e-19 Md=88.69935988615515 Mf=34033.172779773595 Mg=27.924739572483148 Mi=6189.298954621323 Mmean=4191.980047782076 Mp=22.020804091976036 Mphi=4907.298630691899 Mput=4195.262304546779 Mq=328.58022068197613 Mrp=59.06644147370137 Mrx=14321.943179294482 Mx=5114.502359988697
majorant 11 Ma=47.98335792543274 McenA=2.466913395938156e-18 McenR=1.9007332905880598e-19 Md=115.32602083764552 Mf=34031.75524647444 Mg=26.525985396668773 Mi=6198.966632136661 Mmean=4192.087505570928 Mp=22.023114847036705 Mphi=4907.864023680705 Mput=4193.340990771201 Mq=328.42116062335856 Mrp=64.18266093318334 Mrx=14322.204774533913 Mx=5115.907266946728
majorant 12 Ma=42.47025599635282 McenA=2.466913395938156e-18 McenR=1.9007332905880598e-19 Md=91.11251430145995 Mf=34030.82880808479 Mg=27.9211340300553 Mi=6208.494530412919 Mmean=4191.881308348126 Mp=22.020807180855076 Mphi=4907.039681604477 Mput=4194.924097343417 Mq=328.5013932702532 Mrp=59.54697041532128 Mrx=14319.178694843431 Mx=5113.625930493867
majorant 13 Ma=47.48607819940997 McenA=2.466913395938156e-18 McenR=1.9007332905880598e-19 Md=112.81504718972761 Mf=34029.65923591955 Mg=26.803219364716035 Mi=6216.72454307939 Mmean=4191.955763931296 Mp=22.00635376058436 Mphi=4907.498867399174 Mput=4193.364126093152 Mq=328.3703287205115 Mrp=63.65512751015376 Mrx=14319.237056589434 Mx=5114.699202695057
majorant 14 Ma=43.014649485470855 McenA=2.466913395938156e-18 McenR=1.9007332905880598e-19 Md=93.16509163620694 Mf=34029.15783276183 Mg=27.925828616925624 Mi=6222.601959413336 Mmean=4191.779497649064 Mp=21.995113158690295 Mphi=4906.86604515224 Mput=4194.743327786359 Mq=328.4336230524273 Mrp=59.86450051311247 Mrx=14316.694061832906 Mx=5112.815092659747
majorant 15 Ma=47.06945584777116 McenA=2.466913395938156e-18 McenR=1.9007332905880598e-19 Md=110.69688261009071 Mf=34028.52852499788 Mg=27.02001019696896 Mi=6226.858900697819 Mmean=4191.834312190749 Mp=21.99068738602426 Mphi=4907.280780556886 Mput=4193.629360352088 Mq=328.32389629382243 Mrp=63.208280714387946 Mrx=14316.63601736119 Mx=5113.657588690007
majorant 16 Ma=43.46845254250037 McenA=2.466913395938156e-18 McenR=1.9007332905880598e-19 Md=94.70377634044301 Mf=34028.242158899164 Mg=27.946104274635385 Mi=6230.853563080756 Mmean=4191.693406994668 Mp=21.995139955954187 Mphi=4906.784664351477 Mput=4194.493554884028 Mq=328.36999352682625 Mrp=60.177798066776994 Mrx=14314.398564513269 Mx=5112.077172895047
majorant 17 Ma=46.76853845750643 McenA=2.466913395938156e-18 McenR=1.9007332905880598e-19 Md=109.00476871219409 Mf=34027.66195218971 Mg=27.229243807134765 Mi=6235.247838606484 Mmean=4191.731189552352 Mp=21.979246878303783 Mphi=4907.109624158414 Mput=4193.627527998455 Mq=328.276016961098 Mrp=62.87801306720581 Mrx=14314.128891827311 Mx=5112.6803372101
majorant 18 Ma=43.83844663587195 McenA=2.466913395938156e-18 McenR=1.9007332905880598e-19 Md=95.91929031574178 Mf=34027.34210477743 Mg=27.983099456431518 Mi=6240.350313330251 Mmean=4191.615255727301 Mp=21.934509567090373 Mphi=4906.699670822361 Mput=4194.355859964035 Mq=328.309366292334 Mrp=60.295925399048095 Mrx=14312.109793860222 Mx=5111.3207850735325
majorant 19 Ma=46.48196498868475 McenA=2.466913395938156e-18 McenR=1.9007332905880598e-19 Md=107.33970192255317 Mf=34026.89261205984 Mg=27.39993913683954 Mi=6245.980800199123 Mmean=4191.64602839 Mp=21.897229258183 Mphi=4906.971452993419 Mput=4193.673769200132 Mq=328.22918145050556 Mrp=62.39134688878405 Mrx=14311.714102660515 Mx=5111.746304669987
majorant 20 Ma=44.11653195885509 McenA=2.466913395938156e-18 McenR=1.9007332905880598e-19 Md=96.77617849170038 Mf=34026.68527936336 Mg=28.02010296019428 Mi=6251.731037237229 Mmean=4191.553584710278 Mp=21.87277288639664 Mphi=4906.650122408453 Mput=4194.264167170981 Mq=328.25209355643443 Mrp=60.32207843421876 Mrx=14309.900243860222 Mx=5110.5817663575335
majorant 21 Ma=46.27486419227919 McenA=2.466913395938156e-18 McenR=1.9007332905880598e-19 Md=106.21347930183086 Mf=34026.32904510479 Mg=27.56080365410021 Mi=6256.888416156683 Mmean=4191.577851009844 Mp=21.859076508759443 Mphi=4906.8780121869695 Mput=4193.712002277318 Mq=328.18259560047136 Mrp=62.071348491156414 Mrx=14309.393924755837 Mx=5110.862567144219
majorant 22 Ma=44.37160908119166 McenA=2.466913395938156e-18 McenR=1.9007332905880598e-19 Md=97.7611250327123 Mf=34026.12763942984 Mg=28.070502958136558 Mi=6261.901583528103 Mmean=4191.500097605434 Mp=21.83551330028045 Mphi=4906.61875004126 Mput=4194.192853610375 Mq=328.1966456163604 Mrp=60.3994916864756 Mrx=14307.727276713224 Mx=5109.848794206928
majorant 23 Ma=46.10927914033309 McenA=2.466913395938156e-18 McenR=1.9007332905880598e-19 Md=105.33697069060028 Mf=34025.856241126974 Mg=27.69604526807949 Mi=6266.814624862754 Mmean=4191.505798109388 Mp=21.820464062027458 Mphi=4906.802375689568 Mput=4193.726500698563 Mq=328.13652050171123 Mrp=61.79343449071874 Mrx=14307.13042455768 Mx=5110.006002712608
majorant 24 Ma=44.57164331583167 McenA=2.466913395938156e-18 McenR=1.9007332905880598e-19 Md=98.47732987747214 Mf=34025.7791703032 Mg=28.108395947703457 Mi=6271.305988437407 Mmean=4191.435415411336 Mp=21.81481722822882 Mphi=4906.602785776968 Mput=4194.097428159601 Mq=328.14442996509996 Mrp=60.472336189595694 Mrx=14305.617403836844 Mx=5109.124648635504
majorant 25 Ma=45.98034758968531 McenA=2.466913395938156e-18 McenR=1.9007332905880598e-19 Md=104.64126285114327 Mf=34025.66069126817 Mg=27.795841004653152 Mi=6275.1325425225905 Mmean=4191.432881196239 Mp=21.819738171519962 Mphi=4906.765017215176 Mput=4193.744136285439 Mq=328.0923861497001 Mrp=61.649095320809025 Mrx=14304.98371971415 Mx=5109.197610855931
majorant 26 Ma=44.743657413817196 McenA=2.466913395938156e-18 McenR=1.9007332905880598e-19 Md=99.136946606453 Mf=34025.6262449499 Mg=28.126077393638827 Mi=6278.570755588159 Mmean=4191.3838898064205 Mp=21.819927881884404 Mphi=4906.61719284921 Mput=4194.049598128825 Mq=328.09493184451856 Mrp=60.60621344146931 Mrx=14303.604599636317 Mx=5108.431540216659
majorant 27 Ma=45.88156751488694 McenA=2.466913395938156e-18 McenR=1.9007332905880598e-19 Md=104.03623489283699 Mf=34025.50470000167 Mg=27.877633693124555 Mi=6281.7188638297885 Mmean=4191.386547294982 Mp=21.810860359786126 Mphi=4906.752569217584 Mput=4193.76138010392 Mq=328.0485475695964 Mrp=61.52581274404459 Mrx=14302.91805292217 Mx=5108.430925815228
majorant 28 Ma=44.87632517640962 McenA=2.466913395938156e-18 McenR=1.9007332905880598e-19 Md=99.47829855857827 Mf=34025.44473225458 Mg=28.150460245177282 Mi=6284.960718468865 Mmean=4191.346035448188 Mp=21.805831694114506 Mphi=4906.630660283088 Mput=4193.987502045364 Mq=328.0463276371652 Mrp=60.656802689451816 Mrx=14301.616376305148 Mx=5107.744854616565
majorant 29 Ma=45.802485084990785 McenA=2.466913395938156e-18 McenR=1.9007332905880598e-19 Md=103.45058692316562 Mf=34025.323143369664 Mg=27.95313186348787 Mi=6288.038350174574 Mmean=4191.345474136263 Mp=21.80765014930483 Mphi=4906.737072011206 Mput=4193.9265155047115 Mq=328.0051336692655 Mrp=61.423889320577246 Mrx=14300.883249176726 Mx=5107.6777445899015
majorant 30 Ma=44.99662338121198 McenA=2.466913395938156e-18 McenR=1.9007332905880598e-19 Md=99.84197161223133 Mf=34025.251193128126 Mg=28.178492576646008 Mi=6290.9632207704635 Mmean=4191.3235640487155 Mp=21.812861320520305 Mphi=4906.646067945574 Mput=4194.04521240788 Mq=327.9992228912272 Mrp=60.74888354781499 Mrx=14299.662734552137 Mx=5107.065095525643
majorant 31 Ma=45.750501881963665 McenA=2.466913395938156e-18 McenR=1.9007332905880598e-19 Md=103.12066655692148 Mf=34025.11578996237 Mg=28.019734056711748 Mi=6293.750022282824 Mmean=4191.327528257667 Mp=21.82560073052575 Mphi=4906.732504176351 Mput=4193.920886887092 Mq=327.96148327083705 Mrp=61.39772396838893 Mrx=14298.88635755206 Mx=5106.947057787581
majorant 32 Ma=45.10584242105395 McenA=2.466913395938156e-18 McenR=1.9007332905880598e-19 Md=100.29723006816103 Mf=34025.02845551729 Mg=28.204156578316084 Mi=6296.298182559449 Mmean=4191.308197977677 Mp=21.832500323788334 Mphi=4906.654855954145 Mput=4194.0107593923185 Mq=327.9526286612021 Mrp=60.869774368645054 Mrx=14297.71195528533 Mx=5106.382947528118
majorant 33 Ma=45.71247938375817 McenA=2.466913395938156e-18 McenR=1.9007332905880598e-19 Md=102.9540808854665 Mf=34024.91397910401 Mg=28.075213774228118 Mi=6298.580711216508 Mmean=4191.31025356437 Mp=21.836041871897923 Mphi=4906.72493845896 Mput=4193.897145288676 Mq=327.9179852320879 Mrp=61.37499661567692 Mrx=14296.90532386225 Mx=5106.223782444981
majorant 34 Ma=45.18875006403593 McenA=2.466913395938156e-18 McenR=1.9007332905880598e-19 Md=100.67530504470375 Mf=34024.85224169962 Mg=28.22605162651365 Mi=6300.733810861403 Mmean=4191.291963982918 Mp=21.836473935413824 Mphi=4906.662519791275 Mput=4193.96344211741 Mq=327.90675539228073 Mrp=60.93280170185343 Mrx=14295.776579382808 Mx=5105.70341563863
majorant 35 Ma=45.678267492672035 McenA=2.466913395938156e-18 McenR=1.9007332905880598e-19 Md=102.83296169799907 Mf=34024.772618671464 Mg=28.12296733738373 Mi=6302.802596266706 Mmean=4191.290437925306 Mp=21.83603301421689 Mphi=4906.720187554872 Mput=4193.877619615025 Mq=327.8747955542899 Mrp=61.331100852201864 Mrx=14294.948638949532 Mx=5105.511294382964
majorant 36 Ma=45.25208691586386 McenA=2.466913395938156e-18 McenR=1.9007332905880598e-19 Md=100.9754580222592 Mf=34024.742377509334 Mg=28.2427001890781 Mi=6304.765719657448 Mmean=4191.273508000195 Mp=21.835349243305544 Mphi=4906.672638608347 Mput=4193.931808781278 Mq=327.8619264608604 Mrp=60.96973295674544 Mrx=14293.866018841762 Mx=5105.028971452264
majorant 37 Ma=45.64665678265986 McenA=2.466913395938156e-18 McenR=1.9007332905880598e-19 Md=102.68953968017493 Mf=34024.69773464883 Mg=28.157849730760542 Mi=6306.404992959095 Mmean=4191.270871350526 Mp=21.832834655841527 Mphi=4906.723639181476 Mput=4193.850913902173 Mq=327.83222073048705 Mrp=61.28743747353932 Mrx=14293.029950681317 Mx=5104.814504659612
majorant 38 Ma=45.30149246196074 McenA=2.466913395938156e-18 McenR=1.9007332905880598e-19 Md=101.14516765451567 Mf=34024.68741818524 Mg=28.25765418020149 Mi=6307.821619452061 Mmean=4191.255079716621 Mp=21.8252024610951 Mphi=4906.688474269115 Mput=4193.885445419318 Mq=327.817829946188 Mrp=60.97827954909352 Mrx=14291.98445143118 Mx=5104.364396196849
majorant 39 Ma=45.616177340261586 McenA=2.466913395938156e-18 McenR=1.9007332905880598e-19 Md=102.45229369584686 Mf=34024.64780544977 Mg=28.189072153178145 Mi=6309.047219465848 Mmean=4191.250121740221 Mp=21.813450322103787 Mphi=4906.730680252622 Mput=4193.8218573202485 Mq=327.789620738648 Mrp=61.20807372804803 Mrx=14291.131834058599 Mx=5104.129034500218
majorant 40 Ma=45.33163904627402 McenA=2.466913395938156e-18 McenR=1.9007332905880598e-19 Md=101.11474999670025 Mf=34024.61561830349 Mg=28.2694436448218 Mi=6310.130624822425 Mmean=4191.234800333777 Mp=21.800767138741033 Mphi=4906.700255896561 Mput=4193.853844831454 Mq=327.7738430868506 Mrp=60.936648920168984 Mrx=14290.104827467849 Mx=5103.700014853209
majorant 41 Ma=45.58363442197321 McenA=2.466913395938156e-18 McenR=1.9007332905880598e-19 Md=102.127560812943 Mf=34024.548200265104 Mg=28.212088878899458 Mi=6311.19596269087 Mmean=4191.230065078269 Mp=21.79018587704627 Mphi=4906.732293400915 Mput=4193.800988002249 Mq=327.7469521396647 Mrp=61.117585579659014 Mrx=14289.235696039414 Mx=5103.445193181835
majorant 42 Ma=45.352528059617356 McenA=2.466913395938156e-18 McenR=1.9007332905880598e-19 Md=101.0336861204289 Mf=34024.486089726284 Mg=28.275423002916213 Mi=6312.191913567503 Mmean=4191.218435073115 Mp=21.782160408683076 Mphi=4906.70632740008 Mput=4193.824241141661 Mq=327.7300267786781 Mrp=60.90309133728871 Mrx=14288.225951218234 Mx=5103.03469864047
majorant 43 Ma=45.55868584749694 McenA=2.466913395938156e-18 McenR=1.9007332905880598e-19 Md=101.88989418227705 Mf=34024.39962885634 Mg=28.230505811479656 Mi=6313.2600088962745 Mmean=4191.21280707614 Mp=21.774195639476304 Mphi=4906.728874551202 Mput=4193.783748990093 Mq=327.70414219226177 Mrp=61.0535545223567 Mrx=14287.341987732787 Mx=5102.763824382141
majorant 44 Ma=45.37102177345968 McenA=2.466913395938156e-18 McenR=1.9007332905880598e-19 Md=101.0430359874878 Mf=34024.31958073888 Mg=28.282532500189316 Mi=6314.513403370957 Mmean=4191.201742376336 Mp=21.765127117035007 Mphi=4906.70450672305 Mput=4193.806425285793 Mq=327.68637613120205 Mrp=60.87352520512008 Mrx=14286.345856381391 Mx=5102.36741123772
majorant 45 Ma=45.53509909333545 McenA=2.466913395938156e-18 McenR=1.9007332905880598e-19 Md=101.75838205098542 Mf=34024.21988555221 Mg=28.24432135471222 Mi=6315.724876990968 Mmean=4191.195774708759 Mp=21.75704230905128 Mphi=4906.7196200309245 Mput=4193.77346650465 Mq=327.6614369535466 Mrp=60.9892123464665 Mrx=14285.454180916002 Mx=5102.084805705808
majorant 46 Ma=45.3809692546646 McenA=2.466913395938156e-18 McenR=1.9007332905880598e-19 Md=101.0893645430716 Mf=34024.13009752635 Mg=28.283013841096903 Mi=6316.733037835963 Mmean=4191.185426826592 Mp=21.75335979380705 Mphi=4906.697506139764 Mput=4193.7907570513635 Mq=327.6431512868157 Mrp=60.85036387643111 Mrx=14284.475151440509 Mx=5101.70179051334
majorant 47 Ma=45.51562956119996 McenA=2.466913395938156e-18 McenR=1.9007332905880598e-19 Md=101.70688996489086 Mf=34024.030059422534 Mg=28.249633566626283 Mi=6317.584169682174 Mmean=4191.179203992011 Mp=21.75718531741153 Mphi=4906.708058935881 Mput=4193.766822745307 Mq=327.6191131855225 Mrp=60.97000322762442 Mrx=14283.583816982995 Mx=5101.412169248129
majorant 48 Ma=45.39793683321912 McenA=2.466913395938156e-18 McenR=1.9007332905880598e-19 Md=101.23261558859032 Mf=34023.94203468726 Mg=28.282226638692205 Mi=6318.466101571568 Mmean=4191.169687925834 Mp=21.766452276810956 Mphi=4906.6888856317755 Mput=4193.784230270514 Mq=327.6004826778848 Mrp=60.89303729794359 Mrx=14282.623678035767 Mx=5101.042130906116
majorant 49 Ma=45.51422904046967 McenA=2.466913395938156e-18 McenR=1.9007332905880598e-19 Md=101.77965245109893 Mf=34023.84589641056 Mg=28.258706455268197 Mi=6319.420086473758 Mmean=4191.163763256884 Mp=21.77504256203699 Mphi=4906.696082442268 Mput=4193.763796318209 Mq=327.5772005411362 Mrp=61.01023378417953 Mrx=14281.735275943025 Mx=5100.748056569852
majorant 50 Ma=45.41941119721202 McenA=2.466913395938156e-18 McenR=1.9007332905880598e-19 Md=101.38771880163733 Mf=34023.758066265946 Mg=28.28589578782964 Mi=6320.36336518988 Mmean=4191.1550674750815 Mp=21.78128203515782 Mphi=4906.678964072029 Mput=4193.774551005344 Mq=327.5583376799501 Mrp=60.94599722576265 Mrx=14280.791972223518 Mx=5100.388976554456
majorant 51 Ma=45.51166152529946 McenA=2.466913395938156e-18 McenR=1.9007332905880598e-19 Md=101.79834291925489 Mf=34023.66302402886 Mg=28.266204077487796 Mi=6321.275563643825 Mmean=4191.149139947117 Mp=21.786735040238593 Mphi=4906.683410362105 Mput=4193.756374977456 Mq=327.53575541982315 Mrp=61.03545927211882 Mrx=14279.9085778147 Mx=5100.092013219298
majorant 52 Ma=45.434035358031984 McenA=2.466913395938156e-18 McenR=1.9007332905880598e-19 Md=101.46119685145219 Mf=34023.576278991815 Mg=28.28716603207805 Mi=6322.219614613314 Mmean=4191.141004341437 Mp=21.79291993487806 Mphi=4906.6687832314665 Mput=4193.764630858666 Mq=327.5167564669638 Mrp=60.98535911871356 Mrx=14278.982156421313 Mx=5099.743140974149
majorant 53 Ma=45.50918789176249 McenA=2.466913395938156e-18 McenR=1.9007332905880598e-19 Md=101.78842310401616 Mf=34023.48450657053 Mg=28.270111267034252 Mi=6323.289035659647 Mmean=4191.13517117158 Mp=21.801483425205497 Mphi=4906.671845489868 Mput=4193.746798892396 Mq=327.49471727614775 Mrp=61.06786559775731 Mrx=14278.104012004167 Mx=5099.4446758587765
majorant 54 Ma=45.450631760005116 McenA=2.466913395938156e-18 McenR=1.9007332905880598e-19 Md=101.531607814553 Mf=34023.39964948989 Mg=28.289866117134252 Mi=6324.459190747551 Mmean=4191.127393698647 Mp=21.809958249534407 Mphi=4906.659195923907 Mput=4193.749076011532 Mq=327.47557427660104 Mrp=61.03900200371759 Mrx=14277.190169943198 Mx=5099.103760981869
majorant 55 Ma=45.515229326208534 McenA=2.466913395938156e-18 McenR=1.9007332905880598e-19 Md=101.80232014034365 Mf=34023.31063764019 Mg=28.281178939947328 Mi=6325.567787523934 Mmean=4191.121365785904 Mp=21.81507436913276 Mphi=4906.66069535344 Mput=4193.732865193904 Mq=327.4539976450596 Mrp=61.10366576581537 Mrx=14276.315658868678 Mx=5098.803562228503
majorant 56 Ma=45.466581194676316 McenA=2.466913395938156e-18 McenR=1.9007332905880598e-19 Md=101.58026391384695 Mf=34023.227173994936 Mg=28.299226143887953 Mi=6326.53872755519 Mmean=4191.11388744801 Mp=21.818819121380557 Mphi=4906.649638517984 Mput=4193.735539756984 Mq=327.4348032821892 Mrp=61.070072948456186 Mrx=14275.413549103072 Mx=5098.469402502771
majorant 57 Ma=45.518618807101575 McenA=2.466913395938156e-18 McenR=1.9007332905880598e-19 Md=101.80262891926235 Mf=34023.14009990978 Mg=28.293307489674536 Mi=6327.4378107180855 Mmean=4191.108079938772 Mp=21.82161280094961 Mphi=4906.650251708911 Mput=4193.721498702625 Mq=327.4136435334535 Mrp=61.118386227004486 Mrx=14274.544425297705 Mx=5098.168781389382
majorant 58 Ma=45.479584103822255 McenA=2.466913395938156e-18 McenR=1.9007332905880598e-19 Md=101.63154799989185 Mf=34023.05636080915 Mg=28.309448126314123 Mi=6328.28569895352 Mmean=4191.1011179729 Mp=21.821591432959547 Mphi=4906.640416242281 Mput=4193.719246889394 Mq=327.394398161779 Mrp=61.08443880367432 Mrx=14273.652936516384 Mx=5097.840767035012
majorant 59 Ma=45.51987491284843 McenA=2.466913395938156e-18 McenR=1.9007332905880598e-19 Md=101.81048859509917 Mf=34022.96765720678 Mg=28.305559652014246 Mi=6329.049465331021 Mmean=4191.095225624826 Mp=21.81770687441964 Mphi=4906.639314659175 Mput=4193.704126393222 Mq=327.3735721363302 Mrp=61.107517170194434 Mrx=14272.787920712108 Mx=5097.539699189637
recordbound 0 Dabs=-1.0 Lcen=0.0 Lzeta=0.0 P=8130.871529336908 Zdot=0.0
recordbound 20 Dabs=-1.0 Lcen=0.00019067312887664688 Lzeta=0.00019067312887664688 P=6259.6276800221 Zdot=0.0
recordbound 40 Dabs=-1.0 Lcen=0.00019324985881861694 Lzeta=0.00019324985881861694 P=6200.572114020959 Zdot=0.0
recordbound 60 Dabs=-1.0 Lcen=0.00019395312943484532 Lzeta=0.00019395312943484532 P=6178.521105934048 Zdot=0.0
stop 60 iterations
tolerance canvas 5.147583698744394e-07
tolerance record 0 8.079894979390449e-09 -1.0 -1.0
tolerance record 20 1.0798291192292166e-05 -1.0 -1.0
tolerance record 40 2.1870222447626626e-05 -1.0 -1.0
tolerance record 60 3.294986447317951e-05 -1.0 -1.0
