# A conformance case of JPEG-Unround, written by conformance/generate.py: the quantized
# coefficients of a picture and the options of its reconstruction; what the Python
# implementation made of them; the exact centres; and what bounds the rounding of that
# run, from which conformance/bounds.py computes the tolerances at the end (docs/math.md, 9).
# Each line is a keyword and its values. Numbers are decimal, each double the shortest
# decimal that reads back as it; an exact centre is hi:lo, two doubles whose sum is the
# value to about 2^-106 of it.
name colour422-tv-apart
picture 16 24 ycbcr
component 0 2 1 2 3
table 0 24 16 15 24 36 60 76 92 18 18 21 28 39 87 90 82 21 20 24 36 60 86 104 84 21 26 33 44 76 130 120 93 27 33 56 84 102 164 154 116 36 52 82 96 122 156 170 138 74 96 117 130 154 182 180 152 108 138 142 147 168 150 154 148
levels 0 0 -5 -5 -2 0 0 0 0 0 7 4 -2 1 0 0 0 0 -1 1 0 0 0 0 0 0 -1 0 0 0 0 0 0 0 1 1 0 0 0 0 0 0 0 0 0 0 0 0 0 0 0 0 0 0 0 0 0 0 0 0 0 0 0 0 0 0 9 -5 -2 1 0 0 0 0 -8 4 0 -1 0 0 0 0 -1 -1 0 0 0 0 0 0 0 0 0 0 0 0 0 0 -1 1 0 0 0 0 0 0 0 0 0 0 0 0 0 0 0 0 0 0 0 0 0 0 0 0 0 0 0 0 0 0 -1 8 -1 0 0 0 0 0 4 -7 -3 -1 0 0 0 0 -1 0 1 0 0 0 0 0 0 0 0 0 0 0 0 0 1 -1 0 0 0 0 0 0 0 0 0 0 0 0 0 0 0 0 0 0 0 0 0 0 0 0 0 0 0 0 0 0
levels 0 1 -1 0 3 -1 0 0 0 0 -7 -6 1 0 0 0 0 0 0 3 -2 0 0 0 0 0 -2 -1 1 0 0 0 0 0 0 1 0 0 0 0 0 0 0 -1 0 0 0 0 0 0 0 0 0 0 0 0 0 0 0 0 0 0 0 0 0 0 -5 4 1 -1 0 0 0 0 13 -5 -1 1 0 0 0 0 -1 -5 0 1 0 0 0 0 2 0 0 0 0 0 0 0 0 -1 0 0 0 0 0 0 1 1 0 0 0 0 0 0 0 0 0 0 0 0 0 0 0 0 0 0 0 0 0 0 -3 -2 1 0 0 0 0 0 -2 10 2 1 0 0 0 0 3 1 0 0 0 0 0 0 -1 1 1 0 0 0 0 0 1 0 0 0 0 0 0 0 -1 0 0 0 0 0 0 0 0 0 0 0 0 0 0 0 0 0 0 0 0 0 0 0
component 1 1 1 2 2
table 1 26 27 36 70 148 148 148 148 27 32 39 99 148 148 148 148 36 39 84 148 148 148 148 148 70 99 148 148 148 148 148 148 148 148 148 148 148 148 148 148 148 148 148 148 148 148 148 148 148 148 148 148 148 148 148 148 148 148 148 148 148 148 148 148
levels 1 0 -8 -1 0 0 0 0 0 0 0 0 0 0 0 0 0 0 0 0 0 0 0 0 0 0 0 0 0 0 0 0 0 0 0 0 0 0 0 0 0 0 0 0 0 0 0 0 0 0 0 0 0 0 0 0 0 0 0 0 0 0 0 0 0 0 0 -3 0 0 0 0 0 0 0 0 0 0 0 0 0 0 0 0 0 0 0 0 0 0 0 0 0 0 0 0 0 0 0 0 0 0 0 0 0 0 0 0 0 0 0 0 0 0 0 0 0 0 0 0 0 0 0 0 0 0 0 0 0 0
levels 1 1 0 0 0 0 0 0 0 0 -4 0 0 0 0 0 0 0 0 0 0 0 0 0 0 0 0 0 0 0 0 0 0 0 0 0 0 0 0 0 0 0 0 0 0 0 0 0 0 0 0 0 0 0 0 0 0 0 0 0 0 0 0 0 0 0 0 0 0 0 0 0 0 0 0 -1 0 0 0 0 0 0 0 0 0 0 0 0 0 0 0 0 0 0 0 0 0 0 0 0 0 0 0 0 0 0 0 0 0 0 0 0 0 0 0 0 0 0 0 0 0 0 0 0 0 0 0 0 0 0
component 2 1 1 2 2
table 2 26 27 36 70 148 148 148 148 27 32 39 99 148 148 148 148 36 39 84 148 148 148 148 148 70 99 148 148 148 148 148 148 148 148 148 148 148 148 148 148 148 148 148 148 148 148 148 148 148 148 148 148 148 148 148 148 148 148 148 148 148 148 148 148
levels 2 0 2 1 0 0 0 0 0 0 -2 -1 0 0 0 0 0 0 0 0 0 0 0 0 0 0 0 0 0 0 0 0 0 0 0 0 0 0 0 0 0 0 0 0 0 0 0 0 0 0 0 0 0 0 0 0 0 0 0 0 0 0 0 0 0 0 -3 1 0 0 0 0 0 0 2 -1 0 0 0 0 0 0 0 0 0 0 0 0 0 0 0 0 0 0 0 0 0 0 0 0 0 0 0 0 0 0 0 0 0 0 0 0 0 0 0 0 0 0 0 0 0 0 0 0 0 0 0 0 0 0
levels 2 1 4 2 0 0 0 0 0 0 1 0 0 0 0 0 0 0 0 0 0 0 0 0 0 0 0 0 0 0 0 0 0 0 0 0 0 0 0 0 0 0 0 0 0 0 0 0 0 0 0 0 0 0 0 0 0 0 0 0 0 0 0 0 0 0 -5 2 0 0 0 0 0 0 -1 0 0 0 0 0 0 0 0 0 0 0 0 0 0 0 0 0 0 0 0 0 0 0 0 0 0 0 0 0 0 0 0 0 0 0 0 0 0 0 0 0 0 0 0 0 0 0 0 0 0 0 0 0 0 0
options --method tv --alpha 1.0 --alpha1 1.0 --alpha0 2.0 --channel-weights 1.0,0.5,0.75 --channels apart --mu 0.001 --mu-scale 1.0 --mu-power 1.0 --weight-power 2.0 --dc-weight 0.0 --centres mmse --slack 0.0 --slack-cost 0.0 --relative-tolerance 0.0 --partial-tolerance 0.0 --step-product 0.99 --record-every 20 --free-radius 255.0 --iterations 40 --tolerance 0.0 --subgradient-iterations 50 --subgradient-record-every 1 --subgradient-step 0.5 --subgradient-decay 0.5
steps 1.9267848867997692 0.06422616289332565
weights 0 0.0 3.90625e-06 4.444444444444444e-06 1.7361111111111112e-06 7.71604938271605e-07 2.7777777777777776e-07 1.7313019390581717e-07 1.1814744801512288e-07 3.08641975308642e-06 3.08641975308642e-06 2.2675736961451247e-06 1.2755102040816327e-06 6.574621959237344e-07 1.321178491214163e-07 1.234567901234568e-07 1.48720999405116e-07 2.2675736961451247e-06 2.5e-06 1.7361111111111112e-06 7.71604938271605e-07 2.7777777777777776e-07 1.3520822065981612e-07 9.245562130177515e-08 1.417233560090703e-07 2.2675736961451247e-06 1.4792899408284024e-06 9.182736455463728e-07 5.165289256198347e-07 1.7313019390581717e-07 5.9171597633136094e-08 6.944444444444444e-08 1.1562030292519366e-07 1.3717421124828533e-06 9.182736455463728e-07 3.1887755102040816e-07 1.417233560090703e-07 9.611687812379854e-08 3.7180249851279e-08 4.2165626581210995e-08 7.431629013079668e-08 7.71604938271605e-07 3.698224852071006e-07 1.48720999405116e-07 1.0850694444444445e-07 6.718624025799516e-08 4.10913872452334e-08 3.4602076124567476e-08 5.2509976895610165e-08 1.8261504747991236e-07 1.0850694444444445e-07 7.305135510263715e-08 5.9171597633136094e-08 4.2165626581210995e-08 3.018959062915107e-08 3.08641975308642e-08 4.328254847645429e-08 8.573388203017833e-08 5.2509976895610165e-08 4.959333465582226e-08 4.627701420704336e-08 3.543083900226757e-08 4.444444444444445e-08 4.2165626581210995e-08 4.565376186997809e-08
lower 0 0 892.0 -88.0 -37.5 -12.0 -18.0 -30.0 -38.0 -46.0 117.0 63.0 -52.5 14.0 -19.5 -43.5 -45.0 -41.0 -31.5 10.0 -12.0 -18.0 -30.0 -43.0 -52.0 -42.0 -31.5 -13.0 -16.5 -22.0 -38.0 -65.0 -60.0 -46.5 13.5 16.5 -28.0 -42.0 -51.0 -82.0 -77.0 -58.0 -18.0 -26.0 -41.0 -48.0 -61.0 -78.0 -85.0 -69.0 -37.0 -48.0 -58.5 -65.0 -77.0 -91.0 -90.0 -76.0 -54.0 -69.0 -71.0 -73.5 -84.0 -75.0 -77.0 -74.0 1228.0 -88.0 -37.5 12.0 -18.0 -30.0 -38.0 -46.0 -153.0 63.0 -10.5 -42.0 -19.5 -43.5 -45.0 -41.0 -31.5 -30.0 -12.0 -18.0 -30.0 -43.0 -52.0 -42.0 -10.5 -13.0 -16.5 -22.0 -38.0 -65.0 -60.0 -46.5 -40.5 16.5 -28.0 -42.0 -51.0 -82.0 -77.0 -58.0 -18.0 -26.0 -41.0 -48.0 -61.0 -78.0 -85.0 -69.0 -37.0 -48.0 -58.5 -65.0 -77.0 -91.0 -90.0 -76.0 -54.0 -69.0 -71.0 -73.5 -84.0 -75.0 -77.0 -74.0 988.0 120.0 -22.5 -12.0 -18.0 -30.0 -38.0 -46.0 63.0 -135.0 -73.5 -42.0 -19.5 -43.5 -45.0 -41.0 -31.5 -10.0 12.0 -18.0 -30.0 -43.0 -52.0 -42.0 -10.5 -13.0 -16.5 -22.0 -38.0 -65.0 -60.0 -46.5 13.5 -49.5 -28.0 -42.0 -51.0 -82.0 -77.0 -58.0 -18.0 -26.0 -41.0 -48.0 -61.0 -78.0 -85.0 -69.0 -37.0 -48.0 -58.5 -65.0 -77.0 -91.0 -90.0 -76.0 -54.0 -69.0 -71.0 -73.5 -84.0 -75.0 -77.0 -74.0
lower 0 1 988.0 -8.0 37.5 -36.0 -18.0 -30.0 -38.0 -46.0 -135.0 -117.0 10.5 -14.0 -19.5 -43.5 -45.0 -41.0 -10.5 50.0 -60.0 -18.0 -30.0 -43.0 -52.0 -42.0 -52.5 -39.0 16.5 -22.0 -38.0 -65.0 -60.0 -46.5 -13.5 16.5 -28.0 -42.0 -51.0 -82.0 -77.0 -58.0 -18.0 -78.0 -41.0 -48.0 -61.0 -78.0 -85.0 -69.0 -37.0 -48.0 -58.5 -65.0 -77.0 -91.0 -90.0 -76.0 -54.0 -69.0 -71.0 -73.5 -84.0 -75.0 -77.0 -74.0 892.0 56.0 7.5 -36.0 -18.0 -30.0 -38.0 -46.0 225.0 -99.0 -31.5 14.0 -19.5 -43.5 -45.0 -41.0 -31.5 -110.0 -12.0 18.0 -30.0 -43.0 -52.0 -42.0 31.5 -13.0 -16.5 -22.0 -38.0 -65.0 -60.0 -46.5 -13.5 -49.5 -28.0 -42.0 -51.0 -82.0 -77.0 -58.0 18.0 26.0 -41.0 -48.0 -61.0 -78.0 -85.0 -69.0 -37.0 -48.0 -58.5 -65.0 -77.0 -91.0 -90.0 -76.0 -54.0 -69.0 -71.0 -73.5 -84.0 -75.0 -77.0 -74.0 940.0 -40.0 7.5 -12.0 -18.0 -30.0 -38.0 -46.0 -45.0 171.0 31.5 14.0 -19.5 -43.5 -45.0 -41.0 52.5 10.0 -12.0 -18.0 -30.0 -43.0 -52.0 -42.0 -31.5 13.0 16.5 -22.0 -38.0 -65.0 -60.0 -46.5 13.5 -16.5 -28.0 -42.0 -51.0 -82.0 -77.0 -58.0 -54.0 -26.0 -41.0 -48.0 -61.0 -78.0 -85.0 -69.0 -37.0 -48.0 -58.5 -65.0 -77.0 -91.0 -90.0 -76.0 -54.0 -69.0 -71.0 -73.5 -84.0 -75.0 -77.0 -74.0
upper 0 0 916.0 -72.0 -22.5 12.0 18.0 30.0 38.0 46.0 135.0 81.0 -31.5 42.0 19.5 43.5 45.0 41.0 -10.5 30.0 12.0 18.0 30.0 43.0 52.0 42.0 -10.5 13.0 16.5 22.0 38.0 65.0 60.0 46.5 40.5 49.5 28.0 42.0 51.0 82.0 77.0 58.0 18.0 26.0 41.0 48.0 61.0 78.0 85.0 69.0 37.0 48.0 58.5 65.0 77.0 91.0 90.0 76.0 54.0 69.0 71.0 73.5 84.0 75.0 77.0 74.0 1252.0 -72.0 -22.5 36.0 18.0 30.0 38.0 46.0 -135.0 81.0 10.5 -14.0 19.5 43.5 45.0 41.0 -10.5 -10.0 12.0 18.0 30.0 43.0 52.0 42.0 10.5 13.0 16.5 22.0 38.0 65.0 60.0 46.5 -13.5 49.5 28.0 42.0 51.0 82.0 77.0 58.0 18.0 26.0 41.0 48.0 61.0 78.0 85.0 69.0 37.0 48.0 58.5 65.0 77.0 91.0 90.0 76.0 54.0 69.0 71.0 73.5 84.0 75.0 77.0 74.0 1012.0 136.0 -7.5 12.0 18.0 30.0 38.0 46.0 81.0 -117.0 -52.5 -14.0 19.5 43.5 45.0 41.0 -10.5 10.0 36.0 18.0 30.0 43.0 52.0 42.0 10.5 13.0 16.5 22.0 38.0 65.0 60.0 46.5 40.5 -16.5 28.0 42.0 51.0 82.0 77.0 58.0 18.0 26.0 41.0 48.0 61.0 78.0 85.0 69.0 37.0 48.0 58.5 65.0 77.0 91.0 90.0 76.0 54.0 69.0 71.0 73.5 84.0 75.0 77.0 74.0
upper 0 1 1012.0 8.0 52.5 -12.0 18.0 30.0 38.0 46.0 -117.0 -99.0 31.5 14.0 19.5 43.5 45.0 41.0 10.5 70.0 -36.0 18.0 30.0 43.0 52.0 42.0 -31.5 -13.0 49.5 22.0 38.0 65.0 60.0 46.5 13.5 49.5 28.0 42.0 51.0 82.0 77.0 58.0 18.0 -26.0 41.0 48.0 61.0 78.0 85.0 69.0 37.0 48.0 58.5 65.0 77.0 91.0 90.0 76.0 54.0 69.0 71.0 73.5 84.0 75.0 77.0 74.0 916.0 72.0 22.5 -12.0 18.0 30.0 38.0 46.0 243.0 -81.0 -10.5 42.0 19.5 43.5 45.0 41.0 -10.5 -90.0 12.0 54.0 30.0 43.0 52.0 42.0 52.5 13.0 16.5 22.0 38.0 65.0 60.0 46.5 13.5 -16.5 28.0 42.0 51.0 82.0 77.0 58.0 54.0 78.0 41.0 48.0 61.0 78.0 85.0 69.0 37.0 48.0 58.5 65.0 77.0 91.0 90.0 76.0 54.0 69.0 71.0 73.5 84.0 75.0 77.0 74.0 964.0 -24.0 22.5 12.0 18.0 30.0 38.0 46.0 -27.0 189.0 52.5 42.0 19.5 43.5 45.0 41.0 73.5 30.0 12.0 18.0 30.0 43.0 52.0 42.0 -10.5 39.0 49.5 22.0 38.0 65.0 60.0 46.5 40.5 16.5 28.0 42.0 51.0 82.0 77.0 58.0 -18.0 26.0 41.0 48.0 61.0 78.0 85.0 69.0 37.0 48.0 58.5 65.0 77.0 91.0 90.0 76.0 54.0 69.0 71.0 73.5 84.0 75.0 77.0 74.0
centres 0 0 904.0 -79.66895934300102 -29.23109844466711 -0.0 -0.0 -0.0 -0.0 -0.0 125.78017352059138 71.74953534535649 -40.836674537403994 25.102829914080537 -0.0 -0.0 -0.0 -0.0 -19.491266251781564 19.096423911872016 -0.0 -0.0 -0.0 -0.0 -0.0 -0.0 -19.316170877546636 -0.0 -0.0 -0.0 -0.0 -0.0 -0.0 -0.0 23.706382934981832 29.58547811302349 -0.0 -0.0 -0.0 -0.0 -0.0 -0.0 -0.0 -0.0 -0.0 -0.0 -0.0 -0.0 -0.0 -0.0 -0.0 -0.0 -0.0 -0.0 -0.0 -0.0 -0.0 -0.0 -0.0 -0.0 -0.0 -0.0 -0.0 -0.0 -0.0 -0.0 1240.0 -79.66895934300102 -29.23109844466711 20.44228756776488 -0.0 -0.0 -0.0 -0.0 -143.78017352059138 71.74953534535649 -0.0 -25.102829914080537 -0.0 -0.0 -0.0 -0.0 -19.491266251781564 -19.096423911872016 -0.0 -0.0 -0.0 -0.0 -0.0 -0.0 -0.0 -0.0 -0.0 -0.0 -0.0 -0.0 -0.0 -0.0 -23.706382934981832 29.58547811302349 -0.0 -0.0 -0.0 -0.0 -0.0 -0.0 -0.0 -0.0 -0.0 -0.0 -0.0 -0.0 -0.0 -0.0 -0.0 -0.0 -0.0 -0.0 -0.0 -0.0 -0.0 -0.0 -0.0 -0.0 -0.0 -0.0 -0.0 -0.0 -0.0 -0.0 1000.0 127.66895934300102 -14.231098444667111 -0.0 -0.0 -0.0 -0.0 -0.0 71.78017352059138 -125.74953534535648 -61.836674537404 -25.102829914080537 -0.0 -0.0 -0.0 -0.0 -19.491266251781564 -0.0 20.80870720761928 -0.0 -0.0 -0.0 -0.0 -0.0 -0.0 -0.0 -0.0 -0.0 -0.0 -0.0 -0.0 -0.0 23.706382934981832 -29.58547811302349 -0.0 -0.0 -0.0 -0.0 -0.0 -0.0 -0.0 -0.0 -0.0 -0.0 -0.0 -0.0 -0.0 -0.0 -0.0 -0.0 -0.0 -0.0 -0.0 -0.0 -0.0 -0.0 -0.0 -0.0 -0.0 -0.0 -0.0 -0.0 -0.0 -0.0
centres 0 1 1000.0 -0.0 44.23109844466711 -20.44228756776488 -0.0 -0.0 -0.0 -0.0 -125.78017352059138 -107.74953534535648 19.836674537403997 -0.0 -0.0 -0.0 -0.0 -0.0 -0.0 59.096423911872016 -44.80870720761928 -0.0 -0.0 -0.0 -0.0 -0.0 -40.31617087754664 -21.11334399891958 26.79770584478254 -0.0 -0.0 -0.0 -0.0 -0.0 -0.0 29.58547811302349 -0.0 -0.0 -0.0 -0.0 -0.0 -0.0 -0.0 -42.22668799783916 -0.0 -0.0 -0.0 -0.0 -0.0 -0.0 -0.0 -0.0 -0.0 -0.0 -0.0 -0.0 -0.0 -0.0 -0.0 -0.0 -0.0 -0.0 -0.0 -0.0 -0.0 -0.0 904.0 63.66895934300102 14.231098444667111 -20.44228756776488 -0.0 -0.0 -0.0 -0.0 233.78017352059138 -89.74953534535648 -19.836674537403997 25.102829914080537 -0.0 -0.0 -0.0 -0.0 -19.491266251781564 -99.09642391187202 -0.0 26.862809748749925 -0.0 -0.0 -0.0 -0.0 40.31617087754664 -0.0 -0.0 -0.0 -0.0 -0.0 -0.0 -0.0 -0.0 -29.58547811302349 -0.0 -0.0 -0.0 -0.0 -0.0 -0.0 29.233860921580956 42.22668799783916 -0.0 -0.0 -0.0 -0.0 -0.0 -0.0 -0.0 -0.0 -0.0 -0.0 -0.0 -0.0 -0.0 -0.0 -0.0 -0.0 -0.0 -0.0 -0.0 -0.0 -0.0 -0.0 952.0 -31.668959343001017 14.231098444667111 -0.0 -0.0 -0.0 -0.0 -0.0 -35.780173520591376 179.7495353453565 40.836674537403994 25.102829914080537 -0.0 -0.0 -0.0 -0.0 61.49126625178157 19.096423911872016 -0.0 -0.0 -0.0 -0.0 -0.0 -0.0 -19.316170877546636 21.11334399891958 26.79770584478254 -0.0 -0.0 -0.0 -0.0 -0.0 23.706382934981832 -0.0 -0.0 -0.0 -0.0 -0.0 -0.0 -0.0 -29.233860921580956 -0.0 -0.0 -0.0 -0.0 -0.0 -0.0 -0.0 -0.0 -0.0 -0.0 -0.0 -0.0 -0.0 -0.0 -0.0 -0.0 -0.0 -0.0 -0.0 -0.0 -0.0 -0.0 -0.0
exact-centres 0 0 904.0:0.0 -79.66895934300102:2.808876010205758e-15 -29.23109844466711:6.432995714768742e-16 0.0:0.0 0.0:0.0 0.0:0.0 0.0:0.0 0.0:0.0 125.78017352059138:-2.2508471824576157e-15 71.74953534535648:5.732159199570722e-15 -40.836674537404:3.545326267977461e-15 25.102829914080537:-5.529424547973983e-16 0.0:0.0 0.0:0.0 0.0:0.0 0.0:0.0 -19.491266251781564:9.11667950885808e-16 19.096423911872016:-7.192592490518513e-16 0.0:0.0 0.0:0.0 0.0:0.0 0.0:0.0 0.0:0.0 0.0:0.0 -19.316170877546636:-1.7662140921382789e-15 0.0:0.0 0.0:0.0 0.0:0.0 0.0:0.0 0.0:0.0 0.0:0.0 0.0:0.0 23.70638293498183:6.313466980604549e-16 29.58547811302349:-1.4129779671827554e-15 0.0:0.0 0.0:0.0 0.0:0.0 0.0:0.0 0.0:0.0 0.0:0.0 0.0:0.0 0.0:0.0 0.0:0.0 0.0:0.0 0.0:0.0 0.0:0.0 0.0:0.0 0.0:0.0 0.0:0.0 0.0:0.0 0.0:0.0 0.0:0.0 0.0:0.0 0.0:0.0 0.0:0.0 0.0:0.0 0.0:0.0 0.0:0.0 0.0:0.0 0.0:0.0 0.0:0.0 0.0:0.0 0.0:0.0 0.0:0.0 1240.0:0.0 -79.66895934300102:2.808876010205758e-15 -29.23109844466711:6.432995714768742e-16 20.44228756776488:3.3530559006926645e-17 0.0:0.0 0.0:0.0 0.0:0.0 0.0:0.0 -143.78017352059138:2.2508471824576157e-15 71.74953534535648:5.732159199570722e-15 0.0:0.0 -25.102829914080537:5.529424547973983e-16 0.0:0.0 0.0:0.0 0.0:0.0 0.0:0.0 -19.491266251781564:9.11667950885808e-16 -19.096423911872016:7.192592490518513e-16 0.0:0.0 0.0:0.0 0.0:0.0 0.0:0.0 0.0:0.0 0.0:0.0 0.0:0.0 0.0:0.0 0.0:0.0 0.0:0.0 0.0:0.0 0.0:0.0 0.0:0.0 0.0:0.0 -23.70638293498183:-6.313466980604549e-16 29.58547811302349:-1.4129779671827554e-15 0.0:0.0 0.0:0.0 0.0:0.0 0.0:0.0 0.0:0.0 0.0:0.0 0.0:0.0 0.0:0.0 0.0:0.0 0.0:0.0 0.0:0.0 0.0:0.0 0.0:0.0 0.0:0.0 0.0:0.0 0.0:0.0 0.0:0.0 0.0:0.0 0.0:0.0 0.0:0.0 0.0:0.0 0.0:0.0 0.0:0.0 0.0:0.0 0.0:0.0 0.0:0.0 0.0:0.0 0.0:0.0 0.0:0.0 0.0:0.0 1000.0:0.0 127.66895934300102:-2.808876010205758e-15 -14.231098444667111:6.432995714768742e-16 0.0:0.0 0.0:0.0 0.0:0.0 0.0:0.0 0.0:0.0 71.78017352059138:-2.2508471824576157e-15 -125.74953534535648:-5.732159199570722e-15 -61.836674537404:3.545326267977461e-15 -25.102829914080537:5.529424547973983e-16 0.0:0.0 0.0:0.0 0.0:0.0 0.0:0.0 -19.491266251781564:9.11667950885808e-16 0.0:0.0 20.80870720761928:-1.2538604367698735e-15 0.0:0.0 0.0:0.0 0.0:0.0 0.0:0.0 0.0:0.0 0.0:0.0 0.0:0.0 0.0:0.0 0.0:0.0 0.0:0.0 0.0:0.0 0.0:0.0 0.0:0.0 23.70638293498183:6.313466980604549e-16 -29.58547811302349:1.4129779671827554e-15 0.0:0.0 0.0:0.0 0.0:0.0 0.0:0.0 0.0:0.0 0.0:0.0 0.0:0.0 0.0:0.0 0.0:0.0 0.0:0.0 0.0:0.0 0.0:0.0 0.0:0.0 0.0:0.0 0.0:0.0 0.0:0.0 0.0:0.0 0.0:0.0 0.0:0.0 0.0:0.0 0.0:0.0 0.0:0.0 0.0:0.0 0.0:0.0 0.0:0.0 0.0:0.0 0.0:0.0 0.0:0.0 0.0:0.0 0.0:0.0
exact-centres 0 1 1000.0:0.0 0.0:0.0 44.23109844466711:-6.432995714768742e-16 -20.44228756776488:-3.3530559006926645e-17 0.0:0.0 0.0:0.0 0.0:0.0 0.0:0.0 -125.78017352059138:2.2508471824576157e-15 -107.74953534535648:-5.732159199570722e-15 19.836674537403997:7.387410823039752e-18 0.0:0.0 0.0:0.0 0.0:0.0 0.0:0.0 0.0:0.0 0.0:0.0 59.096423911872016:-7.192592490518513e-16 -44.80870720761928:1.2538604367698735e-15 0.0:0.0 0.0:0.0 0.0:0.0 0.0:0.0 0.0:0.0 -40.31617087754664:1.786499586662222e-15 -21.11334399891958:6.589295150654402e-17 26.79770584478254:5.995808074725597e-16 0.0:0.0 0.0:0.0 0.0:0.0 0.0:0.0 0.0:0.0 0.0:0.0 29.58547811302349:-1.4129779671827554e-15 0.0:0.0 0.0:0.0 0.0:0.0 0.0:0.0 0.0:0.0 0.0:0.0 0.0:0.0 -42.22668799783916:1.3178590301308804e-16 0.0:0.0 0.0:0.0 0.0:0.0 0.0:0.0 0.0:0.0 0.0:0.0 0.0:0.0 0.0:0.0 0.0:0.0 0.0:0.0 0.0:0.0 0.0:0.0 0.0:0.0 0.0:0.0 0.0:0.0 0.0:0.0 0.0:0.0 0.0:0.0 0.0:0.0 0.0:0.0 0.0:0.0 0.0:0.0 904.0:0.0 63.66895934300102:-2.808876010205758e-15 14.231098444667111:-6.432995714768742e-16 -20.44228756776488:-3.3530559006926645e-17 0.0:0.0 0.0:0.0 0.0:0.0 0.0:0.0 233.78017352059138:-2.2508471824576157e-15 -89.74953534535648:-5.732159199570722e-15 -19.836674537403997:-7.387410823039752e-18 25.102829914080537:-5.529424547973983e-16 0.0:0.0 0.0:0.0 0.0:0.0 0.0:0.0 -19.491266251781564:9.11667950885808e-16 -99.09642391187201:-6.3861681085491504e-15 0.0:0.0 26.862809748749925:-4.699263895340003e-16 0.0:0.0 0.0:0.0 0.0:0.0 0.0:0.0 40.31617087754664:-1.786499586662222e-15 0.0:0.0 0.0:0.0 0.0:0.0 0.0:0.0 0.0:0.0 0.0:0.0 0.0:0.0 0.0:0.0 -29.58547811302349:1.4129779671827554e-15 0.0:0.0 0.0:0.0 0.0:0.0 0.0:0.0 0.0:0.0 0.0:0.0 29.233860921580956:-6.378077295937534e-16 42.22668799783916:-1.3178590301308804e-16 0.0:0.0 0.0:0.0 0.0:0.0 0.0:0.0 0.0:0.0 0.0:0.0 0.0:0.0 0.0:0.0 0.0:0.0 0.0:0.0 0.0:0.0 0.0:0.0 0.0:0.0 0.0:0.0 0.0:0.0 0.0:0.0 0.0:0.0 0.0:0.0 0.0:0.0 0.0:0.0 0.0:0.0 0.0:0.0 952.0:0.0 -31.668959343001017:-7.438376685947426e-16 14.231098444667111:-6.432995714768742e-16 0.0:0.0 0.0:0.0 0.0:0.0 0.0:0.0 0.0:0.0 -35.780173520591376:2.2508471824576157e-15 179.7495353453565:-8.478695515631282e-15 40.836674537404:-3.545326267977461e-15 25.102829914080537:-5.529424547973983e-16 0.0:0.0 0.0:0.0 0.0:0.0 0.0:0.0 61.49126625178156:2.641045727914693e-15 19.096423911872016:-7.192592490518513e-16 0.0:0.0 0.0:0.0 0.0:0.0 0.0:0.0 0.0:0.0 0.0:0.0 -19.316170877546636:-1.7662140921382789e-15 21.11334399891958:-6.589295150654402e-17 26.79770584478254:5.995808074725597e-16 0.0:0.0 0.0:0.0 0.0:0.0 0.0:0.0 0.0:0.0 23.70638293498183:6.313466980604549e-16 0.0:0.0 0.0:0.0 0.0:0.0 0.0:0.0 0.0:0.0 0.0:0.0 0.0:0.0 -29.233860921580956:6.378077295937534e-16 0.0:0.0 0.0:0.0 0.0:0.0 0.0:0.0 0.0:0.0 0.0:0.0 0.0:0.0 0.0:0.0 0.0:0.0 0.0:0.0 0.0:0.0 0.0:0.0 0.0:0.0 0.0:0.0 0.0:0.0 0.0:0.0 0.0:0.0 0.0:0.0 0.0:0.0 0.0:0.0 0.0:0.0 0.0:0.0 0.0:0.0
weights 1 0.0 1.3717421124828533e-06 7.71604938271605e-07 2.0408163265306124e-07 4.565376186997809e-08 4.565376186997809e-08 4.565376186997809e-08 4.565376186997809e-08 1.3717421124828533e-06 9.765625e-07 6.574621959237344e-07 1.0203040506070809e-07 4.565376186997809e-08 4.565376186997809e-08 4.565376186997809e-08 4.565376186997809e-08 7.71604938271605e-07 6.574621959237344e-07 1.417233560090703e-07 4.565376186997809e-08 4.565376186997809e-08 4.565376186997809e-08 4.565376186997809e-08 4.565376186997809e-08 2.0408163265306124e-07 1.0203040506070809e-07 4.565376186997809e-08 4.565376186997809e-08 4.565376186997809e-08 4.565376186997809e-08 4.565376186997809e-08 4.565376186997809e-08 4.565376186997809e-08 4.565376186997809e-08 4.565376186997809e-08 4.565376186997809e-08 4.565376186997809e-08 4.565376186997809e-08 4.565376186997809e-08 4.565376186997809e-08 4.565376186997809e-08 4.565376186997809e-08 4.565376186997809e-08 4.565376186997809e-08 4.565376186997809e-08 4.565376186997809e-08 4.565376186997809e-08 4.565376186997809e-08 4.565376186997809e-08 4.565376186997809e-08 4.565376186997809e-08 4.565376186997809e-08 4.565376186997809e-08 4.565376186997809e-08 4.565376186997809e-08 4.565376186997809e-08 4.565376186997809e-08 4.565376186997809e-08 4.565376186997809e-08 4.565376186997809e-08 4.565376186997809e-08 4.565376186997809e-08 4.565376186997809e-08 4.565376186997809e-08
lower 1 0 803.0 -40.5 -18.0 -35.0 -74.0 -74.0 -74.0 -74.0 -13.5 -16.0 -19.5 -49.5 -74.0 -74.0 -74.0 -74.0 -18.0 -19.5 -42.0 -74.0 -74.0 -74.0 -74.0 -74.0 -35.0 -49.5 -74.0 -74.0 -74.0 -74.0 -74.0 -74.0 -74.0 -74.0 -74.0 -74.0 -74.0 -74.0 -74.0 -74.0 -74.0 -74.0 -74.0 -74.0 -74.0 -74.0 -74.0 -74.0 -74.0 -74.0 -74.0 -74.0 -74.0 -74.0 -74.0 -74.0 -74.0 -74.0 -74.0 -74.0 -74.0 -74.0 -74.0 -74.0 1011.0 -94.5 -18.0 -35.0 -74.0 -74.0 -74.0 -74.0 -13.5 -16.0 -19.5 -49.5 -74.0 -74.0 -74.0 -74.0 -18.0 -19.5 -42.0 -74.0 -74.0 -74.0 -74.0 -74.0 -35.0 -49.5 -74.0 -74.0 -74.0 -74.0 -74.0 -74.0 -74.0 -74.0 -74.0 -74.0 -74.0 -74.0 -74.0 -74.0 -74.0 -74.0 -74.0 -74.0 -74.0 -74.0 -74.0 -74.0 -74.0 -74.0 -74.0 -74.0 -74.0 -74.0 -74.0 -74.0 -74.0 -74.0 -74.0 -74.0 -74.0 -74.0 -74.0 -74.0
lower 1 1 1011.0 -13.5 -18.0 -35.0 -74.0 -74.0 -74.0 -74.0 -121.5 -16.0 -19.5 -49.5 -74.0 -74.0 -74.0 -74.0 -18.0 -19.5 -42.0 -74.0 -74.0 -74.0 -74.0 -74.0 -35.0 -49.5 -74.0 -74.0 -74.0 -74.0 -74.0 -74.0 -74.0 -74.0 -74.0 -74.0 -74.0 -74.0 -74.0 -74.0 -74.0 -74.0 -74.0 -74.0 -74.0 -74.0 -74.0 -74.0 -74.0 -74.0 -74.0 -74.0 -74.0 -74.0 -74.0 -74.0 -74.0 -74.0 -74.0 -74.0 -74.0 -74.0 -74.0 -74.0 1011.0 -13.5 -18.0 -35.0 -74.0 -74.0 -74.0 -74.0 -13.5 -48.0 -19.5 -49.5 -74.0 -74.0 -74.0 -74.0 -18.0 -19.5 -42.0 -74.0 -74.0 -74.0 -74.0 -74.0 -35.0 -49.5 -74.0 -74.0 -74.0 -74.0 -74.0 -74.0 -74.0 -74.0 -74.0 -74.0 -74.0 -74.0 -74.0 -74.0 -74.0 -74.0 -74.0 -74.0 -74.0 -74.0 -74.0 -74.0 -74.0 -74.0 -74.0 -74.0 -74.0 -74.0 -74.0 -74.0 -74.0 -74.0 -74.0 -74.0 -74.0 -74.0 -74.0 -74.0
upper 1 0 829.0 -13.5 18.0 35.0 74.0 74.0 74.0 74.0 13.5 16.0 19.5 49.5 74.0 74.0 74.0 74.0 18.0 19.5 42.0 74.0 74.0 74.0 74.0 74.0 35.0 49.5 74.0 74.0 74.0 74.0 74.0 74.0 74.0 74.0 74.0 74.0 74.0 74.0 74.0 74.0 74.0 74.0 74.0 74.0 74.0 74.0 74.0 74.0 74.0 74.0 74.0 74.0 74.0 74.0 74.0 74.0 74.0 74.0 74.0 74.0 74.0 74.0 74.0 74.0 1037.0 -67.5 18.0 35.0 74.0 74.0 74.0 74.0 13.5 16.0 19.5 49.5 74.0 74.0 74.0 74.0 18.0 19.5 42.0 74.0 74.0 74.0 74.0 74.0 35.0 49.5 74.0 74.0 74.0 74.0 74.0 74.0 74.0 74.0 74.0 74.0 74.0 74.0 74.0 74.0 74.0 74.0 74.0 74.0 74.0 74.0 74.0 74.0 74.0 74.0 74.0 74.0 74.0 74.0 74.0 74.0 74.0 74.0 74.0 74.0 74.0 74.0 74.0 74.0
upper 1 1 1037.0 13.5 18.0 35.0 74.0 74.0 74.0 74.0 -94.5 16.0 19.5 49.5 74.0 74.0 74.0 74.0 18.0 19.5 42.0 74.0 74.0 74.0 74.0 74.0 35.0 49.5 74.0 74.0 74.0 74.0 74.0 74.0 74.0 74.0 74.0 74.0 74.0 74.0 74.0 74.0 74.0 74.0 74.0 74.0 74.0 74.0 74.0 74.0 74.0 74.0 74.0 74.0 74.0 74.0 74.0 74.0 74.0 74.0 74.0 74.0 74.0 74.0 74.0 74.0 1037.0 13.5 18.0 35.0 74.0 74.0 74.0 74.0 13.5 -16.0 19.5 49.5 74.0 74.0 74.0 74.0 18.0 19.5 42.0 74.0 74.0 74.0 74.0 74.0 35.0 49.5 74.0 74.0 74.0 74.0 74.0 74.0 74.0 74.0 74.0 74.0 74.0 74.0 74.0 74.0 74.0 74.0 74.0 74.0 74.0 74.0 74.0 74.0 74.0 74.0 74.0 74.0 74.0 74.0 74.0 74.0 74.0 74.0 74.0 74.0 74.0 74.0 74.0 74.0
centres 1 0 816.0 -24.9407052015773 -0.0 -0.0 -0.0 -0.0 -0.0 -0.0 -0.0 -0.0 -0.0 -0.0 -0.0 -0.0 -0.0 -0.0 -0.0 -0.0 -0.0 -0.0 -0.0 -0.0 -0.0 -0.0 -0.0 -0.0 -0.0 -0.0 -0.0 -0.0 -0.0 -0.0 -0.0 -0.0 -0.0 -0.0 -0.0 -0.0 -0.0 -0.0 -0.0 -0.0 -0.0 -0.0 -0.0 -0.0 -0.0 -0.0 -0.0 -0.0 -0.0 -0.0 -0.0 -0.0 -0.0 -0.0 -0.0 -0.0 -0.0 -0.0 -0.0 -0.0 -0.0 -0.0 1024.0 -78.9407052015773 -0.0 -0.0 -0.0 -0.0 -0.0 -0.0 -0.0 -0.0 -0.0 -0.0 -0.0 -0.0 -0.0 -0.0 -0.0 -0.0 -0.0 -0.0 -0.0 -0.0 -0.0 -0.0 -0.0 -0.0 -0.0 -0.0 -0.0 -0.0 -0.0 -0.0 -0.0 -0.0 -0.0 -0.0 -0.0 -0.0 -0.0 -0.0 -0.0 -0.0 -0.0 -0.0 -0.0 -0.0 -0.0 -0.0 -0.0 -0.0 -0.0 -0.0 -0.0 -0.0 -0.0 -0.0 -0.0 -0.0 -0.0 -0.0 -0.0 -0.0 -0.0 -0.0
centres 1 1 1024.0 -0.0 -0.0 -0.0 -0.0 -0.0 -0.0 -0.0 -106.07785761719663 -0.0 -0.0 -0.0 -0.0 -0.0 -0.0 -0.0 -0.0 -0.0 -0.0 -0.0 -0.0 -0.0 -0.0 -0.0 -0.0 -0.0 -0.0 -0.0 -0.0 -0.0 -0.0 -0.0 -0.0 -0.0 -0.0 -0.0 -0.0 -0.0 -0.0 -0.0 -0.0 -0.0 -0.0 -0.0 -0.0 -0.0 -0.0 -0.0 -0.0 -0.0 -0.0 -0.0 -0.0 -0.0 -0.0 -0.0 -0.0 -0.0 -0.0 -0.0 -0.0 -0.0 -0.0 -0.0 1024.0 -0.0 -0.0 -0.0 -0.0 -0.0 -0.0 -0.0 -0.0 -25.079050648318084 -0.0 -0.0 -0.0 -0.0 -0.0 -0.0 -0.0 -0.0 -0.0 -0.0 -0.0 -0.0 -0.0 -0.0 -0.0 -0.0 -0.0 -0.0 -0.0 -0.0 -0.0 -0.0 -0.0 -0.0 -0.0 -0.0 -0.0 -0.0 -0.0 -0.0 -0.0 -0.0 -0.0 -0.0 -0.0 -0.0 -0.0 -0.0 -0.0 -0.0 -0.0 -0.0 -0.0 -0.0 -0.0 -0.0 -0.0 -0.0 -0.0 -0.0 -0.0 -0.0 -0.0 -0.0
exact-centres 1 0 816.0:0.0 -24.9407052015773:-1.4712073441438169e-15 0.0:0.0 0.0:0.0 0.0:0.0 0.0:0.0 0.0:0.0 0.0:0.0 0.0:0.0 0.0:0.0 0.0:0.0 0.0:0.0 0.0:0.0 0.0:0.0 0.0:0.0 0.0:0.0 0.0:0.0 0.0:0.0 0.0:0.0 0.0:0.0 0.0:0.0 0.0:0.0 0.0:0.0 0.0:0.0 0.0:0.0 0.0:0.0 0.0:0.0 0.0:0.0 0.0:0.0 0.0:0.0 0.0:0.0 0.0:0.0 0.0:0.0 0.0:0.0 0.0:0.0 0.0:0.0 0.0:0.0 0.0:0.0 0.0:0.0 0.0:0.0 0.0:0.0 0.0:0.0 0.0:0.0 0.0:0.0 0.0:0.0 0.0:0.0 0.0:0.0 0.0:0.0 0.0:0.0 0.0:0.0 0.0:0.0 0.0:0.0 0.0:0.0 0.0:0.0 0.0:0.0 0.0:0.0 0.0:0.0 0.0:0.0 0.0:0.0 0.0:0.0 0.0:0.0 0.0:0.0 0.0:0.0 0.0:0.0 1024.0:0.0 -78.9407052015773:2.081506334656684e-15 0.0:0.0 0.0:0.0 0.0:0.0 0.0:0.0 0.0:0.0 0.0:0.0 0.0:0.0 0.0:0.0 0.0:0.0 0.0:0.0 0.0:0.0 0.0:0.0 0.0:0.0 0.0:0.0 0.0:0.0 0.0:0.0 0.0:0.0 0.0:0.0 0.0:0.0 0.0:0.0 0.0:0.0 0.0:0.0 0.0:0.0 0.0:0.0 0.0:0.0 0.0:0.0 0.0:0.0 0.0:0.0 0.0:0.0 0.0:0.0 0.0:0.0 0.0:0.0 0.0:0.0 0.0:0.0 0.0:0.0 0.0:0.0 0.0:0.0 0.0:0.0 0.0:0.0 0.0:0.0 0.0:0.0 0.0:0.0 0.0:0.0 0.0:0.0 0.0:0.0 0.0:0.0 0.0:0.0 0.0:0.0 0.0:0.0 0.0:0.0 0.0:0.0 0.0:0.0 0.0:0.0 0.0:0.0 0.0:0.0 0.0:0.0 0.0:0.0 0.0:0.0 0.0:0.0 0.0:0.0 0.0:0.0 0.0:0.0
exact-centres 1 1 1024.0:0.0 0.0:0.0 0.0:0.0 0.0:0.0 0.0:0.0 0.0:0.0 0.0:0.0 0.0:0.0 -106.07785761719664:3.1792307382527548e-15 0.0:0.0 0.0:0.0 0.0:0.0 0.0:0.0 0.0:0.0 0.0:0.0 0.0:0.0 0.0:0.0 0.0:0.0 0.0:0.0 0.0:0.0 0.0:0.0 0.0:0.0 0.0:0.0 0.0:0.0 0.0:0.0 0.0:0.0 0.0:0.0 0.0:0.0 0.0:0.0 0.0:0.0 0.0:0.0 0.0:0.0 0.0:0.0 0.0:0.0 0.0:0.0 0.0:0.0 0.0:0.0 0.0:0.0 0.0:0.0 0.0:0.0 0.0:0.0 0.0:0.0 0.0:0.0 0.0:0.0 0.0:0.0 0.0:0.0 0.0:0.0 0.0:0.0 0.0:0.0 0.0:0.0 0.0:0.0 0.0:0.0 0.0:0.0 0.0:0.0 0.0:0.0 0.0:0.0 0.0:0.0 0.0:0.0 0.0:0.0 0.0:0.0 0.0:0.0 0.0:0.0 0.0:0.0 0.0:0.0 1024.0:0.0 0.0:0.0 0.0:0.0 0.0:0.0 0.0:0.0 0.0:0.0 0.0:0.0 0.0:0.0 0.0:0.0 -25.079050648318084:3.6471446454691463e-16 0.0:0.0 0.0:0.0 0.0:0.0 0.0:0.0 0.0:0.0 0.0:0.0 0.0:0.0 0.0:0.0 0.0:0.0 0.0:0.0 0.0:0.0 0.0:0.0 0.0:0.0 0.0:0.0 0.0:0.0 0.0:0.0 0.0:0.0 0.0:0.0 0.0:0.0 0.0:0.0 0.0:0.0 0.0:0.0 0.0:0.0 0.0:0.0 0.0:0.0 0.0:0.0 0.0:0.0 0.0:0.0 0.0:0.0 0.0:0.0 0.0:0.0 0.0:0.0 0.0:0.0 0.0:0.0 0.0:0.0 0.0:0.0 0.0:0.0 0.0:0.0 0.0:0.0 0.0:0.0 0.0:0.0 0.0:0.0 0.0:0.0 0.0:0.0 0.0:0.0 0.0:0.0 0.0:0.0 0.0:0.0 0.0:0.0 0.0:0.0 0.0:0.0 0.0:0.0 0.0:0.0 0.0:0.0
weights 2 0.0 1.3717421124828533e-06 7.71604938271605e-07 2.0408163265306124e-07 4.565376186997809e-08 4.565376186997809e-08 4.565376186997809e-08 4.565376186997809e-08 1.3717421124828533e-06 9.765625e-07 6.574621959237344e-07 1.0203040506070809e-07 4.565376186997809e-08 4.565376186997809e-08 4.565376186997809e-08 4.565376186997809e-08 7.71604938271605e-07 6.574621959237344e-07 1.417233560090703e-07 4.565376186997809e-08 4.565376186997809e-08 4.565376186997809e-08 4.565376186997809e-08 4.565376186997809e-08 2.0408163265306124e-07 1.0203040506070809e-07 4.565376186997809e-08 4.565376186997809e-08 4.565376186997809e-08 4.565376186997809e-08 4.565376186997809e-08 4.565376186997809e-08 4.565376186997809e-08 4.565376186997809e-08 4.565376186997809e-08 4.565376186997809e-08 4.565376186997809e-08 4.565376186997809e-08 4.565376186997809e-08 4.565376186997809e-08 4.565376186997809e-08 4.565376186997809e-08 4.565376186997809e-08 4.565376186997809e-08 4.565376186997809e-08 4.565376186997809e-08 4.565376186997809e-08 4.565376186997809e-08 4.565376186997809e-08 4.565376186997809e-08 4.565376186997809e-08 4.565376186997809e-08 4.565376186997809e-08 4.565376186997809e-08 4.565376186997809e-08 4.565376186997809e-08 4.565376186997809e-08 4.565376186997809e-08 4.565376186997809e-08 4.565376186997809e-08 4.565376186997809e-08 4.565376186997809e-08 4.565376186997809e-08 4.565376186997809e-08
lower 2 0 1063.0 13.5 -18.0 -35.0 -74.0 -74.0 -74.0 -74.0 -67.5 -48.0 -19.5 -49.5 -74.0 -74.0 -74.0 -74.0 -18.0 -19.5 -42.0 -74.0 -74.0 -74.0 -74.0 -74.0 -35.0 -49.5 -74.0 -74.0 -74.0 -74.0 -74.0 -74.0 -74.0 -74.0 -74.0 -74.0 -74.0 -74.0 -74.0 -74.0 -74.0 -74.0 -74.0 -74.0 -74.0 -74.0 -74.0 -74.0 -74.0 -74.0 -74.0 -74.0 -74.0 -74.0 -74.0 -74.0 -74.0 -74.0 -74.0 -74.0 -74.0 -74.0 -74.0 -74.0 933.0 13.5 -18.0 -35.0 -74.0 -74.0 -74.0 -74.0 40.5 -48.0 -19.5 -49.5 -74.0 -74.0 -74.0 -74.0 -18.0 -19.5 -42.0 -74.0 -74.0 -74.0 -74.0 -74.0 -35.0 -49.5 -74.0 -74.0 -74.0 -74.0 -74.0 -74.0 -74.0 -74.0 -74.0 -74.0 -74.0 -74.0 -74.0 -74.0 -74.0 -74.0 -74.0 -74.0 -74.0 -74.0 -74.0 -74.0 -74.0 -74.0 -74.0 -74.0 -74.0 -74.0 -74.0 -74.0 -74.0 -74.0 -74.0 -74.0 -74.0 -74.0 -74.0 -74.0
lower 2 1 1115.0 40.5 -18.0 -35.0 -74.0 -74.0 -74.0 -74.0 13.5 -16.0 -19.5 -49.5 -74.0 -74.0 -74.0 -74.0 -18.0 -19.5 -42.0 -74.0 -74.0 -74.0 -74.0 -74.0 -35.0 -49.5 -74.0 -74.0 -74.0 -74.0 -74.0 -74.0 -74.0 -74.0 -74.0 -74.0 -74.0 -74.0 -74.0 -74.0 -74.0 -74.0 -74.0 -74.0 -74.0 -74.0 -74.0 -74.0 -74.0 -74.0 -74.0 -74.0 -74.0 -74.0 -74.0 -74.0 -74.0 -74.0 -74.0 -74.0 -74.0 -74.0 -74.0 -74.0 881.0 40.5 -18.0 -35.0 -74.0 -74.0 -74.0 -74.0 -40.5 -16.0 -19.5 -49.5 -74.0 -74.0 -74.0 -74.0 -18.0 -19.5 -42.0 -74.0 -74.0 -74.0 -74.0 -74.0 -35.0 -49.5 -74.0 -74.0 -74.0 -74.0 -74.0 -74.0 -74.0 -74.0 -74.0 -74.0 -74.0 -74.0 -74.0 -74.0 -74.0 -74.0 -74.0 -74.0 -74.0 -74.0 -74.0 -74.0 -74.0 -74.0 -74.0 -74.0 -74.0 -74.0 -74.0 -74.0 -74.0 -74.0 -74.0 -74.0 -74.0 -74.0 -74.0 -74.0
upper 2 0 1089.0 40.5 18.0 35.0 74.0 74.0 74.0 74.0 -40.5 -16.0 19.5 49.5 74.0 74.0 74.0 74.0 18.0 19.5 42.0 74.0 74.0 74.0 74.0 74.0 35.0 49.5 74.0 74.0 74.0 74.0 74.0 74.0 74.0 74.0 74.0 74.0 74.0 74.0 74.0 74.0 74.0 74.0 74.0 74.0 74.0 74.0 74.0 74.0 74.0 74.0 74.0 74.0 74.0 74.0 74.0 74.0 74.0 74.0 74.0 74.0 74.0 74.0 74.0 74.0 959.0 40.5 18.0 35.0 74.0 74.0 74.0 74.0 67.5 -16.0 19.5 49.5 74.0 74.0 74.0 74.0 18.0 19.5 42.0 74.0 74.0 74.0 74.0 74.0 35.0 49.5 74.0 74.0 74.0 74.0 74.0 74.0 74.0 74.0 74.0 74.0 74.0 74.0 74.0 74.0 74.0 74.0 74.0 74.0 74.0 74.0 74.0 74.0 74.0 74.0 74.0 74.0 74.0 74.0 74.0 74.0 74.0 74.0 74.0 74.0 74.0 74.0 74.0 74.0
upper 2 1 1141.0 67.5 18.0 35.0 74.0 74.0 74.0 74.0 40.5 16.0 19.5 49.5 74.0 74.0 74.0 74.0 18.0 19.5 42.0 74.0 74.0 74.0 74.0 74.0 35.0 49.5 74.0 74.0 74.0 74.0 74.0 74.0 74.0 74.0 74.0 74.0 74.0 74.0 74.0 74.0 74.0 74.0 74.0 74.0 74.0 74.0 74.0 74.0 74.0 74.0 74.0 74.0 74.0 74.0 74.0 74.0 74.0 74.0 74.0 74.0 74.0 74.0 74.0 74.0 907.0 67.5 18.0 35.0 74.0 74.0 74.0 74.0 -13.5 16.0 19.5 49.5 74.0 74.0 74.0 74.0 18.0 19.5 42.0 74.0 74.0 74.0 74.0 74.0 35.0 49.5 74.0 74.0 74.0 74.0 74.0 74.0 74.0 74.0 74.0 74.0 74.0 74.0 74.0 74.0 74.0 74.0 74.0 74.0 74.0 74.0 74.0 74.0 74.0 74.0 74.0 74.0 74.0 74.0 74.0 74.0 74.0 74.0 74.0 74.0 74.0 74.0 74.0 74.0
centres 2 0 1076.0 25.452766104002013 -0.0 -0.0 -0.0 -0.0 -0.0 -0.0 -52.45276610400201 -27.256383423686508 -0.0 -0.0 -0.0 -0.0 -0.0 -0.0 -0.0 -0.0 -0.0 -0.0 -0.0 -0.0 -0.0 -0.0 -0.0 -0.0 -0.0 -0.0 -0.0 -0.0 -0.0 -0.0 -0.0 -0.0 -0.0 -0.0 -0.0 -0.0 -0.0 -0.0 -0.0 -0.0 -0.0 -0.0 -0.0 -0.0 -0.0 -0.0 -0.0 -0.0 -0.0 -0.0 -0.0 -0.0 -0.0 -0.0 -0.0 -0.0 -0.0 -0.0 -0.0 -0.0 -0.0 -0.0 946.0 25.452766104002013 -0.0 -0.0 -0.0 -0.0 -0.0 -0.0 52.45276610400201 -27.256383423686508 -0.0 -0.0 -0.0 -0.0 -0.0 -0.0 -0.0 -0.0 -0.0 -0.0 -0.0 -0.0 -0.0 -0.0 -0.0 -0.0 -0.0 -0.0 -0.0 -0.0 -0.0 -0.0 -0.0 -0.0 -0.0 -0.0 -0.0 -0.0 -0.0 -0.0 -0.0 -0.0 -0.0 -0.0 -0.0 -0.0 -0.0 -0.0 -0.0 -0.0 -0.0 -0.0 -0.0 -0.0 -0.0 -0.0 -0.0 -0.0 -0.0 -0.0 -0.0 -0.0 -0.0 -0.0
centres 2 1 1128.0 52.45276610400201 -0.0 -0.0 -0.0 -0.0 -0.0 -0.0 25.452766104002013 -0.0 -0.0 -0.0 -0.0 -0.0 -0.0 -0.0 -0.0 -0.0 -0.0 -0.0 -0.0 -0.0 -0.0 -0.0 -0.0 -0.0 -0.0 -0.0 -0.0 -0.0 -0.0 -0.0 -0.0 -0.0 -0.0 -0.0 -0.0 -0.0 -0.0 -0.0 -0.0 -0.0 -0.0 -0.0 -0.0 -0.0 -0.0 -0.0 -0.0 -0.0 -0.0 -0.0 -0.0 -0.0 -0.0 -0.0 -0.0 -0.0 -0.0 -0.0 -0.0 -0.0 -0.0 -0.0 894.0 52.45276610400201 -0.0 -0.0 -0.0 -0.0 -0.0 -0.0 -25.452766104002013 -0.0 -0.0 -0.0 -0.0 -0.0 -0.0 -0.0 -0.0 -0.0 -0.0 -0.0 -0.0 -0.0 -0.0 -0.0 -0.0 -0.0 -0.0 -0.0 -0.0 -0.0 -0.0 -0.0 -0.0 -0.0 -0.0 -0.0 -0.0 -0.0 -0.0 -0.0 -0.0 -0.0 -0.0 -0.0 -0.0 -0.0 -0.0 -0.0 -0.0 -0.0 -0.0 -0.0 -0.0 -0.0 -0.0 -0.0 -0.0 -0.0 -0.0 -0.0 -0.0 -0.0 -0.0 -0.0
exact-centres 2 0 1076.0:0.0 25.452766104002013:-7.8267523854505e-16 0.0:0.0 0.0:0.0 0.0:0.0 0.0:0.0 0.0:0.0 0.0:0.0 -52.45276610400201:-2.770038440255451e-15 -27.256383423686504:-1.2289453049427358e-15 0.0:0.0 0.0:0.0 0.0:0.0 0.0:0.0 0.0:0.0 0.0:0.0 0.0:0.0 0.0:0.0 0.0:0.0 0.0:0.0 0.0:0.0 0.0:0.0 0.0:0.0 0.0:0.0 0.0:0.0 0.0:0.0 0.0:0.0 0.0:0.0 0.0:0.0 0.0:0.0 0.0:0.0 0.0:0.0 0.0:0.0 0.0:0.0 0.0:0.0 0.0:0.0 0.0:0.0 0.0:0.0 0.0:0.0 0.0:0.0 0.0:0.0 0.0:0.0 0.0:0.0 0.0:0.0 0.0:0.0 0.0:0.0 0.0:0.0 0.0:0.0 0.0:0.0 0.0:0.0 0.0:0.0 0.0:0.0 0.0:0.0 0.0:0.0 0.0:0.0 0.0:0.0 0.0:0.0 0.0:0.0 0.0:0.0 0.0:0.0 0.0:0.0 0.0:0.0 0.0:0.0 0.0:0.0 946.0:0.0 25.452766104002013:-7.8267523854505e-16 0.0:0.0 0.0:0.0 0.0:0.0 0.0:0.0 0.0:0.0 0.0:0.0 52.45276610400201:2.770038440255451e-15 -27.256383423686504:-1.2289453049427358e-15 0.0:0.0 0.0:0.0 0.0:0.0 0.0:0.0 0.0:0.0 0.0:0.0 0.0:0.0 0.0:0.0 0.0:0.0 0.0:0.0 0.0:0.0 0.0:0.0 0.0:0.0 0.0:0.0 0.0:0.0 0.0:0.0 0.0:0.0 0.0:0.0 0.0:0.0 0.0:0.0 0.0:0.0 0.0:0.0 0.0:0.0 0.0:0.0 0.0:0.0 0.0:0.0 0.0:0.0 0.0:0.0 0.0:0.0 0.0:0.0 0.0:0.0 0.0:0.0 0.0:0.0 0.0:0.0 0.0:0.0 0.0:0.0 0.0:0.0 0.0:0.0 0.0:0.0 0.0:0.0 0.0:0.0 0.0:0.0 0.0:0.0 0.0:0.0 0.0:0.0 0.0:0.0 0.0:0.0 0.0:0.0 0.0:0.0 0.0:0.0 0.0:0.0 0.0:0.0 0.0:0.0 0.0:0.0
exact-centres 2 1 1128.0:0.0 52.45276610400201:2.770038440255451e-15 0.0:0.0 0.0:0.0 0.0:0.0 0.0:0.0 0.0:0.0 0.0:0.0 25.452766104002013:-7.8267523854505e-16 0.0:0.0 0.0:0.0 0.0:0.0 0.0:0.0 0.0:0.0 0.0:0.0 0.0:0.0 0.0:0.0 0.0:0.0 0.0:0.0 0.0:0.0 0.0:0.0 0.0:0.0 0.0:0.0 0.0:0.0 0.0:0.0 0.0:0.0 0.0:0.0 0.0:0.0 0.0:0.0 0.0:0.0 0.0:0.0 0.0:0.0 0.0:0.0 0.0:0.0 0.0:0.0 0.0:0.0 0.0:0.0 0.0:0.0 0.0:0.0 0.0:0.0 0.0:0.0 0.0:0.0 0.0:0.0 0.0:0.0 0.0:0.0 0.0:0.0 0.0:0.0 0.0:0.0 0.0:0.0 0.0:0.0 0.0:0.0 0.0:0.0 0.0:0.0 0.0:0.0 0.0:0.0 0.0:0.0 0.0:0.0 0.0:0.0 0.0:0.0 0.0:0.0 0.0:0.0 0.0:0.0 0.0:0.0 0.0:0.0 894.0:0.0 52.45276610400201:2.770038440255451e-15 0.0:0.0 0.0:0.0 0.0:0.0 0.0:0.0 0.0:0.0 0.0:0.0 -25.452766104002013:7.8267523854505e-16 0.0:0.0 0.0:0.0 0.0:0.0 0.0:0.0 0.0:0.0 0.0:0.0 0.0:0.0 0.0:0.0 0.0:0.0 0.0:0.0 0.0:0.0 0.0:0.0 0.0:0.0 0.0:0.0 0.0:0.0 0.0:0.0 0.0:0.0 0.0:0.0 0.0:0.0 0.0:0.0 0.0:0.0 0.0:0.0 0.0:0.0 0.0:0.0 0.0:0.0 0.0:0.0 0.0:0.0 0.0:0.0 0.0:0.0 0.0:0.0 0.0:0.0 0.0:0.0 0.0:0.0 0.0:0.0 0.0:0.0 0.0:0.0 0.0:0.0 0.0:0.0 0.0:0.0 0.0:0.0 0.0:0.0 0.0:0.0 0.0:0.0 0.0:0.0 0.0:0.0 0.0:0.0 0.0:0.0 0.0:0.0 0.0:0.0 0.0:0.0 0.0:0.0 0.0:0.0 0.0:0.0 0.0:0.0 0.0:0.0
record 0 7987.958279394232 -0.0 nan nan
record 20 6233.3560388729 -4653.4080055284885 nan nan
record 40 6088.576446254847 -1629.588342542986 nan nan
canvas 0 0 130.5035223052679 133.2784536889946 137.47323017528888 139.15728008220572 139.14687207528192 139.12944187172454 122.90591684910679 121.10962999245191 125.54325593465464 131.18022104766476 132.44582145008596 132.43399418510285 132.03228613962284 130.35132569353473 127.52442065604849 123.61638150781376 119.33883786144969 119.36987055166107 141.38367394123472 141.3259122153018 141.39587143420454 141.47154372265763 139.31006559551878 125.40011308525709 124.77504392925931 124.32734814892018 123.90695353300161 123.60189198456607 123.61443389653182 123.54477684979837 122.48179113888321 121.50087946084226
canvas 0 1 120.59515808054688 125.29825496087747 134.31245946464443 139.1429446939986 139.14553063600076 136.77334172183774 124.7047041282926 124.53759111296388 125.62382286715187 131.34318458138503 132.45379381527357 133.757299804411 134.85197881097048 134.8753535028685 133.49943548974224 129.14610322011038 119.38171989249626 126.79080278121246 141.27775968667092 141.3622433732865 141.36635033026346 140.905239709864 125.98871797127553 124.90590501823227 124.39910238773636 124.16528667911425 123.81686446169292 123.60413273185708 123.45448518041819 123.2831272344138 122.62305853964806 121.72000497947738
canvas 0 2 111.56245687112404 115.85159905934209 127.58672628966534 134.20011264659365 134.26668253936126 134.26308203348114 124.91251112965917 124.92314814082305 127.66454025296059 134.817358099767 143.95585921625403 146.8050317081147 147.49721784785396 147.40249239136554 146.1309914626514 142.47301878766345 134.39117594927956 136.20268946703223 141.15258069038737 141.17263299482335 141.17252223594642 134.95738249911517 124.29508364119577 123.93955504939342 124.3202174528986 124.14779750023993 123.78120646052798 123.67030284410221 123.58839457624612 123.39028709302147 122.887849862531 122.3948458384748
canvas 0 3 106.80949373242495 111.20046686218434 123.19323177227648 134.03955314079047 134.2597362234919 127.31992617654227 124.88928777142966 124.89887611002871 140.4865226835811 149.82391904058395 149.82772787490532 149.81424819481032 149.7988563458224 151.24636571315145 151.01226413230503 147.4932361338076 139.36691849412912 140.87638563086387 141.15372306825142 141.24896364109458 140.80862931733742 130.86450679195664 124.40985329807063 120.31508731933313 124.17871979329857 124.15060262045716 123.68635800362064 123.74220490213372 123.98203095142718 123.77859509826894 123.34389861935387 122.98228104481626
canvas 0 4 90.46962987366602 95.20539808080076 106.5231009057904 118.66233648393 121.85725819662267 123.01152527162758 124.85691410390223 124.99272540453643 146.6365783933568 149.80931869837949 149.84579750293904 149.84170366829454 161.25845879025428 169.86398458179588 168.4514978967288 161.64462560015912 147.1394446395807 141.6761505752561 140.9974640183334 140.95290381501476 134.60629542781402 120.87467953007823 105.5451921802093 105.35816262507271 124.22385801829915 124.40903589963813 124.01881035658072 123.99526628543255 124.25446146331782 123.97989246675536 123.55780894588509 123.35600548145753
canvas 0 5 72.82860877681215 72.81391248299403 79.04874060103043 96.67141967397886 101.63414073053285 112.25734169835266 124.75202174776305 134.90693158392412 146.25829719926585 149.82658235520472 149.82249295450396 165.007269980743 191.5465534456909 192.76669343217867 192.76113089955146 192.76431344291885 169.44133845957302 145.3637136002384 141.05155758257368 129.9006866446942 108.63628459236918 87.73530583890006 79.35662683034006 79.41927262361352 124.22257020681354 124.62833047183305 124.31621998063545 123.97152020243651 124.13508112129793 124.17111527448213 123.76846482324957 123.62137951172922
canvas 0 6 72.84179464876696 73.04147526853129 76.29399879594857 94.49987509355651 94.48436432765098 100.20576426025272 116.76086804388981 134.8824387568031 144.93830581158716 149.84001060753306 154.72221828594763 173.6291491886637 191.60032022693417 192.73591374717046 192.74210823969062 192.74115832387298 184.17919170437696 149.93173173692776 130.74181379607614 108.33614804372907 98.16142785927114 85.05832477017552 79.1425812767939 78.28163334987326 124.21805007439707 124.41806505671899 124.22439025138901 123.78831928267917 123.9329170681989 124.26770253055085 124.06050270062455 123.89003550134984
canvas 0 7 73.90497443044877 76.51853301878636 87.81944107682298 94.51096859833605 95.05593600890724 96.7874306870255 107.23367652647217 131.27523250283411 141.44657978492896 147.04475617501708 153.19538701479513 169.22896426344278 190.42917847844575 192.72295906916037 192.74320452981425 189.2061588189932 183.62911920017433 160.2540264429618 124.19907678966938 106.22650823158814 98.73827719772906 87.2889991818215 79.46035382745148 77.01339034892409 124.1213128376787 124.06785454676088 124.04776525035852 123.73145801838159 123.97923660246238 124.30363885376828 124.11814120488273 124.0973879383522
canvas 0 8 78.76476475041035 87.93619115860514 93.92771004849493 95.21577210178623 96.79374046369199 100.82652838181451 106.2434700036415 129.86560499287296 132.37682801018948 133.52535430306466 136.257261101539 145.71605545279536 165.84301491452456 180.82276328606875 182.5151564888248 178.16312564610755 177.36723276680024 170.59477996646186 125.71732303009715 108.08166080987577 102.7013523601325 93.56578872364219 85.68430513905172 87.66558453854024 123.52593293690778 123.56013882473395 123.82164031686155 123.7604340926449 124.02859203462458 124.19050693889953 123.93484559459101 123.94341798436984
canvas 0 9 106.38274788907822 106.22710735434441 106.10481323711556 106.0796630599703 106.10773244261239 106.12529909555332 119.87243686493301 131.65937129486454 131.96431547318375 132.80014260515128 134.73467886546572 135.85275981808405 140.6924730410256 150.43604890896572 162.5471559648771 173.9236465789815 173.77223048475577 151.29864237725937 118.47312909065192 108.85996908211503 106.79732125164362 103.98470577860934 102.55087689575404 102.58429247813442 123.00930485244847 123.06401043971395 123.44460000019211 123.53593069249479 123.73045382351755 123.77021902990164 123.43865707810458 123.47818678395308
canvas 0 10 106.4490372943384 106.24636518649672 106.0723158595707 106.12387167089159 106.10735594033616 117.34696342061184 138.38124264065485 139.30507166937477 139.23030414790577 138.78055516472904 136.6066085278138 135.21247095309826 135.21193920927385 132.1991398243541 118.9038017018091 113.65426716616516 112.53204061586699 109.79438256078755 109.5328124124675 109.25256824102902 108.0776660319346 106.00137200720533 104.41739254407399 106.53064709156335 122.8645149486648 122.85924365594039 123.05271992690415 123.14280383290671 123.14812096940561 123.09429863708063 122.89290213954824 122.78881365570253
canvas 0 11 117.83422805747884 112.55180425803454 106.74145434651109 106.11850535753986 109.40736480984377 121.0914543713726 138.1129295846057 139.37741771021751 139.55589162588015 139.75633155439283 137.3076516124484 135.21358774896495 131.15566463801767 100.72959030660463 96.98445424845713 99.82235596455814 105.43589204384564 108.63022274777433 109.62267259246094 109.61266301807193 109.59885287937264 109.5494502289334 109.88881057031296 117.6330406651801 122.78493815722949 122.83437901486572 122.69545996040193 122.70234682244691 122.56687035469126 122.39182587894156 122.39362888182748 122.35259159867009
canvas 0 12 137.41526640727804 130.81385760242105 116.84340262046754 111.89062090483094 111.88881471680347 119.74685672957295 135.61278350638548 138.7582533690979 135.4637014402597 133.18318867336956 131.22190911511163 127.63144751826755 88.59520697612248 83.73919716101747 85.5610077342811 90.86956737064394 98.89230874101756 106.28865356013263 109.64620955077808 109.62081402147591 109.58338153154777 112.1438437315289 126.25409212343787 126.66677479010387 122.65994015763742 122.71686150681674 122.36772522583523 122.36203984833374 122.1427951750568 121.96320747630419 122.05288388811222 121.82925233691593
canvas 0 13 143.6150833348998 138.8665565486652 123.83094594184485 111.87664633287804 116.56989515991111 126.22427650745038 130.91037458368413 132.4276296436114 129.05708507063935 127.74272783992004 126.19459213473722 99.093897332614 74.84529683394055 71.88830146823803 72.7880786823358 75.19511088771745 79.9997857697982 95.32992658868551 109.76430518035102 109.721135830385 111.06659189625425 130.80444709747297 136.6775191168005 134.32393862035977 122.20424512231297 122.5611621419059 122.38672134491358 122.40508792699643 122.03446317713947 121.57057546474653 121.49084044973965 121.24242206020381
canvas 0 14 153.74059874156114 155.49827113661485 150.6062164123151 140.8430163485895 128.03270159735658 128.09437067828762 128.25159073813768 128.9513197390533 126.33809003457442 124.49525754136431 105.66693970095007 77.94847718582284 67.73838467305168 67.13321581705812 68.96379475023656 68.90164982528982 68.81004990129983 86.02174591335333 109.89092039149529 110.285164224534 131.83996775155788 150.56084419957585 155.5228026216195 150.92080595260572 122.07803746538222 122.31708667615104 122.24012782562701 122.42003503476859 122.18011054377178 121.38150996955675 121.10401520159046 120.84127730478734
canvas 0 15 185.96214082994908 186.32388769124486 185.88053175879213 186.0807510581094 128.03844262235344 128.0164532851129 126.7308822487804 80.25722588627286 63.64652793252051 63.51783760649708 63.55982127979165 63.52431507626849 63.51929920431327 63.64931304105238 68.94859911059301 68.88276612807886 68.82167128178142 89.25513646112748 110.06687638752243 135.00576866918527 165.9378248156371 171.32380099034486 171.74655540578667 171.39665585803914 122.44246063892061 122.24547177656105 122.00478691573674 122.42879027211451 122.36564168518571 121.48199768645897 121.01316868722466 120.53877838921672
canvas 1 0 103.44482333682974 103.4661196013017 103.50719852590855 103.40641558338469 103.42125612909992 103.12413219367694 103.22057978666224 103.07455702910502 102.92255027053226 102.70370666552512 102.59919306387415 102.59554968088983 103.5000069584833 104.77758927552978 105.64599597455269 106.25892778649094 108.39430556599453 108.8828768661042 112.63593907515208 113.72246781297072 119.19065842937293 119.97568512074581 125.56959012658511 126.99246913327858 131.72233393231468 132.05557493952742 132.67998818471116 133.1131960841154 134.50334141049436 134.20578454873228 134.9696430726071 134.7434462447244
canvas 1 1 104.31160536689973 104.16537652999811 104.10337986377569 103.89671525089577 103.8001085641829 103.39637415117373 103.39711201747188 103.23507080545949 103.07855877180303 102.92939396469419 102.90914603556907 103.02177507887646 103.87512115797885 105.08951263733859 105.98589494366702 106.61886285235886 107.98213114108785 109.44681865734873 113.04785049009205 114.21562004151514 119.53278955644025 120.25355847045608 125.66093456573786 127.199122086676 131.68945014960437 131.94239487551602 131.90772671429198 132.2092342884868 133.34060347747862 133.2746927052496 134.38299428772615 134.60163277407517
canvas 1 2 104.55794364027491 104.51932893986024 104.44330981110514 104.17298148005047 104.04416494087742 103.32308075718582 103.33298367720738 103.11940935400636 102.87404902750772 103.00806344434875 102.84483401972605 103.2642838539937 104.26128931750436 105.38776594176142 106.2020468063223 107.061655709009 108.31847902310268 110.01918918340661 113.50592397263405 115.02200088858595 119.63504376537806 120.67243320212414 125.66591526032134 127.46767665577433 131.42411901922068 132.52403388958484 132.07688113294927 132.80564059469694 133.7822127586212 133.49466524076274 134.51574522432443 134.4686076294457
canvas 1 3 103.80849332168567 103.6721937965752 103.524117532721 103.28011494231507 103.1772188067846 102.65496374465039 102.40982400910293 102.29196150998618 102.1001692369023 101.86144769154842 102.28527835008197 103.07259276766989 104.37592568267402 105.24570194081765 106.25501744802686 107.41930919902015 108.68872403946638 111.0654753730213 113.89122851685303 115.87073056868078 119.45161866869931 121.27995243350482 125.81242374657636 127.89276329782842 130.99073012939206 133.00195185860775 133.55478964493898 134.4264290565305 134.84292306041777 134.19600846829394 134.69903247460874 134.605597229798
canvas 1 4 101.8653442767841 101.74597376654002 101.69710114216669 101.52021817617431 101.48697654422979 101.28276508772176 100.96674335999148 101.10986476010616 100.86298216756472 101.2359753381781 102.39329625914107 103.47155481783656 104.48582244158753 105.53756610071758 106.59201867888353 107.89681768776354 109.73281571191616 112.24624787735925 114.62284514798874 116.71843524644677 119.71096207869381 122.12795676864698 126.27346220006078 128.43528071192506 130.5518887243034 132.6523606379578 134.64023825383111 135.29736085484566 135.5924775322794 135.15519696324196 135.65003746957618 135.47150724516754
canvas 1 5 100.83273625405079 100.81191121965904 100.71859186230002 100.38772404444916 100.46880393175147 100.33730174507592 99.99981845262965 100.45745923070471 101.13591208088845 102.06606668734642 103.3471131474105 104.44376564156035 105.3992656467138 106.36590748227275 107.5650083866634 109.16024193603158 111.23422847749163 113.56247781910938 115.7362264525672 117.61530006661442 120.35997629444607 123.06666613248407 126.81315767755088 128.8939287362392 130.17063364571206 131.82595642034994 134.6338281040714 135.71559770941656 136.29554225775166 136.02196848831497 136.56832443305288 136.29577021948515
canvas 1 6 100.22731389756292 100.20096393713567 100.2294015738998 99.89121046128484 99.93384755467854 100.18417971653287 100.57787304492636 101.6424622406981 102.46302843623783 103.5474218628313 104.82415979766924 105.80400298111364 106.77811840800412 107.72013426361409 109.19646697363113 111.05517361794928 113.14022923575794 115.10913273886877 116.75559499048221 118.56742649085724 121.29111977662093 124.23251568017575 127.4631609536264 129.46776989132226 130.00851767557617 131.06891009574971 133.8824760971139 135.34449579007097 136.402744103892 136.45360145676116 136.98966842898054 136.92355648130848
canvas 1 7 100.24308351021345 100.0571895419356 100.13826322625779 100.06046415033477 100.65676831489088 101.31945348136179 102.4733044751037 103.49537166820224 104.60393376482354 105.72770818744597 106.68502849131576 107.61590259377707 108.59934541482748 109.92881437379984 111.62278452181788 113.51404660593656 115.13505814031615 116.38973481000336 117.81717241882438 119.91729857373899 122.64777614474049 125.57621103899494 128.4135474204155 129.8211733936903 130.12702850780443 130.56818784882012 132.60138034127684 134.25861522589634 135.82679581574442 136.45456621720214 137.02912050960254 136.9129565095053
canvas 1 8 103.65013621651339 103.76170683503982 103.99713150546168 104.41090701045628 105.04398409138612 105.85884090176542 106.77255193861996 107.55638282395239 108.41017067630364 109.10002905775838 109.88580676443618 110.86166944221219 111.90216631137625 113.2072947930612 114.57158481438587 115.65884524607233 116.53199972083998 117.59381737418283 119.23309043016414 121.5117853564772 124.34751639549954 126.92094433316889 129.24220720640207 130.22449960434253 130.32627938960465 130.3826832923405 131.43811296215432 132.72561540126705 134.47161817935825 135.5477746320071 136.32793222997384 136.72200544986407
canvas 1 9 108.46126783429541 108.48495689092188 108.54476033617544 108.68317112558402 108.95394412307031 109.4256233880163 110.01511464587841 110.69133281420117 111.3209409244181 111.95581073945425 112.80431378100906 113.68731737011042 114.69947521026286 115.7189257893962 116.57131786859193 117.40756549168948 118.14611595991217 119.51888302033538 121.50081548329884 123.92369928055183 126.5007197019485 128.76234653338267 129.9490138746321 130.51749970775168 130.4648530729452 130.57334076083282 130.76825602099856 131.15103680230217 132.2283399358082 133.6239039296169 135.07005970176223 135.87001026740012
canvas 1 10 114.11622464025096 114.11004171831166 114.09961844250738 114.09247522241532 114.10763639787204 114.17725251647568 114.32908218692153 114.57515920582944 114.90550280141713 115.38123302310802 115.99671583178494 116.70791703519146 117.50059109848434 118.26304028063743 119.08954640801913 120.04121110658525 121.22254208712621 123.0321708834379 125.17175267194673 127.21718530964516 128.9867208334105 129.94985702111768 130.08033046669348 130.58033324981574 130.5447631480295 130.75844718568962 130.68024725586773 130.4298497056445 129.88983369265864 129.91951584989852 130.34103085276797 130.80814281251148
canvas 1 11 123.52030494229564 123.51778371486752 123.51296678134756 123.5065854771935 123.50084268730654 123.5014457065684 123.52018228629434 123.57473337569476 123.68539817949245 123.87006726107366 124.12676192909991 124.4422360637122 124.82187805639391 125.32041914480948 126.02361688148045 126.90191878948625 127.79997095359393 128.58164456052353 129.4158234948743 129.85024495580691 129.70290323873124 129.93044503250582 129.96207101631782 130.4977699066385 130.4609370053718 130.780341105687 130.89596301472295 130.86553351866826 130.32031519321572 129.86464445325572 129.40121316830687 129.36047067996867
canvas 1 12 137.17130606025304 137.1732592017278 137.17536856263226 137.16726210371982 137.1039339017678 136.88261354143427 136.5121110988134 136.2718283509634 136.11556459819644 135.67295635701583 135.16790827561798 134.51719277669162 133.73347709599847 132.78666412067534 131.76087711022615 130.7882981892924 130.17168696930256 130.00855989325493 129.99852671487943 129.96663387470034 129.95017914064536 130.03125182183328 130.1109424078419 130.4788667068886 130.38548058005728 130.65851473806728 131.02015249356634 131.0570658463669 130.54290282327958 130.15259951693005 129.7851474744555 129.77312497153451
canvas 1 13 141.66992212587135 141.51004665661856 141.01563175083496 139.99293082540552 138.68255454046155 137.94354438722402 137.71464027110224 138.11929673540558 138.2087196553437 137.8198912457225 137.77161583149217 137.7661298009493 137.46794675595888 136.76608619930175 135.5266251524733 133.35879503836622 130.69942699298548 130.10784792737186 129.53156436722716 129.8058965566682 129.90841122945525 130.1253510103316 130.4583410290422 130.67821816542144 130.34086024609653 130.29904207949133 130.63517798998686 130.82617467310726 130.6109693122917 130.3792063587885 130.18701848654047 130.14959761774833
canvas 1 14 141.78236356266473 141.62621125123206 141.15632735005366 140.2304555604631 139.01124851883193 137.83428368111683 137.3860749836343 137.65520671712758 137.60816235941542 137.32006554028376 137.33510748303001 137.33387056316596 137.34972188554983 137.4176057962875 137.24746664130186 135.7796021447829 131.10979733912748 130.58857698645255 129.6362269221624 129.94224359101574 130.25604948149993 130.49468926409713 130.58594607002357 130.58574314495678 130.13411900894528 129.7930672894415 130.38444335189791 130.54629064755375 130.5118561875104 130.28992810632312 130.24145640403933 130.20774105462198
canvas 1 15 141.98041813246996 141.82667156482896 141.36472644830798 140.43699550225642 139.32221539635498 138.63928468132863 138.24173747725604 138.05198406708098 138.1568079307785 138.22060986667458 138.19824215908383 138.15858345713576 138.03442376981462 137.90349791530457 137.7508788046805 137.3887145153428 131.1941806148022 130.55360250048648 130.46128334619348 130.2862687413955 130.24252607727382 129.984957456047 129.7377243859048 129.73745537852184 130.21730077947205 130.20656981633985 130.74756824376303 130.43592368606767 130.19670681242468 129.8020782979388 129.97211575617513 130.01543816007455
canvas 2 0 127.77573998437758 127.7424193457724 127.61755474889158 127.79905715347395 128.15726490446914 128.07733255681427 127.896015027713 127.98844466849717 128.06149555331226 128.164891300989 128.042747548096 127.98089160563387 127.54436091377879 127.17951193644394 126.5135215367306 125.77309392761686 125.59479965952214 125.29531191547211 125.1327858815575 124.91748867123643 124.83752165990809 124.67486545767726 124.64160738893989 124.7337593230882 124.65452663433436 124.82004038080997 124.55990739765514 124.47146565525644 124.38130556007114 124.37080008114314 124.85309532192208 125.20277250807327
canvas 2 1 127.96487800835408 128.0504586680189 127.94126045415476 128.12323938795797 128.45708530081782 128.43427914790274 128.34343557958096 128.4057086570278 128.4636082454627 128.4093068005636 128.24624649314902 128.00641157864345 127.69910191504677 127.23032981327657 126.53573706933241 125.6007351130876 125.4336791415289 125.08204689669401 125.15552149492339 125.06994244652762 125.20015780889099 124.90857281345293 124.827564043703 124.61322539670672 124.59094838066555 124.64572679798944 124.54983129178225 124.07608841633488 123.98112965218165 124.11531052853745 124.61101142022305 125.19091226387388
canvas 2 2 128.60004985601643 128.51488953009735 128.33325367969186 128.44073619215135 128.71158502017374 128.53658974686158 128.39436062223558 128.42969898531635 128.36003891873793 128.3228314372213 128.31985912767047 128.1300289037309 127.77020646384055 127.27620383413517 126.6848706974129 126.01754683812037 125.51879978660497 125.326078101694 125.21373918947012 125.15249956292894 125.16344755746483 125.02782634527806 125.05474205979237 124.76576228605623 124.66301106602641 124.55087125849174 124.25644570797064 123.82971008518388 123.81719996355885 123.9871589063005 124.0655392717261 124.46085571253666
canvas 2 3 127.54206626948081 127.81082294369584 128.2542701130033 128.2760135846484 128.15068413928353 128.27953857101184 128.21563819300786 128.1708119584408 128.20133225917445 128.1682138135695 128.10556725539632 128.11369759268803 127.91627861274667 127.49173453800829 126.82346459677211 126.12089727253374 125.331822692951 125.13970128650199 125.19671562626854 125.20202767680217 125.03990662951213 125.14628205001338 125.02813612857645 124.89761438304156 124.77222961326656 124.40403770434688 124.06975004747207 124.07777865330819 124.24609559258057 124.49793667824513 124.85539936879172 124.95968306041178
canvas 2 4 141.66223732429813 141.48536962945252 141.274543595878 140.82797132044783 140.12158311654497 139.39490395195796 138.4183473878261 136.82939175822395 135.00241631000296 133.1772560602493 131.39949767124625 129.98038343130352 128.9348292177014 128.1448520056536 127.25994040430973 126.30494183377344 124.97788478972988 125.09720089481404 125.08592380174785 124.94427241803379 123.90944548643644 122.38786143681575 120.3584986086309 118.24287034419949 115.92519928684588 113.64498568061101 112.07173690524291 111.2381832908118 110.98807407316147 110.63069818027307 110.65059717330008 110.55928977490088
canvas 2 5 143.88659173204547 143.78572402745533 143.3067404308493 142.89469538970516 142.6876895580573 142.47560762287642 142.29216923985965 141.21004386089317 139.7643634190306 137.69454830949772 135.21772518557069 132.95952569417042 131.027444242585 129.5570572113052 128.19300862721627 126.82746186399 125.13346230426963 125.01282305832312 124.36184698448261 122.14654616821993 119.78442958153714 116.99169421565315 114.64154229506612 112.01154919227606 109.93798931826849 109.7000541847144 109.63505325821119 109.33328427886396 109.67707174320115 109.51968694014066 109.36696784042353 109.44095796311407
canvas 2 6 143.78885943593946 143.68120985474116 143.55665046934476 143.47269942135506 143.54750025004395 143.40086439866639 143.4648637334524 143.02655227748346 142.54493461021514 140.92083818956357 138.35702814014195 135.87527126873468 133.23083237039995 131.50011181307704 129.7401494498476 127.76641237570382 125.41507635149816 123.83198378493891 121.0854059444888 118.80857891624102 115.83437237373565 113.63351873656593 110.92072724207372 109.38061581317913 109.43047263160722 109.45255071027275 109.3597963993571 109.12814602941172 109.54977599130788 109.40490199803838 109.36645185991101 109.43660190377832
canvas 2 7 144.0265724707655 143.9980195096652 143.66317709055912 143.62299593758826 143.69653041576746 143.60637267625387 143.738115512206 143.68295371671638 143.7495253800668 142.8642653770442 140.44543448855921 138.4297422679396 135.13308903295868 133.29543071110743 131.47846343797642 129.24887883702198 123.71065745564322 121.27726505805296 118.93308753538807 116.0967883766855 113.73995721975912 111.17971002978206 109.45793155274998 109.39158766993964 109.30140957457157 109.23497883308694 109.1788979501443 108.9121307127722 109.28732991048088 109.0748771150668 109.01895447507093 109.1613054329342
canvas 2 8 143.93100438506167 144.07596398907674 143.65895073756536 143.69559021346143 143.87524017563268 143.90423699819743 143.908479965683 144.02381741417287 143.96695791405472 143.90720378141867 141.5445371305679 140.42164750716552 136.53712715930536 134.81327079812868 133.06775835931424 132.5489442360441 122.09352429499904 119.76564717986108 117.11829564833555 114.54395545855486 112.07239560989056 110.15341845379626 109.35280309545607 109.15454335720669 108.91840236937965 108.97819071773486 108.99807364607386 108.8992506130336 109.16932672514066 108.93941431917531 108.95368133570682 109.09397067116605
canvas 2 9 144.02969875055257 144.0998218957364 143.72556660545015 143.7862963432377 143.98237838723634 144.00358550799746 143.96065521155515 144.10658051666465 143.8795568319502 143.93592525523005 141.56555924309933 140.708744435625 136.68678202766407 135.10731719628646 133.288430381519 133.27152123859003 121.94574766132405 119.59333616693432 116.95852084766317 114.4006154674634 111.97719200267416 110.23062278695825 109.43451423364236 109.09415236632739 108.94311579937725 108.97130250863009 108.97207885728699 108.77293354869428 108.91867279895399 108.89964918556652 108.99963467692547 108.83122716047106
canvas 2 10 144.54477937181986 144.61687729402155 144.30014627110432 144.17105255642232 144.13085509688324 144.15576865838187 144.03963809057035 143.9309433745673 143.89951040644146 143.57571222279992 141.33813178120243 139.58389981271588 136.15136194023307 134.568260289174 133.40993844195924 130.4992903285042 122.74245879566887 120.53579353561602 117.9139315778354 115.24990215483513 112.716667742137 110.76780672183598 109.80792694344954 109.36016690939891 109.07550864426 108.77660901307515 108.59717780075604 108.25824082823972 108.40821674445216 108.30850591711196 108.36738603293348 108.06513757335937
canvas 2 11 144.93246685533592 145.02348466629135 144.69696136689018 144.5342606857232 144.26263417330236 144.11442338738058 143.88271760950542 143.50556822219605 143.4338593117547 142.56449613380585 140.11347281028137 137.53310475267128 135.03678912503892 133.68334719454768 131.38396702771402 126.79427997978154 124.1939058146941 122.40790444973447 120.04575582593495 117.25729010619803 114.46801693499735 112.17698363259458 110.59823134751508 109.68216114115084 109.19209363849691 108.84662084161491 108.50889855971423 108.1597514085497 108.4103176470292 107.8349794733625 107.57658424355142 107.68480007853452
canvas 2 12 144.8544141624262 144.7242790209216 144.43750428811893 144.33964525599615 144.04597023510013 143.83203210500722 143.73910956256626 143.74602245812437 142.61655140488597 140.34110249204883 137.82636272722024 135.46250232974586 133.61275362315655 131.4432716460032 127.16055254329505 125.74124267850867 125.47406102231413 124.4450859682522 122.858974513613 120.28052468469077 117.1581821811619 114.54672119289206 112.11300333705408 110.39871549531678 108.90766176303151 108.67604026430561 108.64848364226607 108.57174522156998 108.68220598999022 108.53165995480776 108.14360445448844 108.21194697133011
canvas 2 13 143.3514734635945 143.54263438967098 143.99847970946277 143.83497193567723 144.09972543781825 143.75738649077744 143.6559768519642 142.73433183839114 140.54378014782927 138.16813528260084 135.77910838073026 133.7356910419689 131.56729583208875 127.57828091635616 125.7370073972629 125.8033063593089 125.92365846994299 125.71583531349725 125.01586216132546 123.20654533788303 119.79384772583744 117.3788061462805 114.44562247121851 112.32647283646877 109.3982655612244 108.9738278599704 109.0017756246009 108.92476706858073 108.7521279870439 108.79216608619285 108.97138461545731 109.60717618639463
canvas 2 14 143.44719644358753 143.61926562596582 143.74547817359712 143.6657899693771 143.8320064495288 143.48574248884276 143.094731765793 141.41604346480548 139.03133422359815 136.71733219193848 134.46240164239026 132.4099979408656 129.02718318502582 126.26746550725251 125.69103644912195 125.84239081526746 125.98864992473233 126.16035326633852 126.01681936167235 125.33522034354874 121.40808666329673 119.40250306501967 116.10993581233664 114.4565804521368 109.84817936758645 109.35342829210397 109.25190142338306 108.98754210890719 108.90925354762854 108.9895333366604 108.997254775568 109.55722550509026
canvas 2 15 143.01410315493726 143.28116977713287 143.1647712261704 143.26234073069475 143.4636301304861 143.23373118465528 142.59751171911935 140.7150549809982 138.26893260154753 136.01746216553855 133.82320079444443 131.4351357035395 128.1347291368799 125.9946887748525 125.76927906778971 125.82681067336328 125.98418181955134 126.15915577954637 126.26540710830838 126.45228187287393 122.06721070710324 120.47073314369176 116.74400905483806 116.0999147609328 110.02665971293546 109.3200205024614 109.44120884414752 109.32516359042808 109.4084303524306 109.44056177412365 109.20477738978524 109.79711658879008
constants method=tv centres_tested=6.113593668519734e-13 centres_reference=2.7187947079476426e-14 tau=1.9267848867997692 sigma=0.06422616289332565 rho=1.9 root=0.9949874371066201 gamma_max=1.0 lipschitz=110.85125168440825 dual_lipschitz=12028.456260052671 dual_centres=0.0005701229246830974 weight_max=4.444444444444444e-06 dual_reach=4252.7014943445065 dual_fixed=0.44100000000000017 xi_bound=110.85125168440825 xi_terms_bound=110.85125168440825 cells=2 vector_terms=2 tensor_terms=3 primal_terms=3996 dual_terms=904 dual_rounding=4
start SI0=5621.779716134172 ScenA=6.690696214361171e-13 ScenR=3.0190294850254806e-14 Sgx0=399.5994777532478
majorant 0 Ma=25.001959068368183 McenA=2.3320438140339207e-18 McenR=1.3404531326752974e-19 Md=0.0 Mf=32755.697996617924 Mg=25.001959068368183 Mi=5621.779716134176 Mmean=3992.421197505006 Mp=16.813741869323394 Mphi=4722.395017815954 Mput=3992.421197505008 Mq=249.0014285381906 Mrp=31.946109551714446 Mrx=13830.460113881123 Mx=4939.450040671829
majorant 1 Ma=48.55005697455321 McenA=2.3320438140339207e-18 McenR=1.3404531326752974e-19 Md=145.94096943868254 Mf=32753.935012258054 Mg=19.2710113862104 Mi=5625.5927959995315 Mmean=3992.126597371478 Mp=22.49518034900524 Mphi=4718.6343507113315 Mput=3992.1383173025674 Mq=248.4371351487486 Mrp=70.00700929418373 Mrx=13822.722831828456 Mx=4939.450040671831
majorant 2 Ma=35.026702881864956 McenA=2.3320438140339207e-18 McenR=1.3404531326752974e-19 Md=75.33172158837826 Mf=32751.370839929365 Mg=22.915299148200614 Mi=5685.096786567239 Mmean=3991.4417089919275 Mp=25.761657708917767 Mphi=4715.111619359044 Mput=3991.5232712433676 Mq=248.80543324212024 Mrp=65.69398511293834 Mrx=13814.465575285345 Mx=4932.601734712555
majorant 3 Ma=50.36475216241366 McenA=2.3320438140339207e-18 McenR=1.3404531326752974e-19 Md=144.11583059309513 Mf=32763.856735010475 Mg=19.509200628341024 Mi=5705.231523854581 Mmean=3990.579137649245 Mp=28.297879100050665 Mphi=4716.860076266653 Mput=3990.7246656384054 Mq=248.24601327183342 Mrp=83.4012634893643 Mrx=13814.442571715701 Mx=4936.246712951316
majorant 4 Ma=40.24208381183606 McenA=2.3320438140339207e-18 McenR=1.3404531326752974e-19 Md=96.33261324903724 Mf=32743.094012228106 Mg=22.803175684273054 Mi=5728.698266500384 Mmean=3989.690563992052 Mp=30.209802828618727 Mphi=4712.652679373247 Mput=3989.992727914191 Mq=248.47176835629054 Mrp=80.2592893147055 Mrx=13804.339429236357 Mx=4929.556327388202
majorant 5 Ma=51.49893083579317 McenA=2.3320438140339207e-18 McenR=1.3404531326752974e-19 Md=145.24511941240786 Mf=32743.305321020747 Mg=19.994496325659224 Mi=5743.769757126485 Mmean=3988.815107567125 Mp=32.07679702472177 Mphi=4713.158051093158 Mput=3997.565262813759 Mq=248.06672471614027 Mrp=92.4821236282674 Mrx=13802.956360567516 Mx=4931.450905909072
majorant 6 Ma=44.20038391086584 McenA=2.3320438140339207e-18 McenR=1.3404531326752974e-19 Md=111.86155796600359 Mf=32729.16196458755 Mg=22.70868534580682 Mi=5758.2527018122955 Mmean=3988.3325855018043 Mp=33.26202025582377 Mphi=4710.450444707218 Mput=3992.1798325050904 Mq=248.33599538810975 Mrp=90.31819854360765 Mrx=13796.900364238973 Mx=4926.598039649953
majorant 7 Ma=52.28838771531423 McenA=2.3320438140339207e-18 McenR=1.3404531326752974e-19 Md=146.32695228039415 Mf=32736.75556888877 Mg=20.515969475794964 Mi=5770.521749674765 Mmean=3987.721610549564 Mp=33.966696142910365 Mphi=4712.100184400493 Mput=3996.22396021079 Mq=247.97408180140297 Mrp=97.36288915136701 Mrx=13796.617111952159 Mx=4929.227822321041
majorant 8 Ma=46.08380316713593 McenA=2.3320438140339207e-18 McenR=1.3404531326752974e-19 Md=118.60639482563909 Mf=32717.720159896744 Mg=22.864702810985257 Mi=5785.9827079988745 Mmean=3986.003367551615 Mp=34.441578914777445 Mphi=4708.802006665021 Mput=3990.641822766833 Mq=248.18053144961507 Mrp=94.32201413772444 Mrx=13789.044158376422 Mx=4924.164727639273
majorant 9 Ma=52.37432571896245 McenA=2.3320438140339207e-18 McenR=1.3404531326752974e-19 Md=144.86138220029213 Mf=32719.532420303014 Mg=21.0691511067452 Mi=5800.977435065053 Mmean=3984.743655416522 Mp=34.69147419201767 Mphi=4709.5279389681955 Mput=3993.753728414146 Mq=247.89338901868354 Mrp=99.05860212285734 Mrx=13787.946300492771 Mx=4925.688480710004
majorant 10 Ma=47.16435263651099 McenA=2.3320438140339207e-18 McenR=1.3404531326752974e-19 Md=121.88740335817761 Mf=32706.03872174449 Mg=22.963493858079335 Mi=5811.405835553013 Mmean=3983.7055446038726 Mp=34.80172974639895 Mphi=4707.167341853318 Mput=3989.8030133805196 Mq=248.07280461836498 Mrp=95.83018621474484 Mrx=13783.022387708552 Mx=4921.811929908461
majorant 11 Ma=52.037987540286785 McenA=2.3320438140339207e-18 McenR=1.3404531326752974e-19 Md=142.51090146374509 Mf=32713.712654342955 Mg=21.464809382808205 Mi=5818.207732913697 Mmean=3983.7695142018083 Mp=34.87067979662047 Mphi=4708.656345895246 Mput=3992.3098893575925 Mq=247.8309987080161 Mrp=99.19803493671108 Mrx=13783.410807739428 Mx=4923.853922693919
majorant 12 Ma=47.75892227206114 McenA=2.3320438140339207e-18 McenR=1.3404531326752974e-19 Md=123.55491862133941 Mf=32702.15198327955 Mg=22.981530832186536 Mi=5827.223625127222 Mmean=3982.8261752869275 Mp=34.92260715627802 Mphi=4706.643686999296 Mput=3989.7052759593457 Mq=247.97173144444272 Mrp=96.4700868729673 Mrx=13779.042613167863 Mx=4920.550342524253
majorant 13 Ma=51.68664782994483 McenA=2.3320438140339207e-18 McenR=1.3404531326752974e-19 Md=140.0272521978761 Mf=32707.957971142445 Mg=21.757966502986427 Mi=5837.527270423928 Mmean=3982.8262510946474 Mp=34.97242592733203 Mphi=4707.809233275456 Mput=3991.428327666598 Mq=247.7714354625388 Mrp=99.16660130017587 Mrx=13779.127137511936 Mx=4922.11735522412
majorant 14 Ma=48.29803755728729 McenA=2.3320438140339207e-18 McenR=1.3404531326752974e-19 Md=125.02251252390637 Mf=32698.230864461544 Mg=23.012713818995426 Mi=5849.436700867959 Mmean=3982.0272039771285 Mp=35.030030658792526 Mphi=4706.153421216897 Mput=3989.205106503669 Mq=247.88252727197613 Mrp=97.00863600740932 Mrx=13775.414205462115 Mx=4919.367195849872
majorant 15 Ma=51.489049428880705 McenA=2.3320438140339207e-18 McenR=1.3404531326752974e-19 Md=138.54413909329352 Mf=32702.536824812203 Mg=22.015786729291307 Mi=5857.388774240925 Mmean=3982.0418896977258 Mp=35.117431014006776 Mphi=4707.117906537397 Mput=3990.4647156284987 Mq=247.7120006055098 Mrp=99.29573699713279 Mrx=13775.271673301642 Mx=4920.595155145742
majorant 16 Ma=48.778537090860105 McenA=2.3320438140339207e-18 McenR=1.3404531326752974e-19 Md=126.64389627631802 Mf=32694.330403763266 Mg=23.035413363185153 Mi=5861.476326903487 Mmean=3981.335286428091 Mp=35.18852624746952 Mphi=4705.720805917366 Mput=3988.7021323362983 Mq=247.79797199897624 Mrp=97.65596297667452 Mrx=13772.027297343871 Mx=4918.23711065213
majorant 17 Ma=51.34266702310456 McenA=2.3320438140339207e-18 McenR=1.3404531326752974e-19 Md=137.31255433443093 Mf=32698.41511038424 Mg=22.226479626168445 Mi=5865.453932831771 Mmean=3981.433249889067 Mp=35.247852971608545 Mphi=4706.581181758571 Mput=3990.3321232756334 Mq=247.66650114956855 Mrp=99.47568540236146 Mrx=13772.444412880135 Mx=4919.232464758704
majorant 18 Ma=49.14700509036897 McenA=2.3320438140339207e-18 McenR=1.3404531326752974e-19 Md=127.56715582614763 Mf=32696.27556530784 Mg=23.042330338999935 Mi=5868.828650928148 Mmean=3981.612868436718 Mp=35.280779069492375 Mphi=4706.087992106847 Mput=3989.213581784571 Mq=247.72984904544094 Mrp=98.09640079485503 Mrx=13770.741024073168 Mx=4917.8531830454585
majorant 19 Ma=51.20590054744023 McenA=2.3320438140339207e-18 McenR=1.3404531326752974e-19 Md=135.99730149579835 Mf=32699.958715076533 Mg=22.410482409552497 Mi=5874.500165831236 Mmean=3981.755386310171 Mp=35.284912951175805 Mphi=4706.84750677822 Mput=3990.5871376810574 Mq=247.61657950113252 Mrp=99.44984968648308 Mrx=13770.977423817334 Mx=4918.628296094164
majorant 20 Ma=49.41381507798365 McenA=2.3320438140339207e-18 McenR=1.3404531326752974e-19 Md=128.0413117227419 Mf=32698.570620078048 Mg=23.074043690801076 Mi=5879.936519100501 Mmean=3981.9578013320825 Mp=35.29633449785618 Mphi=4706.502088149027 Mput=3989.6618405988847 Mq=247.65998459775597 Mrp=98.26444349872871 Mrx=13769.451201124997 Mx=4917.465759977448
majorant 21 Ma=51.07637959007869 McenA=2.3320438140339207e-18 McenR=1.3404531326752974e-19 Md=135.05565112588775 Mf=32701.868404978188 Mg=22.5321609045543 Mi=5883.54236489538 Mmean=3982.117325737513 Mp=35.31925755102433 Mphi=4707.157909480129 Mput=3990.771941960222 Mq=247.55944479608192 Mrp=99.40812622234611 Mrx=13769.43928633909 Mx=4918.028876142867
majorant 22 Ma=49.612928841884276 McenA=2.3320438140339207e-18 McenR=1.3404531326752974e-19 Md=128.7292796806362 Mf=32700.978460356346 Mg=23.020923314835887 Mi=5886.7825886945675 Mmean=3982.307684383624 Mp=35.33749662490222 Mphi=4706.895240815689 Mput=3990.096173459905 Mq=247.58658483354236 Mrp=98.4876414330893 Mrx=13767.964876725913 Mx=4917.001571364854
majorant 23 Ma=50.91908374592406 McenA=2.3320438140339207e-18 McenR=1.3404531326752974e-19 Md=134.48535119774084 Mf=32703.799536787898 Mg=22.540784764981847 Mi=5890.29345566237 Mmean=3982.4586021070327 Mp=35.34999938873504 Mphi=4707.430385777129 Mput=3990.9991885002974 Mq=247.49982195717246 Mrp=99.39798017324107 Mrx=13767.75985289366 Mx=4917.375037236985
majorant 24 Ma=49.7203245852368 McenA=2.3320438140339207e-18 McenR=1.3404531326752974e-19 Md=129.55653895144542 Mf=32703.203055884693 Mg=22.93420651138044 Mi=5894.238783070496 Mmean=3982.6485411743292 Mp=35.37362100321954 Mphi=4707.2274092370435 Mput=3990.4697513193883 Mq=247.52005394261613 Mrp=98.66280739951931 Mrx=13766.487347606946 Mx=4916.497642407949
majorant 25 Ma=50.81619587980631 McenA=2.3320438140339207e-18 McenR=1.3404531326752974e-19 Md=134.43951306344655 Mf=32705.58217349285 Mg=22.592064769537775 Mi=5899.122226721084 Mmean=3982.817107601268 Mp=35.41327958174426 Mphi=4707.677219340146 Mput=3991.25329701125 Mq=247.45217647845482 Mrp=99.47776579883829 Mrx=13766.382828926715 Mx=4916.802577153301
majorant 26 Ma=49.91229648901221 McenA=2.3320438140339207e-18 McenR=1.3404531326752974e-19 Md=130.74794525660698 Mf=32705.28129233665 Mg=22.98127677726676 Mi=5903.545330725519 Mmean=3983.0235277364827 Mp=35.431879743402064 Mphi=4707.547100871293 Mput=3990.8994703055723 Mq=247.47264486260462 Mrp=98.91613738397434 Mrx=13765.53371100283 Mx=4916.148049465599
majorant 27 Ma=50.794406677585386 McenA=2.3320438140339207e-18 McenR=1.3404531326752974e-19 Md=134.50636725024592 Mf=32707.50170156793 Mg=22.752704441416693 Mi=5906.523798068014 Mmean=3983.2152369879245 Mp=35.40416258391276 Mphi=4707.960424420442 Mput=3991.611737978986 Mq=247.42171569846934 Mrp=99.43016588382305 Mrx=13765.677320304078 Mx=4916.475733262539
majorant 28 Ma=50.00385174020295 McenA=2.3320438140339207e-18 McenR=1.3404531326752974e-19 Md=131.0027132077845 Mf=32707.716576453462 Mg=23.083968163131665 Mi=5908.612299546966 Mmean=3983.439968925901 Mp=35.357112331556806 Mphi=4707.923454647786 Mput=3991.402704845073 Mq=247.43985241809088 Mrp=98.78075921196113 Mrx=13765.195710380041 Mx=4916.0288868070675
majorant 29 Ma=50.69810089614046 McenA=2.3320438140339207e-18 McenR=1.3404531326752974e-19 Md=133.80203032339568 Mf=32710.064987547394 Mg=22.910831052655 Mi=5910.828999543166 Mmean=3983.659168338398 Mp=35.29840317426773 Mphi=4708.3409900454035 Mput=3992.070586163215 Mq=247.39600771165706 Mrp=99.09268437991145 Mrx=13765.42531897808 Mx=4916.351277957953
majorant 30 Ma=50.03946586806482 McenA=2.3320438140339207e-18 McenR=1.3404531326752974e-19 Md=130.801074033301 Mf=32710.778707783553 Mg=23.16592590619347 Mi=5913.427111033764 Mmean=3983.9102720059036 Mp=35.220851151772564 Mphi=4708.395645463931 Mput=3991.9784732357807 Mq=247.40388054901624 Mrp=98.4620057386291 Mrx=13765.010171019354 Mx=4915.999350893195
majorant 31 Ma=50.5520317507468 McenA=2.3320438140339207e-18 McenR=1.3404531326752974e-19 Md=132.92502075365712 Mf=32713.11344978748 Mg=22.96159651693812 Mi=5916.030006293463 Mmean=3984.1519810881186 Mp=35.14435172458674 Mphi=4708.79949628076 Mput=3992.5395038879265 Mq=247.35875714498874 Mrp=98.62144001360355 Mrx=13765.029454673446 Mx=4916.216458797304
majorant 32 Ma=49.97933793512713 McenA=2.3320438140339207e-18 McenR=1.3404531326752974e-19 Md=130.57634341849223 Mf=32713.991693406253 Mg=23.102109731085296 Mi=5917.5893216613 Mmean=3984.403089386768 Mp=35.09170210380922 Mphi=4708.886639119952 Mput=3992.4508864913146 Mq=247.35410962160933 Mrp=98.11418767640008 Mrx=13764.421405717956 Mx=4915.8442804424085
majorant 33 Ma=50.41545704673811 McenA=2.3320438140339207e-18 McenR=1.3404531326752974e-19 Md=132.5851328773799 Mf=32716.031507907326 Mg=22.9402088897923 Mi=5918.993615882047 Mmean=3984.627346986898 Mp=35.06579746047184 Mphi=4709.232221203285 Mput=3992.89931089225 Mq=247.30695564398894 Mrp=98.34140060954381 Mrx=13764.11423942369 Mx=4915.905792691295
majorant 34 Ma=50.00022168377439 McenA=2.3320438140339207e-18 McenR=1.3404531326752974e-19 Md=130.90879904993213 Mf=32716.77322731609 Mg=23.109336387329172 Mi=5921.069567064765 Mmean=3984.8457978951715 Mp=35.049679388894 Mphi=4709.305352551191 Mput=3992.836881491895 Mq=247.2943969284882 Mrp=98.01683461434925 Mrx=13763.316633682614 Mx=4915.487880505694
majorant 35 Ma=50.3796059217647 McenA=2.3320438140339207e-18 McenR=1.3404531326752974e-19 Md=132.6568392227539 Mf=32718.45712645216 Mg=23.02634295134494 Mi=5924.622986905459 Mmean=3985.0418375539584 Mp=35.03383516830364 Mphi=4709.594685376521 Mput=3993.230779290636 Mq=247.24879184935966 Mrp=98.22268180140686 Mrx=13762.824250973981 Mx=4915.442708301349
majorant 36 Ma=50.044607164302555 McenA=2.3320438140339207e-18 McenR=1.3404531326752974e-19 Md=131.36890148059317 Mf=32719.151374094647 Mg=23.16857410314756 Mi=5927.87631522726 Mmean=3985.242773594042 Mp=35.01555528501972 Mphi=4709.6754589788 Mput=3993.235032844859 Mq=247.23171403099911 Mrp=97.94804342664115 Mrx=13761.982384761737 Mx=4915.03138025823
majorant 37 Ma=50.34402584597045 McenA=2.3320438140339207e-18 McenR=1.3404531326752974e-19 Md=132.79748110538446 Mf=32720.640389857967 Mg=23.08974287666356 Mi=5929.568585052939 Mmean=3985.4291061562712 Mp=34.99176882512741 Mphi=4709.92936816838 Mput=3993.6037778370514 Mq=247.1887413425652 Mrp=98.08788690835804 Mrx=13761.4101143699 Mx=4914.92954153383
majorant 38 Ma=50.062884632473356 McenA=2.3320438140339207e-18 McenR=1.3404531326752974e-19 Md=131.65765284936924 Mf=32721.291894403985 Mg=23.20904192649353 Mi=5930.87916530741 Mmean=3985.6193087995043 Mp=34.96151923858522 Mphi=4710.006877588566 Mput=3993.633077511763 Mq=247.17068874365748 Mrp=97.82308999050342 Mrx=13760.588776211047 Mx=4914.540312252431
majorant 39 Ma=50.29575482697618 McenA=2.3320438140339207e-18 McenR=1.3404531326752974e-19 Md=132.63178770416798 Mf=32722.571558124826 Mg=23.16293539088873 Mi=5932.4257430155385 Mmean=3985.7921922728824 Mp=34.917230620224984 Mphi=4710.22215431357 Mput=3993.9517672602597 Mq=247.13332933697643 Mrp=97.8728458155164 Mrx=13760.038615363417 Mx=4914.419790030685
recordbound 0 Dabs=-1.0 Lcen=0.0 Lzeta=0.0 P=7987.958279394232 Zdot=0.0
recordbound 20 Dabs=-1.0 Lcen=0.00020019021956411997 Lzeta=0.00020019021956411997 P=6233.3560388729 Zdot=0.0
recordbound 40 Dabs=-1.0 Lcen=0.000202454294106652 Lzeta=0.000202454294106652 P=6088.576446254847 Zdot=0.0
stop 40 iterations
tolerance canvas 3.192469948742075e-07
tolerance record 0 9.241205673678207e-09 -1.0 -1.0
tolerance record 20 1.747235884238438e-05 -1.0 -1.0
tolerance record 40 3.539445901632583e-05 -1.0 -1.0
