# A conformance case of JPEG-Unround, written by conformance/generate.py: the quantized
# coefficients of a picture and the options of its reconstruction; what the Python
# implementation made of them; the exact centres; and what bounds the rounding of that
# run, from which conformance/bounds.py computes the tolerances at the end (docs/math.md, 9).
# Each line is a keyword and its values. Numbers are decimal, each double the shortest
# decimal that reads back as it; an exact centre is hi:lo, two doubles whose sum is the
# value to about 2^-106 of it.
name colour444-tgv-apart
picture 16 24 ycbcr
component 0 1 1 2 3
table 0 24 16 15 24 36 60 76 92 18 18 21 28 39 87 90 82 21 20 24 36 60 86 104 84 21 26 33 44 76 130 120 93 27 33 56 84 102 164 154 116 36 52 82 96 122 156 170 138 74 96 117 130 154 182 180 152 108 138 142 147 168 150 154 148
levels 0 0 12 -1 -6 1 0 0 0 0 6 2 -2 0 0 0 0 0 -4 -1 1 0 0 0 0 0 -1 0 0 0 0 0 0 0 1 1 0 0 0 0 0 0 0 0 0 0 0 0 0 0 0 0 0 0 0 0 0 0 0 0 0 0 0 0 0 0 -1 6 0 1 0 0 0 0 -4 3 0 -1 0 0 0 0 1 -3 0 0 0 0 0 0 0 -1 0 0 0 0 0 0 -1 0 0 0 0 0 0 0 0 0 0 0 0 0 0 0 0 0 0 0 0 0 0 0 0 0 0 0 0 0 0 0 -11 -2 1 -1 0 0 0 0 4 -5 -4 -1 0 0 0 0 2 2 1 0 0 0 0 0 -1 1 0 0 0 0 0 0 1 -1 0 0 0 0 0 0 0 0 0 0 0 0 0 0 0 0 0 0 0 0 0 0 0 0 0 0 0 0 0 0
levels 0 1 -9 -1 4 0 0 0 0 0 5 -3 0 0 0 0 0 0 2 3 -2 1 0 0 0 0 -2 -1 0 0 0 0 0 0 1 1 0 0 0 0 0 0 0 -1 0 0 0 0 0 0 0 0 0 0 0 0 0 0 0 0 0 0 0 0 0 0 -2 -3 0 -1 0 0 0 0 4 1 0 1 0 0 0 0 -1 -4 0 1 0 0 0 0 2 0 0 0 0 0 0 0 -1 -1 0 0 0 0 0 0 1 1 0 0 0 0 0 0 0 0 0 0 0 0 0 0 0 0 0 0 0 0 0 0 2 1 -1 0 0 0 0 0 -11 3 3 1 0 0 0 0 2 0 1 0 0 0 0 0 -2 1 1 0 0 0 0 0 1 0 0 0 0 0 0 0 -1 0 0 0 0 0 0 0 0 0 0 0 0 0 0 0 0 0 0 0 0 0 0 0
component 1 1 1 2 3
table 1 26 27 36 70 148 148 148 148 27 32 39 99 148 148 148 148 36 39 84 148 148 148 148 148 70 99 148 148 148 148 148 148 148 148 148 148 148 148 148 148 148 148 148 148 148 148 148 148 148 148 148 148 148 148 148 148 148 148 148 148 148 148 148 148
levels 1 0 -4 -3 0 0 0 0 0 0 0 0 0 0 0 0 0 0 0 0 0 0 0 0 0 0 0 0 0 0 0 0 0 0 0 0 0 0 0 0 0 0 0 0 0 0 0 0 0 0 0 0 0 0 0 0 0 0 0 0 0 0 0 0 0 0 6 -2 0 0 0 0 0 0 -1 0 0 0 0 0 0 0 0 0 0 0 0 0 0 0 0 0 0 0 0 0 0 0 0 0 0 0 0 0 0 0 0 0 0 0 0 0 0 0 0 0 0 0 0 0 0 0 0 0 0 0 0 0 0 0 9 1 0 0 0 0 0 0 -1 0 0 0 0 0 0 0 0 0 0 0 0 0 0 0 0 0 0 0 0 0 0 0 0 0 0 0 0 0 0 0 0 0 0 0 0 0 0 0 0 0 0 0 0 0 0 0 0 0 0 0 0 0 0 0
levels 1 1 -1 -1 0 0 0 0 0 0 -2 -1 0 0 0 0 0 0 0 0 0 0 0 0 0 0 0 0 0 0 0 0 0 0 0 0 0 0 0 0 0 0 0 0 0 0 0 0 0 0 0 0 0 0 0 0 0 0 0 0 0 0 0 0 0 0 2 -1 0 0 0 0 0 0 2 -1 0 0 0 0 0 0 0 0 0 0 0 0 0 0 0 0 0 0 0 0 0 0 0 0 0 0 0 0 0 0 0 0 0 0 0 0 0 0 0 0 0 0 0 0 0 0 0 0 0 0 0 0 0 0 3 0 0 0 0 0 0 0 4 0 0 0 0 0 0 0 0 0 0 0 0 0 0 0 0 0 0 0 0 0 0 0 0 0 0 0 0 0 0 0 0 0 0 0 0 0 0 0 0 0 0 0 0 0 0 0 0 0 0 0 0 0 0 0
component 2 1 1 2 3
table 2 26 27 36 70 148 148 148 148 27 32 39 99 148 148 148 148 36 39 84 148 148 148 148 148 70 99 148 148 148 148 148 148 148 148 148 148 148 148 148 148 148 148 148 148 148 148 148 148 148 148 148 148 148 148 148 148 148 148 148 148 148 148 148 148
levels 2 0 4 3 0 0 0 0 0 0 0 0 0 0 0 0 0 0 0 0 0 0 0 0 0 0 0 0 0 0 0 0 0 0 0 0 0 0 0 0 0 0 0 0 0 0 0 0 0 0 0 0 0 0 0 0 0 0 0 0 0 0 0 0 0 0 -6 2 0 0 0 0 0 0 1 0 0 0 0 0 0 0 0 0 0 0 0 0 0 0 0 0 0 0 0 0 0 0 0 0 0 0 0 0 0 0 0 0 0 0 0 0 0 0 0 0 0 0 0 0 0 0 0 0 0 0 0 0 0 0 -9 0 0 0 0 0 0 0 1 0 0 0 0 0 0 0 1 0 0 0 0 0 0 0 0 0 0 0 0 0 0 0 0 0 0 0 0 0 0 0 0 0 0 0 0 0 0 0 0 0 0 0 0 0 0 0 0 0 0 0 0 0 0 0
levels 2 1 1 1 0 0 0 0 0 0 2 1 0 0 0 0 0 0 0 0 0 0 0 0 0 0 0 0 0 0 0 0 0 0 0 0 0 0 0 0 0 0 0 0 0 0 0 0 0 0 0 0 0 0 0 0 0 0 0 0 0 0 0 0 0 0 -2 1 0 0 0 0 0 0 -2 1 0 0 0 0 0 0 0 0 0 0 0 0 0 0 0 0 0 0 0 0 0 0 0 0 0 0 0 0 0 0 0 0 0 0 0 0 0 0 0 0 0 0 0 0 0 0 0 0 0 0 0 0 0 0 -3 0 0 0 0 0 0 0 -4 0 0 0 0 0 0 0 0 0 0 0 0 0 0 0 0 0 0 0 0 0 0 0 0 0 0 0 0 0 0 0 0 0 0 0 0 0 0 0 0 0 0 0 0 0 0 0 0 0 0 0 0 0 0 0
options --method tgv --alpha 1.0 --alpha1 1.0 --alpha0 2.0 --channel-weights 1.0,0.5,0.5 --channels apart --mu 0.001 --mu-scale 1.0 --mu-power 1.0 --weight-power 2.0 --dc-weight 0.0 --centres mmse --slack 0.0 --slack-cost 0.0 --relative-tolerance 0.0 --partial-tolerance 0.0 --step-product 0.99 --record-every 20 --free-radius 255.0 --iterations 40 --tolerance 0.0 --subgradient-iterations 50 --subgradient-record-every 1 --subgradient-step 0.5 --subgradient-decay 0.5
steps 0.9330261158225017 0.09330261158225017
weights 0 0.0 3.90625e-06 4.444444444444444e-06 1.7361111111111112e-06 7.71604938271605e-07 2.7777777777777776e-07 1.7313019390581717e-07 1.1814744801512288e-07 3.08641975308642e-06 3.08641975308642e-06 2.2675736961451247e-06 1.2755102040816327e-06 6.574621959237344e-07 1.321178491214163e-07 1.234567901234568e-07 1.48720999405116e-07 2.2675736961451247e-06 2.5e-06 1.7361111111111112e-06 7.71604938271605e-07 2.7777777777777776e-07 1.3520822065981612e-07 9.245562130177515e-08 1.417233560090703e-07 2.2675736961451247e-06 1.4792899408284024e-06 9.182736455463728e-07 5.165289256198347e-07 1.7313019390581717e-07 5.9171597633136094e-08 6.944444444444444e-08 1.1562030292519366e-07 1.3717421124828533e-06 9.182736455463728e-07 3.1887755102040816e-07 1.417233560090703e-07 9.611687812379854e-08 3.7180249851279e-08 4.2165626581210995e-08 7.431629013079668e-08 7.71604938271605e-07 3.698224852071006e-07 1.48720999405116e-07 1.0850694444444445e-07 6.718624025799516e-08 4.10913872452334e-08 3.4602076124567476e-08 5.2509976895610165e-08 1.8261504747991236e-07 1.0850694444444445e-07 7.305135510263715e-08 5.9171597633136094e-08 4.2165626581210995e-08 3.018959062915107e-08 3.08641975308642e-08 4.328254847645429e-08 8.573388203017833e-08 5.2509976895610165e-08 4.959333465582226e-08 4.627701420704336e-08 3.543083900226757e-08 4.444444444444445e-08 4.2165626581210995e-08 4.565376186997809e-08
lower 0 0 1300.0 -24.0 -97.5 12.0 -18.0 -30.0 -38.0 -46.0 99.0 27.0 -52.5 -14.0 -19.5 -43.5 -45.0 -41.0 -94.5 -30.0 12.0 -18.0 -30.0 -43.0 -52.0 -42.0 -31.5 -13.0 -16.5 -22.0 -38.0 -65.0 -60.0 -46.5 13.5 16.5 -28.0 -42.0 -51.0 -82.0 -77.0 -58.0 -18.0 -26.0 -41.0 -48.0 -61.0 -78.0 -85.0 -69.0 -37.0 -48.0 -58.5 -65.0 -77.0 -91.0 -90.0 -76.0 -54.0 -69.0 -71.0 -73.5 -84.0 -75.0 -77.0 -74.0 988.0 88.0 -7.5 12.0 -18.0 -30.0 -38.0 -46.0 -81.0 45.0 -10.5 -42.0 -19.5 -43.5 -45.0 -41.0 10.5 -70.0 -12.0 -18.0 -30.0 -43.0 -52.0 -42.0 -10.5 -39.0 -16.5 -22.0 -38.0 -65.0 -60.0 -46.5 -40.5 -16.5 -28.0 -42.0 -51.0 -82.0 -77.0 -58.0 -18.0 -26.0 -41.0 -48.0 -61.0 -78.0 -85.0 -69.0 -37.0 -48.0 -58.5 -65.0 -77.0 -91.0 -90.0 -76.0 -54.0 -69.0 -71.0 -73.5 -84.0 -75.0 -77.0 -74.0 748.0 -40.0 7.5 -36.0 -18.0 -30.0 -38.0 -46.0 63.0 -99.0 -94.5 -42.0 -19.5 -43.5 -45.0 -41.0 31.5 30.0 12.0 -18.0 -30.0 -43.0 -52.0 -42.0 -31.5 13.0 -16.5 -22.0 -38.0 -65.0 -60.0 -46.5 13.5 -49.5 -28.0 -42.0 -51.0 -82.0 -77.0 -58.0 -18.0 -26.0 -41.0 -48.0 -61.0 -78.0 -85.0 -69.0 -37.0 -48.0 -58.5 -65.0 -77.0 -91.0 -90.0 -76.0 -54.0 -69.0 -71.0 -73.5 -84.0 -75.0 -77.0 -74.0
lower 0 1 796.0 -24.0 52.5 -12.0 -18.0 -30.0 -38.0 -46.0 81.0 -63.0 -10.5 -14.0 -19.5 -43.5 -45.0 -41.0 31.5 50.0 -60.0 18.0 -30.0 -43.0 -52.0 -42.0 -52.5 -39.0 -16.5 -22.0 -38.0 -65.0 -60.0 -46.5 13.5 16.5 -28.0 -42.0 -51.0 -82.0 -77.0 -58.0 -18.0 -78.0 -41.0 -48.0 -61.0 -78.0 -85.0 -69.0 -37.0 -48.0 -58.5 -65.0 -77.0 -91.0 -90.0 -76.0 -54.0 -69.0 -71.0 -73.5 -84.0 -75.0 -77.0 -74.0 964.0 -56.0 -7.5 -36.0 -18.0 -30.0 -38.0 -46.0 63.0 9.0 -10.5 14.0 -19.5 -43.5 -45.0 -41.0 -31.5 -90.0 -12.0 18.0 -30.0 -43.0 -52.0 -42.0 31.5 -13.0 -16.5 -22.0 -38.0 -65.0 -60.0 -46.5 -40.5 -49.5 -28.0 -42.0 -51.0 -82.0 -77.0 -58.0 18.0 26.0 -41.0 -48.0 -61.0 -78.0 -85.0 -69.0 -37.0 -48.0 -58.5 -65.0 -77.0 -91.0 -90.0 -76.0 -54.0 -69.0 -71.0 -73.5 -84.0 -75.0 -77.0 -74.0 1060.0 8.0 -22.5 -12.0 -18.0 -30.0 -38.0 -46.0 -207.0 45.0 52.5 14.0 -19.5 -43.5 -45.0 -41.0 31.5 -10.0 12.0 -18.0 -30.0 -43.0 -52.0 -42.0 -52.5 13.0 16.5 -22.0 -38.0 -65.0 -60.0 -46.5 13.5 -16.5 -28.0 -42.0 -51.0 -82.0 -77.0 -58.0 -54.0 -26.0 -41.0 -48.0 -61.0 -78.0 -85.0 -69.0 -37.0 -48.0 -58.5 -65.0 -77.0 -91.0 -90.0 -76.0 -54.0 -69.0 -71.0 -73.5 -84.0 -75.0 -77.0 -74.0
upper 0 0 1324.0 -8.0 -82.5 36.0 18.0 30.0 38.0 46.0 117.0 45.0 -31.5 14.0 19.5 43.5 45.0 41.0 -73.5 -10.0 36.0 18.0 30.0 43.0 52.0 42.0 -10.5 13.0 16.5 22.0 38.0 65.0 60.0 46.5 40.5 49.5 28.0 42.0 51.0 82.0 77.0 58.0 18.0 26.0 41.0 48.0 61.0 78.0 85.0 69.0 37.0 48.0 58.5 65.0 77.0 91.0 90.0 76.0 54.0 69.0 71.0 73.5 84.0 75.0 77.0 74.0 1012.0 104.0 7.5 36.0 18.0 30.0 38.0 46.0 -63.0 63.0 10.5 -14.0 19.5 43.5 45.0 41.0 31.5 -50.0 12.0 18.0 30.0 43.0 52.0 42.0 10.5 -13.0 16.5 22.0 38.0 65.0 60.0 46.5 -13.5 16.5 28.0 42.0 51.0 82.0 77.0 58.0 18.0 26.0 41.0 48.0 61.0 78.0 85.0 69.0 37.0 48.0 58.5 65.0 77.0 91.0 90.0 76.0 54.0 69.0 71.0 73.5 84.0 75.0 77.0 74.0 772.0 -24.0 22.5 -12.0 18.0 30.0 38.0 46.0 81.0 -81.0 -73.5 -14.0 19.5 43.5 45.0 41.0 52.5 50.0 36.0 18.0 30.0 43.0 52.0 42.0 -10.5 39.0 16.5 22.0 38.0 65.0 60.0 46.5 40.5 -16.5 28.0 42.0 51.0 82.0 77.0 58.0 18.0 26.0 41.0 48.0 61.0 78.0 85.0 69.0 37.0 48.0 58.5 65.0 77.0 91.0 90.0 76.0 54.0 69.0 71.0 73.5 84.0 75.0 77.0 74.0
upper 0 1 820.0 -8.0 67.5 12.0 18.0 30.0 38.0 46.0 99.0 -45.0 10.5 14.0 19.5 43.5 45.0 41.0 52.5 70.0 -36.0 54.0 30.0 43.0 52.0 42.0 -31.5 -13.0 16.5 22.0 38.0 65.0 60.0 46.5 40.5 49.5 28.0 42.0 51.0 82.0 77.0 58.0 18.0 -26.0 41.0 48.0 61.0 78.0 85.0 69.0 37.0 48.0 58.5 65.0 77.0 91.0 90.0 76.0 54.0 69.0 71.0 73.5 84.0 75.0 77.0 74.0 988.0 -40.0 7.5 -12.0 18.0 30.0 38.0 46.0 81.0 27.0 10.5 42.0 19.5 43.5 45.0 41.0 -10.5 -70.0 12.0 54.0 30.0 43.0 52.0 42.0 52.5 13.0 16.5 22.0 38.0 65.0 60.0 46.5 -13.5 -16.5 28.0 42.0 51.0 82.0 77.0 58.0 54.0 78.0 41.0 48.0 61.0 78.0 85.0 69.0 37.0 48.0 58.5 65.0 77.0 91.0 90.0 76.0 54.0 69.0 71.0 73.5 84.0 75.0 77.0 74.0 1084.0 24.0 -7.5 12.0 18.0 30.0 38.0 46.0 -189.0 63.0 73.5 42.0 19.5 43.5 45.0 41.0 52.5 10.0 36.0 18.0 30.0 43.0 52.0 42.0 -31.5 39.0 49.5 22.0 38.0 65.0 60.0 46.5 40.5 16.5 28.0 42.0 51.0 82.0 77.0 58.0 -18.0 26.0 41.0 48.0 61.0 78.0 85.0 69.0 37.0 48.0 58.5 65.0 77.0 91.0 90.0 76.0 54.0 69.0 71.0 73.5 84.0 75.0 77.0 74.0
centres 0 0 1312.0 -15.421400863131844 -89.39352899360925 21.072340386650517 -0.0 -0.0 -0.0 -0.0 107.73474230271107 35.46611853702832 -40.908236817129655 -0.0 -0.0 -0.0 -0.0 -0.0 -83.10991896839558 -19.236374984607142 21.68442087022536 -0.0 -0.0 -0.0 -0.0 -0.0 -19.687020315428057 -0.0 -0.0 -0.0 -0.0 -0.0 -0.0 -0.0 24.57645911892461 28.97446803164446 -0.0 -0.0 -0.0 -0.0 -0.0 -0.0 -0.0 -0.0 -0.0 -0.0 -0.0 -0.0 -0.0 -0.0 -0.0 -0.0 -0.0 -0.0 -0.0 -0.0 -0.0 -0.0 -0.0 -0.0 -0.0 -0.0 -0.0 -0.0 -0.0 -0.0 1000.0 95.42140086313185 -0.0 21.072340386650517 -0.0 -0.0 -0.0 -0.0 -71.73474230271107 53.46611853702832 -0.0 -24.584397117758936 -0.0 -0.0 -0.0 -0.0 20.109918968395572 -59.23637498460714 -0.0 -0.0 -0.0 -0.0 -0.0 -0.0 -0.0 -22.828368752204725 -0.0 -0.0 -0.0 -0.0 -0.0 -0.0 -24.57645911892461 -0.0 -0.0 -0.0 -0.0 -0.0 -0.0 -0.0 -0.0 -0.0 -0.0 -0.0 -0.0 -0.0 -0.0 -0.0 -0.0 -0.0 -0.0 -0.0 -0.0 -0.0 -0.0 -0.0 -0.0 -0.0 -0.0 -0.0 -0.0 -0.0 -0.0 -0.0 760.0 -31.421400863131844 14.393528993609262 -21.072340386650517 -0.0 -0.0 -0.0 -0.0 71.73474230271107 -89.46611853702832 -82.90823681712966 -24.584397117758936 -0.0 -0.0 -0.0 -0.0 41.10991896839557 39.236374984607146 21.68442087022536 -0.0 -0.0 -0.0 -0.0 -0.0 -19.687020315428057 22.828368752204725 -0.0 -0.0 -0.0 -0.0 -0.0 -0.0 24.57645911892461 -28.97446803164446 -0.0 -0.0 -0.0 -0.0 -0.0 -0.0 -0.0 -0.0 -0.0 -0.0 -0.0 -0.0 -0.0 -0.0 -0.0 -0.0 -0.0 -0.0 -0.0 -0.0 -0.0 -0.0 -0.0 -0.0 -0.0 -0.0 -0.0 -0.0 -0.0 -0.0
centres 0 1 808.0 -15.421400863131844 59.393528993609266 -0.0 -0.0 -0.0 -0.0 -0.0 89.73474230271107 -53.46611853702832 -0.0 -0.0 -0.0 -0.0 -0.0 -0.0 41.10991896839557 59.23637498460714 -45.68442087022537 29.233860921580956 -0.0 -0.0 -0.0 -0.0 -40.68702031542806 -22.828368752204725 -0.0 -0.0 -0.0 -0.0 -0.0 -0.0 24.57645911892461 28.97446803164446 -0.0 -0.0 -0.0 -0.0 -0.0 -0.0 -0.0 -42.22668799783916 -0.0 -0.0 -0.0 -0.0 -0.0 -0.0 -0.0 -0.0 -0.0 -0.0 -0.0 -0.0 -0.0 -0.0 -0.0 -0.0 -0.0 -0.0 -0.0 -0.0 -0.0 -0.0 976.0 -47.42140086313184 -0.0 -21.072340386650517 -0.0 -0.0 -0.0 -0.0 71.73474230271107 17.466118537028322 -0.0 24.584397117758936 -0.0 -0.0 -0.0 -0.0 -20.109918968395572 -79.23637498460714 -0.0 29.233860921580956 -0.0 -0.0 -0.0 -0.0 40.68702031542806 -0.0 -0.0 -0.0 -0.0 -0.0 -0.0 -0.0 -24.57645911892461 -28.97446803164446 -0.0 -0.0 -0.0 -0.0 -0.0 -0.0 29.233860921580956 42.22668799783916 -0.0 -0.0 -0.0 -0.0 -0.0 -0.0 -0.0 -0.0 -0.0 -0.0 -0.0 -0.0 -0.0 -0.0 -0.0 -0.0 -0.0 -0.0 -0.0 -0.0 -0.0 -0.0 1072.0 15.421400863131844 -14.393528993609262 -0.0 -0.0 -0.0 -0.0 -0.0 -197.73474230271106 53.46611853702832 61.908236817129655 24.584397117758936 -0.0 -0.0 -0.0 -0.0 41.10991896839557 -0.0 21.68442087022536 -0.0 -0.0 -0.0 -0.0 -0.0 -40.68702031542806 22.828368752204725 24.62424226968743 -0.0 -0.0 -0.0 -0.0 -0.0 24.57645911892461 -0.0 -0.0 -0.0 -0.0 -0.0 -0.0 -0.0 -29.233860921580956 -0.0 -0.0 -0.0 -0.0 -0.0 -0.0 -0.0 -0.0 -0.0 -0.0 -0.0 -0.0 -0.0 -0.0 -0.0 -0.0 -0.0 -0.0 -0.0 -0.0 -0.0 -0.0 -0.0
exact-centres 0 0 1312.0:0.0 -15.421400863131844:-7.796574699690926e-17 -89.39352899360927:3.415079206876249e-15 21.072340386650513:1.7454349578761268e-15 0.0:0.0 0.0:0.0 0.0:0.0 0.0:0.0 107.73474230271107:3.731054935264776e-15 35.46611853702832:9.219676804692098e-16 -40.908236817129655:-2.9534693007732426e-15 0.0:0.0 0.0:0.0 0.0:0.0 0.0:0.0 0.0:0.0 -83.10991896839558:4.265552072423832e-15 -19.236374984607142:1.88401028087593e-16 21.684420870225363:-1.6657344038214794e-15 0.0:0.0 0.0:0.0 0.0:0.0 0.0:0.0 0.0:0.0 -19.687020315428054:-1.217818047500068e-15 0.0:0.0 0.0:0.0 0.0:0.0 0.0:0.0 0.0:0.0 0.0:0.0 0.0:0.0 24.57645911892461:-8.08767456259437e-16 28.97446803164446:-1.596829821570889e-15 0.0:0.0 0.0:0.0 0.0:0.0 0.0:0.0 0.0:0.0 0.0:0.0 0.0:0.0 0.0:0.0 0.0:0.0 0.0:0.0 0.0:0.0 0.0:0.0 0.0:0.0 0.0:0.0 0.0:0.0 0.0:0.0 0.0:0.0 0.0:0.0 0.0:0.0 0.0:0.0 0.0:0.0 0.0:0.0 0.0:0.0 0.0:0.0 0.0:0.0 0.0:0.0 0.0:0.0 0.0:0.0 0.0:0.0 0.0:0.0 1000.0:0.0 95.42140086313185:-7.027461610604093e-15 0.0:0.0 21.072340386650513:1.7454349578761268e-15 0.0:0.0 0.0:0.0 0.0:0.0 0.0:0.0 -71.73474230271107:-3.731054935264776e-15 53.46611853702832:9.219676804692098e-16 0.0:0.0 -24.584397117758932:-1.4442218377220644e-15 0.0:0.0 0.0:0.0 0.0:0.0 0.0:0.0 20.109918968395572:-7.128383936233308e-16 -59.23637498460714:-3.3643126507129078e-15 0.0:0.0 0.0:0.0 0.0:0.0 0.0:0.0 0.0:0.0 0.0:0.0 0.0:0.0 -22.828368752204725:1.8152844160115477e-16 0.0:0.0 0.0:0.0 0.0:0.0 0.0:0.0 0.0:0.0 0.0:0.0 -24.57645911892461:8.08767456259437e-16 0.0:0.0 0.0:0.0 0.0:0.0 0.0:0.0 0.0:0.0 0.0:0.0 0.0:0.0 0.0:0.0 0.0:0.0 0.0:0.0 0.0:0.0 0.0:0.0 0.0:0.0 0.0:0.0 0.0:0.0 0.0:0.0 0.0:0.0 0.0:0.0 0.0:0.0 0.0:0.0 0.0:0.0 0.0:0.0 0.0:0.0 0.0:0.0 0.0:0.0 0.0:0.0 0.0:0.0 0.0:0.0 0.0:0.0 0.0:0.0 0.0:0.0 760.0:0.0 -31.421400863131844:-7.796574699690926e-17 14.393528993609262:1.3763447192425205e-16 -21.072340386650513:-1.7454349578761268e-15 0.0:0.0 0.0:0.0 0.0:0.0 0.0:0.0 71.73474230271107:3.731054935264776e-15 -89.46611853702832:-9.219676804692098e-16 -82.90823681712966:4.151958056827759e-15 -24.584397117758932:-1.4442218377220644e-15 0.0:0.0 0.0:0.0 0.0:0.0 0.0:0.0 41.10991896839557:2.8398752851771702e-15 39.23637498460714:3.3643126507129078e-15 21.684420870225363:-1.6657344038214794e-15 0.0:0.0 0.0:0.0 0.0:0.0 0.0:0.0 0.0:0.0 -19.687020315428054:-1.217818047500068e-15 22.828368752204725:-1.8152844160115477e-16 0.0:0.0 0.0:0.0 0.0:0.0 0.0:0.0 0.0:0.0 0.0:0.0 24.57645911892461:-8.08767456259437e-16 -28.97446803164446:1.596829821570889e-15 0.0:0.0 0.0:0.0 0.0:0.0 0.0:0.0 0.0:0.0 0.0:0.0 0.0:0.0 0.0:0.0 0.0:0.0 0.0:0.0 0.0:0.0 0.0:0.0 0.0:0.0 0.0:0.0 0.0:0.0 0.0:0.0 0.0:0.0 0.0:0.0 0.0:0.0 0.0:0.0 0.0:0.0 0.0:0.0 0.0:0.0 0.0:0.0 0.0:0.0 0.0:0.0 0.0:0.0 0.0:0.0 0.0:0.0 0.0:0.0
exact-centres 0 1 808.0:0.0 -15.421400863131844:-7.796574699690926e-17 59.393528993609266:-3.415079206876249e-15 0.0:0.0 0.0:0.0 0.0:0.0 0.0:0.0 0.0:0.0 89.73474230271107:3.731054935264776e-15 -53.46611853702832:-9.219676804692098e-16 0.0:0.0 0.0:0.0 0.0:0.0 0.0:0.0 0.0:0.0 0.0:0.0 41.10991896839557:2.8398752851771702e-15 59.23637498460714:3.3643126507129078e-15 -45.68442087022536:-1.8869792749790217e-15 29.233860921580956:-6.378077295937534e-16 0.0:0.0 0.0:0.0 0.0:0.0 0.0:0.0 -40.68702031542806:2.334895631300433e-15 -22.828368752204725:1.8152844160115477e-16 0.0:0.0 0.0:0.0 0.0:0.0 0.0:0.0 0.0:0.0 0.0:0.0 24.57645911892461:-8.08767456259437e-16 28.97446803164446:-1.596829821570889e-15 0.0:0.0 0.0:0.0 0.0:0.0 0.0:0.0 0.0:0.0 0.0:0.0 0.0:0.0 -42.22668799783916:1.3178590301308804e-16 0.0:0.0 0.0:0.0 0.0:0.0 0.0:0.0 0.0:0.0 0.0:0.0 0.0:0.0 0.0:0.0 0.0:0.0 0.0:0.0 0.0:0.0 0.0:0.0 0.0:0.0 0.0:0.0 0.0:0.0 0.0:0.0 0.0:0.0 0.0:0.0 0.0:0.0 0.0:0.0 0.0:0.0 0.0:0.0 976.0:0.0 -47.42140086313184:-7.796574699690926e-17 0.0:0.0 -21.072340386650513:-1.7454349578761268e-15 0.0:0.0 0.0:0.0 0.0:0.0 0.0:0.0 71.73474230271107:3.731054935264776e-15 17.466118537028322:9.219676804692098e-16 0.0:0.0 24.584397117758932:1.4442218377220644e-15 0.0:0.0 0.0:0.0 0.0:0.0 0.0:0.0 -20.109918968395572:7.128383936233308e-16 -79.23637498460714:-3.3643126507129078e-15 0.0:0.0 29.233860921580956:-6.378077295937534e-16 0.0:0.0 0.0:0.0 0.0:0.0 0.0:0.0 40.68702031542806:-2.334895631300433e-15 0.0:0.0 0.0:0.0 0.0:0.0 0.0:0.0 0.0:0.0 0.0:0.0 0.0:0.0 -24.57645911892461:8.08767456259437e-16 -28.97446803164446:1.596829821570889e-15 0.0:0.0 0.0:0.0 0.0:0.0 0.0:0.0 0.0:0.0 0.0:0.0 29.233860921580956:-6.378077295937534e-16 42.22668799783916:-1.3178590301308804e-16 0.0:0.0 0.0:0.0 0.0:0.0 0.0:0.0 0.0:0.0 0.0:0.0 0.0:0.0 0.0:0.0 0.0:0.0 0.0:0.0 0.0:0.0 0.0:0.0 0.0:0.0 0.0:0.0 0.0:0.0 0.0:0.0 0.0:0.0 0.0:0.0 0.0:0.0 0.0:0.0 0.0:0.0 0.0:0.0 1072.0:0.0 15.421400863131844:7.796574699690926e-17 -14.393528993609262:-1.3763447192425205e-16 0.0:0.0 0.0:0.0 0.0:0.0 0.0:0.0 0.0:0.0 -197.73474230271108:1.0479799779937228e-14 53.46611853702832:9.219676804692098e-16 61.908236817129655:2.9534693007732426e-15 24.584397117758932:1.4442218377220644e-15 0.0:0.0 0.0:0.0 0.0:0.0 0.0:0.0 41.10991896839557:2.8398752851771702e-15 0.0:0.0 21.684420870225363:-1.6657344038214794e-15 0.0:0.0 0.0:0.0 0.0:0.0 0.0:0.0 0.0:0.0 -40.68702031542806:2.334895631300433e-15 22.828368752204725:-1.8152844160115477e-16 24.624242269687432:-1.6150037500063339e-15 0.0:0.0 0.0:0.0 0.0:0.0 0.0:0.0 0.0:0.0 24.57645911892461:-8.08767456259437e-16 0.0:0.0 0.0:0.0 0.0:0.0 0.0:0.0 0.0:0.0 0.0:0.0 0.0:0.0 -29.233860921580956:6.378077295937534e-16 0.0:0.0 0.0:0.0 0.0:0.0 0.0:0.0 0.0:0.0 0.0:0.0 0.0:0.0 0.0:0.0 0.0:0.0 0.0:0.0 0.0:0.0 0.0:0.0 0.0:0.0 0.0:0.0 0.0:0.0 0.0:0.0 0.0:0.0 0.0:0.0 0.0:0.0 0.0:0.0 0.0:0.0 0.0:0.0 0.0:0.0
weights 1 0.0 1.3717421124828533e-06 7.71604938271605e-07 2.0408163265306124e-07 4.565376186997809e-08 4.565376186997809e-08 4.565376186997809e-08 4.565376186997809e-08 1.3717421124828533e-06 9.765625e-07 6.574621959237344e-07 1.0203040506070809e-07 4.565376186997809e-08 4.565376186997809e-08 4.565376186997809e-08 4.565376186997809e-08 7.71604938271605e-07 6.574621959237344e-07 1.417233560090703e-07 4.565376186997809e-08 4.565376186997809e-08 4.565376186997809e-08 4.565376186997809e-08 4.565376186997809e-08 2.0408163265306124e-07 1.0203040506070809e-07 4.565376186997809e-08 4.565376186997809e-08 4.565376186997809e-08 4.565376186997809e-08 4.565376186997809e-08 4.565376186997809e-08 4.565376186997809e-08 4.565376186997809e-08 4.565376186997809e-08 4.565376186997809e-08 4.565376186997809e-08 4.565376186997809e-08 4.565376186997809e-08 4.565376186997809e-08 4.565376186997809e-08 4.565376186997809e-08 4.565376186997809e-08 4.565376186997809e-08 4.565376186997809e-08 4.565376186997809e-08 4.565376186997809e-08 4.565376186997809e-08 4.565376186997809e-08 4.565376186997809e-08 4.565376186997809e-08 4.565376186997809e-08 4.565376186997809e-08 4.565376186997809e-08 4.565376186997809e-08 4.565376186997809e-08 4.565376186997809e-08 4.565376186997809e-08 4.565376186997809e-08 4.565376186997809e-08 4.565376186997809e-08 4.565376186997809e-08 4.565376186997809e-08 4.565376186997809e-08
lower 1 0 907.0 -94.5 -18.0 -35.0 -74.0 -74.0 -74.0 -74.0 -13.5 -16.0 -19.5 -49.5 -74.0 -74.0 -74.0 -74.0 -18.0 -19.5 -42.0 -74.0 -74.0 -74.0 -74.0 -74.0 -35.0 -49.5 -74.0 -74.0 -74.0 -74.0 -74.0 -74.0 -74.0 -74.0 -74.0 -74.0 -74.0 -74.0 -74.0 -74.0 -74.0 -74.0 -74.0 -74.0 -74.0 -74.0 -74.0 -74.0 -74.0 -74.0 -74.0 -74.0 -74.0 -74.0 -74.0 -74.0 -74.0 -74.0 -74.0 -74.0 -74.0 -74.0 -74.0 -74.0 1167.0 -67.5 -18.0 -35.0 -74.0 -74.0 -74.0 -74.0 -40.5 -16.0 -19.5 -49.5 -74.0 -74.0 -74.0 -74.0 -18.0 -19.5 -42.0 -74.0 -74.0 -74.0 -74.0 -74.0 -35.0 -49.5 -74.0 -74.0 -74.0 -74.0 -74.0 -74.0 -74.0 -74.0 -74.0 -74.0 -74.0 -74.0 -74.0 -74.0 -74.0 -74.0 -74.0 -74.0 -74.0 -74.0 -74.0 -74.0 -74.0 -74.0 -74.0 -74.0 -74.0 -74.0 -74.0 -74.0 -74.0 -74.0 -74.0 -74.0 -74.0 -74.0 -74.0 -74.0 1245.0 13.5 -18.0 -35.0 -74.0 -74.0 -74.0 -74.0 -40.5 -16.0 -19.5 -49.5 -74.0 -74.0 -74.0 -74.0 -18.0 -19.5 -42.0 -74.0 -74.0 -74.0 -74.0 -74.0 -35.0 -49.5 -74.0 -74.0 -74.0 -74.0 -74.0 -74.0 -74.0 -74.0 -74.0 -74.0 -74.0 -74.0 -74.0 -74.0 -74.0 -74.0 -74.0 -74.0 -74.0 -74.0 -74.0 -74.0 -74.0 -74.0 -74.0 -74.0 -74.0 -74.0 -74.0 -74.0 -74.0 -74.0 -74.0 -74.0 -74.0 -74.0 -74.0 -74.0
lower 1 1 985.0 -40.5 -18.0 -35.0 -74.0 -74.0 -74.0 -74.0 -67.5 -48.0 -19.5 -49.5 -74.0 -74.0 -74.0 -74.0 -18.0 -19.5 -42.0 -74.0 -74.0 -74.0 -74.0 -74.0 -35.0 -49.5 -74.0 -74.0 -74.0 -74.0 -74.0 -74.0 -74.0 -74.0 -74.0 -74.0 -74.0 -74.0 -74.0 -74.0 -74.0 -74.0 -74.0 -74.0 -74.0 -74.0 -74.0 -74.0 -74.0 -74.0 -74.0 -74.0 -74.0 -74.0 -74.0 -74.0 -74.0 -74.0 -74.0 -74.0 -74.0 -74.0 -74.0 -74.0 1063.0 -40.5 -18.0 -35.0 -74.0 -74.0 -74.0 -74.0 40.5 -48.0 -19.5 -49.5 -74.0 -74.0 -74.0 -74.0 -18.0 -19.5 -42.0 -74.0 -74.0 -74.0 -74.0 -74.0 -35.0 -49.5 -74.0 -74.0 -74.0 -74.0 -74.0 -74.0 -74.0 -74.0 -74.0 -74.0 -74.0 -74.0 -74.0 -74.0 -74.0 -74.0 -74.0 -74.0 -74.0 -74.0 -74.0 -74.0 -74.0 -74.0 -74.0 -74.0 -74.0 -74.0 -74.0 -74.0 -74.0 -74.0 -74.0 -74.0 -74.0 -74.0 -74.0 -74.0 1089.0 -13.5 -18.0 -35.0 -74.0 -74.0 -74.0 -74.0 94.5 -16.0 -19.5 -49.5 -74.0 -74.0 -74.0 -74.0 -18.0 -19.5 -42.0 -74.0 -74.0 -74.0 -74.0 -74.0 -35.0 -49.5 -74.0 -74.0 -74.0 -74.0 -74.0 -74.0 -74.0 -74.0 -74.0 -74.0 -74.0 -74.0 -74.0 -74.0 -74.0 -74.0 -74.0 -74.0 -74.0 -74.0 -74.0 -74.0 -74.0 -74.0 -74.0 -74.0 -74.0 -74.0 -74.0 -74.0 -74.0 -74.0 -74.0 -74.0 -74.0 -74.0 -74.0 -74.0
upper 1 0 933.0 -67.5 18.0 35.0 74.0 74.0 74.0 74.0 13.5 16.0 19.5 49.5 74.0 74.0 74.0 74.0 18.0 19.5 42.0 74.0 74.0 74.0 74.0 74.0 35.0 49.5 74.0 74.0 74.0 74.0 74.0 74.0 74.0 74.0 74.0 74.0 74.0 74.0 74.0 74.0 74.0 74.0 74.0 74.0 74.0 74.0 74.0 74.0 74.0 74.0 74.0 74.0 74.0 74.0 74.0 74.0 74.0 74.0 74.0 74.0 74.0 74.0 74.0 74.0 1193.0 -40.5 18.0 35.0 74.0 74.0 74.0 74.0 -13.5 16.0 19.5 49.5 74.0 74.0 74.0 74.0 18.0 19.5 42.0 74.0 74.0 74.0 74.0 74.0 35.0 49.5 74.0 74.0 74.0 74.0 74.0 74.0 74.0 74.0 74.0 74.0 74.0 74.0 74.0 74.0 74.0 74.0 74.0 74.0 74.0 74.0 74.0 74.0 74.0 74.0 74.0 74.0 74.0 74.0 74.0 74.0 74.0 74.0 74.0 74.0 74.0 74.0 74.0 74.0 1271.0 40.5 18.0 35.0 74.0 74.0 74.0 74.0 -13.5 16.0 19.5 49.5 74.0 74.0 74.0 74.0 18.0 19.5 42.0 74.0 74.0 74.0 74.0 74.0 35.0 49.5 74.0 74.0 74.0 74.0 74.0 74.0 74.0 74.0 74.0 74.0 74.0 74.0 74.0 74.0 74.0 74.0 74.0 74.0 74.0 74.0 74.0 74.0 74.0 74.0 74.0 74.0 74.0 74.0 74.0 74.0 74.0 74.0 74.0 74.0 74.0 74.0 74.0 74.0
upper 1 1 1011.0 -13.5 18.0 35.0 74.0 74.0 74.0 74.0 -40.5 -16.0 19.5 49.5 74.0 74.0 74.0 74.0 18.0 19.5 42.0 74.0 74.0 74.0 74.0 74.0 35.0 49.5 74.0 74.0 74.0 74.0 74.0 74.0 74.0 74.0 74.0 74.0 74.0 74.0 74.0 74.0 74.0 74.0 74.0 74.0 74.0 74.0 74.0 74.0 74.0 74.0 74.0 74.0 74.0 74.0 74.0 74.0 74.0 74.0 74.0 74.0 74.0 74.0 74.0 74.0 1089.0 -13.5 18.0 35.0 74.0 74.0 74.0 74.0 67.5 -16.0 19.5 49.5 74.0 74.0 74.0 74.0 18.0 19.5 42.0 74.0 74.0 74.0 74.0 74.0 35.0 49.5 74.0 74.0 74.0 74.0 74.0 74.0 74.0 74.0 74.0 74.0 74.0 74.0 74.0 74.0 74.0 74.0 74.0 74.0 74.0 74.0 74.0 74.0 74.0 74.0 74.0 74.0 74.0 74.0 74.0 74.0 74.0 74.0 74.0 74.0 74.0 74.0 74.0 74.0 1115.0 13.5 18.0 35.0 74.0 74.0 74.0 74.0 121.5 16.0 19.5 49.5 74.0 74.0 74.0 74.0 18.0 19.5 42.0 74.0 74.0 74.0 74.0 74.0 35.0 49.5 74.0 74.0 74.0 74.0 74.0 74.0 74.0 74.0 74.0 74.0 74.0 74.0 74.0 74.0 74.0 74.0 74.0 74.0 74.0 74.0 74.0 74.0 74.0 74.0 74.0 74.0 74.0 74.0 74.0 74.0 74.0 74.0 74.0 74.0 74.0 74.0 74.0 74.0
centres 1 0 920.0 -79.31188326269321 -0.0 -0.0 -0.0 -0.0 -0.0 -0.0 -0.0 -0.0 -0.0 -0.0 -0.0 -0.0 -0.0 -0.0 -0.0 -0.0 -0.0 -0.0 -0.0 -0.0 -0.0 -0.0 -0.0 -0.0 -0.0 -0.0 -0.0 -0.0 -0.0 -0.0 -0.0 -0.0 -0.0 -0.0 -0.0 -0.0 -0.0 -0.0 -0.0 -0.0 -0.0 -0.0 -0.0 -0.0 -0.0 -0.0 -0.0 -0.0 -0.0 -0.0 -0.0 -0.0 -0.0 -0.0 -0.0 -0.0 -0.0 -0.0 -0.0 -0.0 -0.0 -0.0 1180.0 -52.311883262693215 -0.0 -0.0 -0.0 -0.0 -0.0 -0.0 -25.656533020287085 -0.0 -0.0 -0.0 -0.0 -0.0 -0.0 -0.0 -0.0 -0.0 -0.0 -0.0 -0.0 -0.0 -0.0 -0.0 -0.0 -0.0 -0.0 -0.0 -0.0 -0.0 -0.0 -0.0 -0.0 -0.0 -0.0 -0.0 -0.0 -0.0 -0.0 -0.0 -0.0 -0.0 -0.0 -0.0 -0.0 -0.0 -0.0 -0.0 -0.0 -0.0 -0.0 -0.0 -0.0 -0.0 -0.0 -0.0 -0.0 -0.0 -0.0 -0.0 -0.0 -0.0 -0.0 -0.0 1258.0 25.311883262693215 -0.0 -0.0 -0.0 -0.0 -0.0 -0.0 -25.656533020287085 -0.0 -0.0 -0.0 -0.0 -0.0 -0.0 -0.0 -0.0 -0.0 -0.0 -0.0 -0.0 -0.0 -0.0 -0.0 -0.0 -0.0 -0.0 -0.0 -0.0 -0.0 -0.0 -0.0 -0.0 -0.0 -0.0 -0.0 -0.0 -0.0 -0.0 -0.0 -0.0 -0.0 -0.0 -0.0 -0.0 -0.0 -0.0 -0.0 -0.0 -0.0 -0.0 -0.0 -0.0 -0.0 -0.0 -0.0 -0.0 -0.0 -0.0 -0.0 -0.0 -0.0 -0.0 -0.0
centres 1 1 998.0 -25.311883262693215 -0.0 -0.0 -0.0 -0.0 -0.0 -0.0 -52.656533020287085 -25.985654152516403 -0.0 -0.0 -0.0 -0.0 -0.0 -0.0 -0.0 -0.0 -0.0 -0.0 -0.0 -0.0 -0.0 -0.0 -0.0 -0.0 -0.0 -0.0 -0.0 -0.0 -0.0 -0.0 -0.0 -0.0 -0.0 -0.0 -0.0 -0.0 -0.0 -0.0 -0.0 -0.0 -0.0 -0.0 -0.0 -0.0 -0.0 -0.0 -0.0 -0.0 -0.0 -0.0 -0.0 -0.0 -0.0 -0.0 -0.0 -0.0 -0.0 -0.0 -0.0 -0.0 -0.0 -0.0 1076.0 -25.311883262693215 -0.0 -0.0 -0.0 -0.0 -0.0 -0.0 52.656533020287085 -25.985654152516403 -0.0 -0.0 -0.0 -0.0 -0.0 -0.0 -0.0 -0.0 -0.0 -0.0 -0.0 -0.0 -0.0 -0.0 -0.0 -0.0 -0.0 -0.0 -0.0 -0.0 -0.0 -0.0 -0.0 -0.0 -0.0 -0.0 -0.0 -0.0 -0.0 -0.0 -0.0 -0.0 -0.0 -0.0 -0.0 -0.0 -0.0 -0.0 -0.0 -0.0 -0.0 -0.0 -0.0 -0.0 -0.0 -0.0 -0.0 -0.0 -0.0 -0.0 -0.0 -0.0 -0.0 -0.0 1102.0 -0.0 -0.0 -0.0 -0.0 -0.0 -0.0 -0.0 106.65653302028709 -0.0 -0.0 -0.0 -0.0 -0.0 -0.0 -0.0 -0.0 -0.0 -0.0 -0.0 -0.0 -0.0 -0.0 -0.0 -0.0 -0.0 -0.0 -0.0 -0.0 -0.0 -0.0 -0.0 -0.0 -0.0 -0.0 -0.0 -0.0 -0.0 -0.0 -0.0 -0.0 -0.0 -0.0 -0.0 -0.0 -0.0 -0.0 -0.0 -0.0 -0.0 -0.0 -0.0 -0.0 -0.0 -0.0 -0.0 -0.0 -0.0 -0.0 -0.0 -0.0 -0.0 -0.0 -0.0
exact-centres 1 0 920.0:0.0 -79.31188326269321:9.718865666431276e-16 0.0:0.0 0.0:0.0 0.0:0.0 0.0:0.0 0.0:0.0 0.0:0.0 0.0:0.0 0.0:0.0 0.0:0.0 0.0:0.0 0.0:0.0 0.0:0.0 0.0:0.0 0.0:0.0 0.0:0.0 0.0:0.0 0.0:0.0 0.0:0.0 0.0:0.0 0.0:0.0 0.0:0.0 0.0:0.0 0.0:0.0 0.0:0.0 0.0:0.0 0.0:0.0 0.0:0.0 0.0:0.0 0.0:0.0 0.0:0.0 0.0:0.0 0.0:0.0 0.0:0.0 0.0:0.0 0.0:0.0 0.0:0.0 0.0:0.0 0.0:0.0 0.0:0.0 0.0:0.0 0.0:0.0 0.0:0.0 0.0:0.0 0.0:0.0 0.0:0.0 0.0:0.0 0.0:0.0 0.0:0.0 0.0:0.0 0.0:0.0 0.0:0.0 0.0:0.0 0.0:0.0 0.0:0.0 0.0:0.0 0.0:0.0 0.0:0.0 0.0:0.0 0.0:0.0 0.0:0.0 0.0:0.0 0.0:0.0 1180.0:0.0 -52.311883262693215:9.718865666431276e-16 0.0:0.0 0.0:0.0 0.0:0.0 0.0:0.0 0.0:0.0 0.0:0.0 -25.656533020287085:-8.435762408596997e-16 0.0:0.0 0.0:0.0 0.0:0.0 0.0:0.0 0.0:0.0 0.0:0.0 0.0:0.0 0.0:0.0 0.0:0.0 0.0:0.0 0.0:0.0 0.0:0.0 0.0:0.0 0.0:0.0 0.0:0.0 0.0:0.0 0.0:0.0 0.0:0.0 0.0:0.0 0.0:0.0 0.0:0.0 0.0:0.0 0.0:0.0 0.0:0.0 0.0:0.0 0.0:0.0 0.0:0.0 0.0:0.0 0.0:0.0 0.0:0.0 0.0:0.0 0.0:0.0 0.0:0.0 0.0:0.0 0.0:0.0 0.0:0.0 0.0:0.0 0.0:0.0 0.0:0.0 0.0:0.0 0.0:0.0 0.0:0.0 0.0:0.0 0.0:0.0 0.0:0.0 0.0:0.0 0.0:0.0 0.0:0.0 0.0:0.0 0.0:0.0 0.0:0.0 0.0:0.0 0.0:0.0 0.0:0.0 0.0:0.0 1258.0:0.0 25.311883262693215:-9.718865666431276e-16 0.0:0.0 0.0:0.0 0.0:0.0 0.0:0.0 0.0:0.0 0.0:0.0 -25.656533020287085:-8.435762408596997e-16 0.0:0.0 0.0:0.0 0.0:0.0 0.0:0.0 0.0:0.0 0.0:0.0 0.0:0.0 0.0:0.0 0.0:0.0 0.0:0.0 0.0:0.0 0.0:0.0 0.0:0.0 0.0:0.0 0.0:0.0 0.0:0.0 0.0:0.0 0.0:0.0 0.0:0.0 0.0:0.0 0.0:0.0 0.0:0.0 0.0:0.0 0.0:0.0 0.0:0.0 0.0:0.0 0.0:0.0 0.0:0.0 0.0:0.0 0.0:0.0 0.0:0.0 0.0:0.0 0.0:0.0 0.0:0.0 0.0:0.0 0.0:0.0 0.0:0.0 0.0:0.0 0.0:0.0 0.0:0.0 0.0:0.0 0.0:0.0 0.0:0.0 0.0:0.0 0.0:0.0 0.0:0.0 0.0:0.0 0.0:0.0 0.0:0.0 0.0:0.0 0.0:0.0 0.0:0.0 0.0:0.0 0.0:0.0 0.0:0.0
exact-centres 1 1 998.0:0.0 -25.311883262693215:9.718865666431276e-16 0.0:0.0 0.0:0.0 0.0:0.0 0.0:0.0 0.0:0.0 0.0:0.0 -52.656533020287085:-8.435762408596997e-16 -25.985654152516403:-1.0120436531613308e-15 0.0:0.0 0.0:0.0 0.0:0.0 0.0:0.0 0.0:0.0 0.0:0.0 0.0:0.0 0.0:0.0 0.0:0.0 0.0:0.0 0.0:0.0 0.0:0.0 0.0:0.0 0.0:0.0 0.0:0.0 0.0:0.0 0.0:0.0 0.0:0.0 0.0:0.0 0.0:0.0 0.0:0.0 0.0:0.0 0.0:0.0 0.0:0.0 0.0:0.0 0.0:0.0 0.0:0.0 0.0:0.0 0.0:0.0 0.0:0.0 0.0:0.0 0.0:0.0 0.0:0.0 0.0:0.0 0.0:0.0 0.0:0.0 0.0:0.0 0.0:0.0 0.0:0.0 0.0:0.0 0.0:0.0 0.0:0.0 0.0:0.0 0.0:0.0 0.0:0.0 0.0:0.0 0.0:0.0 0.0:0.0 0.0:0.0 0.0:0.0 0.0:0.0 0.0:0.0 0.0:0.0 0.0:0.0 1076.0:0.0 -25.311883262693215:9.718865666431276e-16 0.0:0.0 0.0:0.0 0.0:0.0 0.0:0.0 0.0:0.0 0.0:0.0 52.656533020287085:8.435762408596997e-16 -25.985654152516403:-1.0120436531613308e-15 0.0:0.0 0.0:0.0 0.0:0.0 0.0:0.0 0.0:0.0 0.0:0.0 0.0:0.0 0.0:0.0 0.0:0.0 0.0:0.0 0.0:0.0 0.0:0.0 0.0:0.0 0.0:0.0 0.0:0.0 0.0:0.0 0.0:0.0 0.0:0.0 0.0:0.0 0.0:0.0 0.0:0.0 0.0:0.0 0.0:0.0 0.0:0.0 0.0:0.0 0.0:0.0 0.0:0.0 0.0:0.0 0.0:0.0 0.0:0.0 0.0:0.0 0.0:0.0 0.0:0.0 0.0:0.0 0.0:0.0 0.0:0.0 0.0:0.0 0.0:0.0 0.0:0.0 0.0:0.0 0.0:0.0 0.0:0.0 0.0:0.0 0.0:0.0 0.0:0.0 0.0:0.0 0.0:0.0 0.0:0.0 0.0:0.0 0.0:0.0 0.0:0.0 0.0:0.0 0.0:0.0 0.0:0.0 1102.0:0.0 0.0:0.0 0.0:0.0 0.0:0.0 0.0:0.0 0.0:0.0 0.0:0.0 0.0:0.0 106.65653302028709:8.435762408596997e-16 0.0:0.0 0.0:0.0 0.0:0.0 0.0:0.0 0.0:0.0 0.0:0.0 0.0:0.0 0.0:0.0 0.0:0.0 0.0:0.0 0.0:0.0 0.0:0.0 0.0:0.0 0.0:0.0 0.0:0.0 0.0:0.0 0.0:0.0 0.0:0.0 0.0:0.0 0.0:0.0 0.0:0.0 0.0:0.0 0.0:0.0 0.0:0.0 0.0:0.0 0.0:0.0 0.0:0.0 0.0:0.0 0.0:0.0 0.0:0.0 0.0:0.0 0.0:0.0 0.0:0.0 0.0:0.0 0.0:0.0 0.0:0.0 0.0:0.0 0.0:0.0 0.0:0.0 0.0:0.0 0.0:0.0 0.0:0.0 0.0:0.0 0.0:0.0 0.0:0.0 0.0:0.0 0.0:0.0 0.0:0.0 0.0:0.0 0.0:0.0 0.0:0.0 0.0:0.0 0.0:0.0 0.0:0.0 0.0:0.0
weights 2 0.0 1.3717421124828533e-06 7.71604938271605e-07 2.0408163265306124e-07 4.565376186997809e-08 4.565376186997809e-08 4.565376186997809e-08 4.565376186997809e-08 1.3717421124828533e-06 9.765625e-07 6.574621959237344e-07 1.0203040506070809e-07 4.565376186997809e-08 4.565376186997809e-08 4.565376186997809e-08 4.565376186997809e-08 7.71604938271605e-07 6.574621959237344e-07 1.417233560090703e-07 4.565376186997809e-08 4.565376186997809e-08 4.565376186997809e-08 4.565376186997809e-08 4.565376186997809e-08 2.0408163265306124e-07 1.0203040506070809e-07 4.565376186997809e-08 4.565376186997809e-08 4.565376186997809e-08 4.565376186997809e-08 4.565376186997809e-08 4.565376186997809e-08 4.565376186997809e-08 4.565376186997809e-08 4.565376186997809e-08 4.565376186997809e-08 4.565376186997809e-08 4.565376186997809e-08 4.565376186997809e-08 4.565376186997809e-08 4.565376186997809e-08 4.565376186997809e-08 4.565376186997809e-08 4.565376186997809e-08 4.565376186997809e-08 4.565376186997809e-08 4.565376186997809e-08 4.565376186997809e-08 4.565376186997809e-08 4.565376186997809e-08 4.565376186997809e-08 4.565376186997809e-08 4.565376186997809e-08 4.565376186997809e-08 4.565376186997809e-08 4.565376186997809e-08 4.565376186997809e-08 4.565376186997809e-08 4.565376186997809e-08 4.565376186997809e-08 4.565376186997809e-08 4.565376186997809e-08 4.565376186997809e-08 4.565376186997809e-08
lower 2 0 1115.0 67.5 -18.0 -35.0 -74.0 -74.0 -74.0 -74.0 -13.5 -16.0 -19.5 -49.5 -74.0 -74.0 -74.0 -74.0 -18.0 -19.5 -42.0 -74.0 -74.0 -74.0 -74.0 -74.0 -35.0 -49.5 -74.0 -74.0 -74.0 -74.0 -74.0 -74.0 -74.0 -74.0 -74.0 -74.0 -74.0 -74.0 -74.0 -74.0 -74.0 -74.0 -74.0 -74.0 -74.0 -74.0 -74.0 -74.0 -74.0 -74.0 -74.0 -74.0 -74.0 -74.0 -74.0 -74.0 -74.0 -74.0 -74.0 -74.0 -74.0 -74.0 -74.0 -74.0 855.0 40.5 -18.0 -35.0 -74.0 -74.0 -74.0 -74.0 13.5 -16.0 -19.5 -49.5 -74.0 -74.0 -74.0 -74.0 -18.0 -19.5 -42.0 -74.0 -74.0 -74.0 -74.0 -74.0 -35.0 -49.5 -74.0 -74.0 -74.0 -74.0 -74.0 -74.0 -74.0 -74.0 -74.0 -74.0 -74.0 -74.0 -74.0 -74.0 -74.0 -74.0 -74.0 -74.0 -74.0 -74.0 -74.0 -74.0 -74.0 -74.0 -74.0 -74.0 -74.0 -74.0 -74.0 -74.0 -74.0 -74.0 -74.0 -74.0 -74.0 -74.0 -74.0 -74.0 777.0 -13.5 -18.0 -35.0 -74.0 -74.0 -74.0 -74.0 13.5 -16.0 -19.5 -49.5 -74.0 -74.0 -74.0 -74.0 18.0 -19.5 -42.0 -74.0 -74.0 -74.0 -74.0 -74.0 -35.0 -49.5 -74.0 -74.0 -74.0 -74.0 -74.0 -74.0 -74.0 -74.0 -74.0 -74.0 -74.0 -74.0 -74.0 -74.0 -74.0 -74.0 -74.0 -74.0 -74.0 -74.0 -74.0 -74.0 -74.0 -74.0 -74.0 -74.0 -74.0 -74.0 -74.0 -74.0 -74.0 -74.0 -74.0 -74.0 -74.0 -74.0 -74.0 -74.0
lower 2 1 1037.0 13.5 -18.0 -35.0 -74.0 -74.0 -74.0 -74.0 40.5 16.0 -19.5 -49.5 -74.0 -74.0 -74.0 -74.0 -18.0 -19.5 -42.0 -74.0 -74.0 -74.0 -74.0 -74.0 -35.0 -49.5 -74.0 -74.0 -74.0 -74.0 -74.0 -74.0 -74.0 -74.0 -74.0 -74.0 -74.0 -74.0 -74.0 -74.0 -74.0 -74.0 -74.0 -74.0 -74.0 -74.0 -74.0 -74.0 -74.0 -74.0 -74.0 -74.0 -74.0 -74.0 -74.0 -74.0 -74.0 -74.0 -74.0 -74.0 -74.0 -74.0 -74.0 -74.0 959.0 13.5 -18.0 -35.0 -74.0 -74.0 -74.0 -74.0 -67.5 16.0 -19.5 -49.5 -74.0 -74.0 -74.0 -74.0 -18.0 -19.5 -42.0 -74.0 -74.0 -74.0 -74.0 -74.0 -35.0 -49.5 -74.0 -74.0 -74.0 -74.0 -74.0 -74.0 -74.0 -74.0 -74.0 -74.0 -74.0 -74.0 -74.0 -74.0 -74.0 -74.0 -74.0 -74.0 -74.0 -74.0 -74.0 -74.0 -74.0 -74.0 -74.0 -74.0 -74.0 -74.0 -74.0 -74.0 -74.0 -74.0 -74.0 -74.0 -74.0 -74.0 -74.0 -74.0 933.0 -13.5 -18.0 -35.0 -74.0 -74.0 -74.0 -74.0 -121.5 -16.0 -19.5 -49.5 -74.0 -74.0 -74.0 -74.0 -18.0 -19.5 -42.0 -74.0 -74.0 -74.0 -74.0 -74.0 -35.0 -49.5 -74.0 -74.0 -74.0 -74.0 -74.0 -74.0 -74.0 -74.0 -74.0 -74.0 -74.0 -74.0 -74.0 -74.0 -74.0 -74.0 -74.0 -74.0 -74.0 -74.0 -74.0 -74.0 -74.0 -74.0 -74.0 -74.0 -74.0 -74.0 -74.0 -74.0 -74.0 -74.0 -74.0 -74.0 -74.0 -74.0 -74.0 -74.0
upper 2 0 1141.0 94.5 18.0 35.0 74.0 74.0 74.0 74.0 13.5 16.0 19.5 49.5 74.0 74.0 74.0 74.0 18.0 19.5 42.0 74.0 74.0 74.0 74.0 74.0 35.0 49.5 74.0 74.0 74.0 74.0 74.0 74.0 74.0 74.0 74.0 74.0 74.0 74.0 74.0 74.0 74.0 74.0 74.0 74.0 74.0 74.0 74.0 74.0 74.0 74.0 74.0 74.0 74.0 74.0 74.0 74.0 74.0 74.0 74.0 74.0 74.0 74.0 74.0 74.0 881.0 67.5 18.0 35.0 74.0 74.0 74.0 74.0 40.5 16.0 19.5 49.5 74.0 74.0 74.0 74.0 18.0 19.5 42.0 74.0 74.0 74.0 74.0 74.0 35.0 49.5 74.0 74.0 74.0 74.0 74.0 74.0 74.0 74.0 74.0 74.0 74.0 74.0 74.0 74.0 74.0 74.0 74.0 74.0 74.0 74.0 74.0 74.0 74.0 74.0 74.0 74.0 74.0 74.0 74.0 74.0 74.0 74.0 74.0 74.0 74.0 74.0 74.0 74.0 803.0 13.5 18.0 35.0 74.0 74.0 74.0 74.0 40.5 16.0 19.5 49.5 74.0 74.0 74.0 74.0 54.0 19.5 42.0 74.0 74.0 74.0 74.0 74.0 35.0 49.5 74.0 74.0 74.0 74.0 74.0 74.0 74.0 74.0 74.0 74.0 74.0 74.0 74.0 74.0 74.0 74.0 74.0 74.0 74.0 74.0 74.0 74.0 74.0 74.0 74.0 74.0 74.0 74.0 74.0 74.0 74.0 74.0 74.0 74.0 74.0 74.0 74.0 74.0
upper 2 1 1063.0 40.5 18.0 35.0 74.0 74.0 74.0 74.0 67.5 48.0 19.5 49.5 74.0 74.0 74.0 74.0 18.0 19.5 42.0 74.0 74.0 74.0 74.0 74.0 35.0 49.5 74.0 74.0 74.0 74.0 74.0 74.0 74.0 74.0 74.0 74.0 74.0 74.0 74.0 74.0 74.0 74.0 74.0 74.0 74.0 74.0 74.0 74.0 74.0 74.0 74.0 74.0 74.0 74.0 74.0 74.0 74.0 74.0 74.0 74.0 74.0 74.0 74.0 74.0 985.0 40.5 18.0 35.0 74.0 74.0 74.0 74.0 -40.5 48.0 19.5 49.5 74.0 74.0 74.0 74.0 18.0 19.5 42.0 74.0 74.0 74.0 74.0 74.0 35.0 49.5 74.0 74.0 74.0 74.0 74.0 74.0 74.0 74.0 74.0 74.0 74.0 74.0 74.0 74.0 74.0 74.0 74.0 74.0 74.0 74.0 74.0 74.0 74.0 74.0 74.0 74.0 74.0 74.0 74.0 74.0 74.0 74.0 74.0 74.0 74.0 74.0 74.0 74.0 959.0 13.5 18.0 35.0 74.0 74.0 74.0 74.0 -94.5 16.0 19.5 49.5 74.0 74.0 74.0 74.0 18.0 19.5 42.0 74.0 74.0 74.0 74.0 74.0 35.0 49.5 74.0 74.0 74.0 74.0 74.0 74.0 74.0 74.0 74.0 74.0 74.0 74.0 74.0 74.0 74.0 74.0 74.0 74.0 74.0 74.0 74.0 74.0 74.0 74.0 74.0 74.0 74.0 74.0 74.0 74.0 74.0 74.0 74.0 74.0 74.0 74.0 74.0 74.0
centres 2 0 1128.0 79.14391912995168 -0.0 -0.0 -0.0 -0.0 -0.0 -0.0 -0.0 -0.0 -0.0 -0.0 -0.0 -0.0 -0.0 -0.0 -0.0 -0.0 -0.0 -0.0 -0.0 -0.0 -0.0 -0.0 -0.0 -0.0 -0.0 -0.0 -0.0 -0.0 -0.0 -0.0 -0.0 -0.0 -0.0 -0.0 -0.0 -0.0 -0.0 -0.0 -0.0 -0.0 -0.0 -0.0 -0.0 -0.0 -0.0 -0.0 -0.0 -0.0 -0.0 -0.0 -0.0 -0.0 -0.0 -0.0 -0.0 -0.0 -0.0 -0.0 -0.0 -0.0 -0.0 -0.0 868.0 52.14391912995169 -0.0 -0.0 -0.0 -0.0 -0.0 -0.0 25.656533020287085 -0.0 -0.0 -0.0 -0.0 -0.0 -0.0 -0.0 -0.0 -0.0 -0.0 -0.0 -0.0 -0.0 -0.0 -0.0 -0.0 -0.0 -0.0 -0.0 -0.0 -0.0 -0.0 -0.0 -0.0 -0.0 -0.0 -0.0 -0.0 -0.0 -0.0 -0.0 -0.0 -0.0 -0.0 -0.0 -0.0 -0.0 -0.0 -0.0 -0.0 -0.0 -0.0 -0.0 -0.0 -0.0 -0.0 -0.0 -0.0 -0.0 -0.0 -0.0 -0.0 -0.0 -0.0 -0.0 790.0 -0.0 -0.0 -0.0 -0.0 -0.0 -0.0 -0.0 25.656533020287085 -0.0 -0.0 -0.0 -0.0 -0.0 -0.0 -0.0 26.862809748749925 -0.0 -0.0 -0.0 -0.0 -0.0 -0.0 -0.0 -0.0 -0.0 -0.0 -0.0 -0.0 -0.0 -0.0 -0.0 -0.0 -0.0 -0.0 -0.0 -0.0 -0.0 -0.0 -0.0 -0.0 -0.0 -0.0 -0.0 -0.0 -0.0 -0.0 -0.0 -0.0 -0.0 -0.0 -0.0 -0.0 -0.0 -0.0 -0.0 -0.0 -0.0 -0.0 -0.0 -0.0 -0.0 -0.0 -0.0
centres 2 1 1050.0 25.14391912995169 -0.0 -0.0 -0.0 -0.0 -0.0 -0.0 52.656533020287085 25.985654152516403 -0.0 -0.0 -0.0 -0.0 -0.0 -0.0 -0.0 -0.0 -0.0 -0.0 -0.0 -0.0 -0.0 -0.0 -0.0 -0.0 -0.0 -0.0 -0.0 -0.0 -0.0 -0.0 -0.0 -0.0 -0.0 -0.0 -0.0 -0.0 -0.0 -0.0 -0.0 -0.0 -0.0 -0.0 -0.0 -0.0 -0.0 -0.0 -0.0 -0.0 -0.0 -0.0 -0.0 -0.0 -0.0 -0.0 -0.0 -0.0 -0.0 -0.0 -0.0 -0.0 -0.0 -0.0 972.0 25.14391912995169 -0.0 -0.0 -0.0 -0.0 -0.0 -0.0 -52.656533020287085 25.985654152516403 -0.0 -0.0 -0.0 -0.0 -0.0 -0.0 -0.0 -0.0 -0.0 -0.0 -0.0 -0.0 -0.0 -0.0 -0.0 -0.0 -0.0 -0.0 -0.0 -0.0 -0.0 -0.0 -0.0 -0.0 -0.0 -0.0 -0.0 -0.0 -0.0 -0.0 -0.0 -0.0 -0.0 -0.0 -0.0 -0.0 -0.0 -0.0 -0.0 -0.0 -0.0 -0.0 -0.0 -0.0 -0.0 -0.0 -0.0 -0.0 -0.0 -0.0 -0.0 -0.0 -0.0 -0.0 946.0 -0.0 -0.0 -0.0 -0.0 -0.0 -0.0 -0.0 -106.65653302028709 -0.0 -0.0 -0.0 -0.0 -0.0 -0.0 -0.0 -0.0 -0.0 -0.0 -0.0 -0.0 -0.0 -0.0 -0.0 -0.0 -0.0 -0.0 -0.0 -0.0 -0.0 -0.0 -0.0 -0.0 -0.0 -0.0 -0.0 -0.0 -0.0 -0.0 -0.0 -0.0 -0.0 -0.0 -0.0 -0.0 -0.0 -0.0 -0.0 -0.0 -0.0 -0.0 -0.0 -0.0 -0.0 -0.0 -0.0 -0.0 -0.0 -0.0 -0.0 -0.0 -0.0 -0.0 -0.0
exact-centres 2 0 1128.0:0.0 79.1439191299517:-5.852102262592545e-15 0.0:0.0 0.0:0.0 0.0:0.0 0.0:0.0 0.0:0.0 0.0:0.0 0.0:0.0 0.0:0.0 0.0:0.0 0.0:0.0 0.0:0.0 0.0:0.0 0.0:0.0 0.0:0.0 0.0:0.0 0.0:0.0 0.0:0.0 0.0:0.0 0.0:0.0 0.0:0.0 0.0:0.0 0.0:0.0 0.0:0.0 0.0:0.0 0.0:0.0 0.0:0.0 0.0:0.0 0.0:0.0 0.0:0.0 0.0:0.0 0.0:0.0 0.0:0.0 0.0:0.0 0.0:0.0 0.0:0.0 0.0:0.0 0.0:0.0 0.0:0.0 0.0:0.0 0.0:0.0 0.0:0.0 0.0:0.0 0.0:0.0 0.0:0.0 0.0:0.0 0.0:0.0 0.0:0.0 0.0:0.0 0.0:0.0 0.0:0.0 0.0:0.0 0.0:0.0 0.0:0.0 0.0:0.0 0.0:0.0 0.0:0.0 0.0:0.0 0.0:0.0 0.0:0.0 0.0:0.0 0.0:0.0 0.0:0.0 868.0:0.0 52.14391912995169:1.2533250950084565e-15 0.0:0.0 0.0:0.0 0.0:0.0 0.0:0.0 0.0:0.0 0.0:0.0 25.656533020287085:8.435762408596997e-16 0.0:0.0 0.0:0.0 0.0:0.0 0.0:0.0 0.0:0.0 0.0:0.0 0.0:0.0 0.0:0.0 0.0:0.0 0.0:0.0 0.0:0.0 0.0:0.0 0.0:0.0 0.0:0.0 0.0:0.0 0.0:0.0 0.0:0.0 0.0:0.0 0.0:0.0 0.0:0.0 0.0:0.0 0.0:0.0 0.0:0.0 0.0:0.0 0.0:0.0 0.0:0.0 0.0:0.0 0.0:0.0 0.0:0.0 0.0:0.0 0.0:0.0 0.0:0.0 0.0:0.0 0.0:0.0 0.0:0.0 0.0:0.0 0.0:0.0 0.0:0.0 0.0:0.0 0.0:0.0 0.0:0.0 0.0:0.0 0.0:0.0 0.0:0.0 0.0:0.0 0.0:0.0 0.0:0.0 0.0:0.0 0.0:0.0 0.0:0.0 0.0:0.0 0.0:0.0 0.0:0.0 0.0:0.0 0.0:0.0 790.0:0.0 0.0:0.0 0.0:0.0 0.0:0.0 0.0:0.0 0.0:0.0 0.0:0.0 0.0:0.0 25.656533020287085:8.435762408596997e-16 0.0:0.0 0.0:0.0 0.0:0.0 0.0:0.0 0.0:0.0 0.0:0.0 0.0:0.0 26.862809748749925:-4.699263895340003e-16 0.0:0.0 0.0:0.0 0.0:0.0 0.0:0.0 0.0:0.0 0.0:0.0 0.0:0.0 0.0:0.0 0.0:0.0 0.0:0.0 0.0:0.0 0.0:0.0 0.0:0.0 0.0:0.0 0.0:0.0 0.0:0.0 0.0:0.0 0.0:0.0 0.0:0.0 0.0:0.0 0.0:0.0 0.0:0.0 0.0:0.0 0.0:0.0 0.0:0.0 0.0:0.0 0.0:0.0 0.0:0.0 0.0:0.0 0.0:0.0 0.0:0.0 0.0:0.0 0.0:0.0 0.0:0.0 0.0:0.0 0.0:0.0 0.0:0.0 0.0:0.0 0.0:0.0 0.0:0.0 0.0:0.0 0.0:0.0 0.0:0.0 0.0:0.0 0.0:0.0 0.0:0.0 0.0:0.0
exact-centres 2 1 1050.0:0.0 25.14391912995169:1.2533250950084565e-15 0.0:0.0 0.0:0.0 0.0:0.0 0.0:0.0 0.0:0.0 0.0:0.0 52.656533020287085:8.435762408596997e-16 25.985654152516403:1.0120436531613308e-15 0.0:0.0 0.0:0.0 0.0:0.0 0.0:0.0 0.0:0.0 0.0:0.0 0.0:0.0 0.0:0.0 0.0:0.0 0.0:0.0 0.0:0.0 0.0:0.0 0.0:0.0 0.0:0.0 0.0:0.0 0.0:0.0 0.0:0.0 0.0:0.0 0.0:0.0 0.0:0.0 0.0:0.0 0.0:0.0 0.0:0.0 0.0:0.0 0.0:0.0 0.0:0.0 0.0:0.0 0.0:0.0 0.0:0.0 0.0:0.0 0.0:0.0 0.0:0.0 0.0:0.0 0.0:0.0 0.0:0.0 0.0:0.0 0.0:0.0 0.0:0.0 0.0:0.0 0.0:0.0 0.0:0.0 0.0:0.0 0.0:0.0 0.0:0.0 0.0:0.0 0.0:0.0 0.0:0.0 0.0:0.0 0.0:0.0 0.0:0.0 0.0:0.0 0.0:0.0 0.0:0.0 0.0:0.0 972.0:0.0 25.14391912995169:1.2533250950084565e-15 0.0:0.0 0.0:0.0 0.0:0.0 0.0:0.0 0.0:0.0 0.0:0.0 -52.656533020287085:-8.435762408596997e-16 25.985654152516403:1.0120436531613308e-15 0.0:0.0 0.0:0.0 0.0:0.0 0.0:0.0 0.0:0.0 0.0:0.0 0.0:0.0 0.0:0.0 0.0:0.0 0.0:0.0 0.0:0.0 0.0:0.0 0.0:0.0 0.0:0.0 0.0:0.0 0.0:0.0 0.0:0.0 0.0:0.0 0.0:0.0 0.0:0.0 0.0:0.0 0.0:0.0 0.0:0.0 0.0:0.0 0.0:0.0 0.0:0.0 0.0:0.0 0.0:0.0 0.0:0.0 0.0:0.0 0.0:0.0 0.0:0.0 0.0:0.0 0.0:0.0 0.0:0.0 0.0:0.0 0.0:0.0 0.0:0.0 0.0:0.0 0.0:0.0 0.0:0.0 0.0:0.0 0.0:0.0 0.0:0.0 0.0:0.0 0.0:0.0 0.0:0.0 0.0:0.0 0.0:0.0 0.0:0.0 0.0:0.0 0.0:0.0 0.0:0.0 0.0:0.0 946.0:0.0 0.0:0.0 0.0:0.0 0.0:0.0 0.0:0.0 0.0:0.0 0.0:0.0 0.0:0.0 -106.65653302028709:-8.435762408596997e-16 0.0:0.0 0.0:0.0 0.0:0.0 0.0:0.0 0.0:0.0 0.0:0.0 0.0:0.0 0.0:0.0 0.0:0.0 0.0:0.0 0.0:0.0 0.0:0.0 0.0:0.0 0.0:0.0 0.0:0.0 0.0:0.0 0.0:0.0 0.0:0.0 0.0:0.0 0.0:0.0 0.0:0.0 0.0:0.0 0.0:0.0 0.0:0.0 0.0:0.0 0.0:0.0 0.0:0.0 0.0:0.0 0.0:0.0 0.0:0.0 0.0:0.0 0.0:0.0 0.0:0.0 0.0:0.0 0.0:0.0 0.0:0.0 0.0:0.0 0.0:0.0 0.0:0.0 0.0:0.0 0.0:0.0 0.0:0.0 0.0:0.0 0.0:0.0 0.0:0.0 0.0:0.0 0.0:0.0 0.0:0.0 0.0:0.0 0.0:0.0 0.0:0.0 0.0:0.0 0.0:0.0 0.0:0.0 0.0:0.0
record 0 14843.559112816018 -0.0 1.0 nan
record 20 5956.001418363395 -7186.234469396693 0.5780812103885787 nan
record 40 5469.613823656573 -3847.2292412852084 0.7320055924598201 nan
canvas 0 0 162.36308764488052 161.73912771680796 180.7062123453048 188.34349734588292 188.16020580119286 181.1989031243343 159.2166864239648 141.06066444667738 129.77356474686692 128.81478647558365 126.12352258867448 118.64536199518955 106.7167758220287 102.55926698373484 100.74574417193472 100.00043683333733 82.64871980066252 87.39028210575887 117.13293021207993 120.14521831967288 120.05028029886846 119.84956672086237 120.22229271173015 121.31566929680167
canvas 0 1 162.458135756163 163.01545908669746 182.63843316256748 188.65244762443544 191.38667455896493 186.99642869011802 168.82680330425225 151.31017466198946 142.9336854633329 137.34661707348755 131.8844592023917 123.35679881770936 108.31524326748693 102.38104627074478 99.22245933332918 94.1968294678572 78.38897963899221 80.7875704289051 113.43629933646388 119.80241131120565 119.7408749236109 116.8676699504256 116.18158832950803 116.52021689101146
canvas 0 2 163.4708115338118 168.9005366642099 188.71198702003898 194.0834708952616 194.442988514438 191.83538455085386 175.26619433585327 155.63378478341832 149.97282920470715 142.84638214800898 137.12918445028717 128.2800906127837 111.15077479126967 102.97689945569721 92.4189668409886 80.9110197194118 75.53797092502398 75.55596165738534 101.50292206373666 109.11063172921212 110.56451450748327 111.33793877904344 112.510073168011 113.71447098487135
canvas 0 3 167.43089226829017 176.2602145934344 190.9187177972964 194.22332475468 192.42161483827556 189.25894895203507 172.48668207990067 154.87352033429823 150.2854618822167 142.68297252582227 136.94464450936096 129.03083478754283 115.66017023924688 104.17954701824965 91.96267285045862 81.94355925478173 76.32133860727001 74.73998441876971 92.81587133456766 101.6190063653541 106.83597311420081 108.53046431763416 110.7284281711067 110.5709027483191
canvas 0 4 161.08674659665692 168.89020573123818 184.29351140228863 190.59133735627992 188.9076193451663 179.47810886679315 162.75131749117506 152.13703468436788 147.29084342797253 141.73519783331375 136.20411977153137 130.69397671383172 123.9784916581207 114.88704524295136 101.15312996765478 86.70085354653531 78.31008510676921 84.4408400046732 84.7036553254605 84.3444098308465 85.06813265356743 88.7763908027416 98.23127189341652 107.0370860809166
canvas 0 5 133.69652585931948 137.50701285736574 148.59777941142772 158.74169617478847 162.70248732909167 160.2108820287358 153.741248413753 148.24622355922014 144.2276328787115 139.5953568266597 135.77837893440596 132.95379759268778 131.27733853418843 132.84458075580588 128.10258726002613 118.88632160812094 107.53690675047102 95.48908466266386 85.62780646417869 71.48645229615468 70.52662822560924 71.09079889924323 74.52601319244482 86.1945739647827
canvas 0 6 126.76178657565062 127.81551482953849 134.86276044086912 143.32471084300911 146.7770106867309 146.68739698192587 145.6865288506836 143.01072001481694 139.3307337889921 135.381539677132 133.10666300510036 132.65866862542939 140.54939675977377 139.13677145382565 136.1110888109607 130.59000856119687 124.42466609819597 109.91452980080676 87.5705151809774 73.51849824610781 71.22309968241012 70.7735216817563 73.73071820898157 88.80609202032629
canvas 0 7 122.92921193742515 123.92799524711724 127.71118410791942 135.0731874824645 141.16699046755275 141.40370829605408 138.00739632625357 134.9821441939919 133.23319427274768 129.63231546705921 128.34392028953786 129.45684913154247 141.08404490729112 142.09458857643088 139.81215362828166 135.4841040726781 131.56991553981126 120.68966335512555 91.28039695406734 77.76500325455575 74.86500853724968 74.27013223873858 94.75400285688899 94.97707702151324
canvas 0 8 117.36147373706959 117.79215841591288 118.06630478497354 118.98762661859669 122.59147485227277 125.22059675887064 125.49158965618533 125.25345945514698 124.26919121382123 123.61910341174139 123.08057562479259 125.90428845160643 140.4895865042292 145.25473200375419 144.45924917325658 141.3573226357843 137.49177827933252 121.02986130082975 95.97572781601586 82.72350760707583 80.03479463544615 87.45648538070752 98.1070541770679 98.21561984492902
canvas 0 9 113.84162672068801 113.99429958916427 113.46338165526566 112.62785942124611 115.06845464184423 120.45860268449513 121.04314664324271 121.16660619185053 119.5100236103592 119.24310629699565 120.22410269911097 126.2692603959368 133.24962520708218 142.91463796003967 145.04965272527136 143.48999513964603 131.18861732488855 115.05241570712883 108.75284699749918 105.34340228859087 104.1062450979674 104.44069172956995 103.86015638054752 103.35643178543836
canvas 0 10 110.29541065051615 108.846779045414 105.11090446141067 103.2587037268566 104.97245559840633 115.95065413716982 133.7981479853647 136.38415996685188 134.17819666305206 134.4853605776517 133.58476085447023 130.38752218574902 121.98034523790248 121.68328559672925 121.44226705160885 121.84962280171408 120.44806623824961 118.43610233785073 116.34170325980371 115.07861460792967 113.76586984382811 112.1153410730932 110.56458890928648 110.36354421703065
canvas 0 11 98.12237948575275 97.53508260298379 96.51804613593059 87.64685377878526 88.50554932759012 99.9313014968135 130.15142562537764 137.98373718964606 130.7206712974442 133.97685852169485 134.09090885516258 133.6677700481189 120.156686888897 119.6152763798143 119.14262047260107 123.37051489568768 124.29888955703402 124.65218842115614 124.22237888798479 125.48169454265636 125.20409648537577 123.37274503075527 121.04311835469407 119.87255212653741
canvas 0 12 96.44260611815915 95.36997822720173 87.12537495340037 76.98855576827938 77.06057314513595 77.35361057868185 104.62053909649626 120.60950998936454 123.97991210120256 130.4988071448233 130.98479324461093 130.8539075728095 118.42209593700403 118.11721249551785 119.44303563459998 125.78405134783138 129.16686655612827 131.0336802726615 138.32537634159337 138.5440424457418 138.0214524266088 135.7153985434237 133.2007128225821 131.08426116754194
canvas 0 13 94.14227146401254 90.43220634284107 79.33649041494225 74.54349014729229 74.59742592370759 76.52184162595849 92.86518834367867 108.56071567016858 116.28704363069254 126.4226044748553 127.70679756789063 127.24743347196795 117.833924820253 118.3688508753453 122.08197937144597 132.82302338838517 133.6299901570218 140.30449394590582 145.26488690494836 148.7070807146015 148.18857178307422 144.75975567710003 142.29574826233718 142.1338460623795
canvas 0 14 95.04038523400429 90.29293193365629 80.03924181102732 74.32924234706641 77.94237601366899 84.92570644415224 85.96671891564503 96.18257424839133 106.80546789235686 121.57444584307532 124.14203556017246 119.18898390690924 117.1639558069578 121.31882055544047 128.7646219286077 136.3430436902474 137.37335230168853 147.84201387570843 161.3031624509646 167.9602082242467 167.35286360999018 160.39287251119006 152.848530506745 152.42798521339571
canvas 0 15 132.98309600936503 122.81909075427738 112.37439540840296 102.56030085142206 93.19711151738883 83.87633045735726 75.41056289692882 68.04930430623054 64.16977056587861 65.17066033199524 73.09213369183114 87.90789437073401 109.64997007268097 119.65448457485154 129.75458281042177 139.72653393687938 150.8583833144645 164.07862473720772 178.35863914995258 188.7710622994709 192.2253335103214 189.69252403300584 184.93917469675634 180.80197523494127
canvas 1 0 103.33827596383105 104.44144120694101 107.43199661642763 110.66189270652917 116.04115618086949 121.21525112150454 125.5498859882136 129.80097545228637 132.70081651805233 137.19061479685374 140.51621491817772 142.47449253832227 147.14499089625556 149.28398701266727 151.11001846304615 152.757587478219 155.59853002430432 156.06231472375373 155.43876223124417 155.06395646339536 153.17145399465636 152.1059425856274 151.85994906885196 152.46619351105576
canvas 1 1 103.72761653379382 104.61621146883323 107.8508827592297 111.96083517049456 116.06502753013865 120.49981389679542 123.7158613764474 128.07744783081256 131.01926373183736 135.6569887327752 139.10404700019333 141.69716107188856 145.64244214845468 147.82925717158807 150.35767983438106 153.10689066731246 154.37052674694465 154.73718946360236 154.48271342776468 154.69944897426836 153.19515601487404 151.9516868369081 151.37515014626086 152.3589215719264
canvas 1 2 103.5509145178563 105.21697628229208 109.10678450247106 112.03322429290635 116.63611228386999 120.46102310654722 123.71557630339137 127.7780724791473 131.0838436385428 136.53280586371517 139.98738292156935 141.9392166491852 145.92378810505312 148.1890950582386 150.68039234845156 153.83921245139075 154.92053924265156 155.02045947536965 154.4822712532044 154.71493484032288 153.73816146581413 152.14966108263238 151.88790315618934 152.7073067973556
canvas 1 3 103.205526059656 105.8962495841161 110.13089498287202 112.20663476468674 116.94071088930285 121.83554395485542 124.96078426822118 129.86973983703763 133.4857393632113 139.63629544642612 142.53251977343132 145.49264755176708 149.5624890593335 150.6422803627932 152.91895775187322 156.04153256140287 157.4712276070169 156.78440863814333 156.17703352677577 156.57155600418005 154.96501531434248 152.45041568939322 152.7194733348924 153.40116679886475
canvas 1 4 103.14378859208561 106.2861149781794 110.77087312255193 112.56601092816632 117.74323604185867 122.1615024182891 124.8541157414264 129.9245610067953 132.89725593604996 140.07043177537733 143.76228146400157 146.25602951469736 150.9670749907094 151.83427377268654 154.20193245580614 157.45808373929376 159.38563380528643 158.55204269990202 157.70905773001283 157.67054351899694 155.5257176440289 152.96616563771755 153.120743342335 154.1018486892196
canvas 1 5 103.57845566426639 106.9061440464504 111.67501255263879 113.272303129571 118.22783837102041 122.22188330236229 124.64863278179344 130.10682283611558 133.05218145083367 139.8527124356707 143.4676893385923 146.91117860144658 151.03879848754383 152.1589562811964 154.99485006168737 158.85257636245117 160.06095602092137 159.8004818183967 158.72545397253617 158.43015303352936 155.92969764546476 154.10074254938291 153.99772922076824 155.07935151897232
canvas 1 6 104.69243233928799 107.66938850625665 112.06092949280709 113.53809186386735 118.3368797025008 122.06944293640764 125.00911630649814 130.59682185471166 133.6954857696908 140.23145532221315 144.14674510278385 146.96793737801846 151.6269350525215 153.24727071390797 156.3607645198635 159.64683970069305 160.92867370225258 160.82569955987822 160.1989020581403 159.04431713151502 157.34536443397076 155.18058350617767 154.99416264066497 155.73037050972988
canvas 1 7 106.20760074042732 108.99216695286516 112.08887189460881 114.060872991625 118.29268816552552 122.120142516405 125.21971653920126 130.0695913245624 132.8802569651219 139.52232735401935 143.6670125071886 147.01683288698632 150.3518299974948 151.43365707664253 154.18697105628956 157.16072004211182 158.29367285156908 158.77357275680066 159.13150965621074 159.09493908993528 158.13332262819893 156.2966289624476 155.78198449313743 155.99054715931376
canvas 1 8 107.5717283927716 110.6300856368119 112.80971290233545 115.16559077420752 118.61473864705272 121.87823085131392 125.40430381937047 129.66880352668417 133.27547707610648 138.41546289315755 141.99800030614176 144.451536917177 147.52649948792742 148.29569119709055 150.45624118256342 152.82620236785533 153.66125434129324 154.60376001077498 155.7840688934383 156.62433029486297 156.59954643291795 155.89853607526402 155.4481265469567 155.76373198521517
canvas 1 9 109.12332187605367 111.36581953788995 114.33721779331945 116.12011030939863 119.73229179104743 122.62525098285975 125.75419984061203 129.19086876171093 132.74446622511263 136.09898263463748 139.56324824812 142.01970198205115 144.07704008684445 144.68506719627257 146.21284402224154 148.81339085171052 150.10197170429146 150.74429142830442 151.76176863356397 152.60194880553897 152.91437473846563 153.11336504576502 152.71951324158832 152.4919569567538
canvas 1 10 111.26411367682587 113.24032698512924 115.69703252067377 117.37524494377462 121.58868753701068 123.5598299371846 126.45938316521269 129.06950373548628 132.23729912950483 134.30036650063346 137.2348550754435 139.06707398486682 141.26515869769483 141.8550131324553 142.83826890746707 144.41462829339656 145.4625969437328 146.90244178321228 148.35250452832375 149.06400052031404 149.5307704861226 149.5431810723496 148.9614423755059 147.423552601558
canvas 1 11 118.3460732887653 119.2796913880714 120.52239923497206 121.640997963604 123.34432185119466 125.90855674041754 127.431741591492 129.6652829598482 131.66530409720872 133.52755296490804 135.3229387904733 136.68168514339746 137.9477478444817 139.178368043935 139.76572969716645 140.72532791291547 141.10001964566598 141.47357172517547 141.722538099915 142.2049842710294 142.16784856032103 141.76404572980832 140.93891023677844 140.2654788121836
canvas 1 12 126.37057074276984 126.45141361009804 126.48680557236013 126.55193883193175 127.27057583534071 128.04146885411527 128.66079979612113 130.5346754858897 130.79590222223354 132.18485487644898 132.7632661460772 134.10538074409294 135.2443366342368 135.4796601820465 135.91235149525738 135.9357569813263 136.0063521520192 135.3175303767028 135.18117947487002 134.57436743173048 134.42546073464428 133.63620266157596 132.89220156532207 132.19481132764793
canvas 1 13 130.1249387818504 129.10747498049113 128.86616037944663 129.40521524871426 129.6278876221775 129.8306982413808 130.7621823589846 132.10601752564577 132.2055666661514 132.6822231885048 132.44311918605737 132.86882603278704 133.2658115999532 133.14717486800518 133.265947713444 132.28877101524142 132.25337362506028 131.42594597631054 130.52526387418715 130.62030857652599 129.86709155362428 129.19807314999218 127.91849175911176 126.05346571637821
canvas 1 14 130.7384342785047 129.7821229081937 129.17389001822767 129.83675892615096 130.32257791453483 130.40988813814823 130.7242539149539 131.87347323517434 132.7678174326789 132.39652409775047 132.0676000518032 131.46957900162954 130.8411006741336 130.16750754087178 129.2159139915715 127.83481682371047 128.11079727310704 127.70271082391231 127.13259165127812 126.45010573969758 125.73601471879469 124.94732505478157 123.69799344560805 121.42330973617378
canvas 1 15 130.9319672592471 130.01626375843676 129.62627237751903 129.71362115924117 130.09220681175125 130.65126425296862 130.37392327241355 130.70225092842972 131.036935385814 130.59646356696976 130.47694852518526 129.7697559859162 128.85338464702923 128.57374246210298 126.91092449106303 124.94486487894918 123.92400465041204 123.3576889594199 122.92858320294411 121.7698361342902 120.68301214173756 120.30765172388175 120.21170395187954 120.14556401585124
canvas 2 0 152.27940090567682 151.20194489931072 148.41323785063557 145.23811618415374 139.9072227664101 134.87781064862847 130.28225038421544 125.34450057940639 121.66214379964273 117.5182992719282 114.47034357995247 112.5381096692942 109.0285120086118 107.51024310199193 105.8378693620718 105.14088441776113 104.44779632474987 104.83381581455474 103.5082650838955 102.85555624391412 102.45350656091509 102.24090829854681 102.58722315769985 103.50347402528439
canvas 2 1 151.87227258057385 151.04838637601264 147.9646408119028 143.96731234476812 139.86521944296658 135.63535705970864 132.13674474470193 127.00512861890246 123.36322552019912 119.24085805751282 116.69518620103291 114.61932408255241 111.5530070868809 108.87012402329209 106.58416086399124 105.66632586780143 105.20754652829412 105.04474444597176 103.94040075336922 102.71559174192154 102.07172642175624 102.18522523086277 102.87579130485167 103.93014442986667
canvas 2 2 152.03958768386846 150.44077190620663 146.70270175133913 143.9146785079766 139.33802110957913 135.71817189345052 132.078184267167 127.14339368954066 123.22158323319019 118.86188309754174 116.66014812618164 114.25924437969091 110.22791654868489 108.03931800306265 105.5761654871131 101.5822829592664 101.00814571312671 99.14753017293971 97.32314575483011 95.49011096591092 94.92487711219154 94.59198458415014 94.78667496074057 94.91053358441272
canvas 2 3 152.38694590328475 149.76419651860107 145.6609597164857 143.76149745524245 139.04852417755777 134.40691623523765 130.8058737767559 124.99952941034333 121.00457289626135 115.64548119380845 113.06143455127649 111.08836273046347 107.3136569286959 105.71866083587697 103.69389071329525 99.79583602427607 98.76981459667518 96.9939527979654 96.04670102117896 94.9613793731684 94.35389341896465 94.37626827692199 94.74272150132946 94.46263690487747
canvas 2 4 152.44989777576345 149.37526536375296 145.00980540965796 143.40469077023084 138.3092766818354 134.0826861219318 130.9547417545854 125.16941647802284 121.79718319466018 115.56616426809568 112.14853448681548 109.61210015331967 105.33314871493432 104.15647946662237 102.75882013858653 98.83207360002866 98.36489094630028 97.64969291840004 96.5940161705808 95.38414428408343 94.55453571848714 94.5895101220575 95.24201221592335 95.4020472665432
canvas 2 5 152.02282044435313 148.76461257911797 144.10947847434463 142.70521849063937 137.83009436935708 133.99873857633182 131.24136088666023 125.36692233466212 121.60339262313514 115.40252550244313 112.26378250900194 108.22966470838745 104.28531574498498 104.16318349847808 101.46172731554523 98.89413052493393 98.53271476991274 98.2873920518453 97.9218189786316 96.02371746599226 95.12451394094231 95.17070987502466 95.37564888583765 95.23222800611588
canvas 2 6 150.94274047010364 148.02668933619827 143.734162888058 142.4340711267493 137.71916994196 134.2496087646524 130.99240857871212 124.90693116019416 120.9023944285301 115.17032668665338 111.5030764555655 108.21968325540634 104.13989832450152 103.518310393791 100.78033110318985 98.9715493177485 98.39168549797346 99.20857918004093 98.44287141782615 97.44927006711468 96.80037945882238 96.64943810340029 95.91071998341657 95.30979794965948
canvas 2 7 149.52094281700982 146.7773888106737 143.74020715885632 141.91578059987518 137.82114517552338 134.12819594110846 130.877788339579 125.50105271621715 121.73555737187841 115.75406886660684 112.09462115267694 108.54690476719104 105.68778956232869 105.02895882256412 102.79901516065459 100.59023325753843 100.66325426393342 100.96648238490558 100.2485573681326 99.31965936312125 98.35764437946827 97.69336245335685 96.78396092804444 96.4394616802611
canvas 2 8 148.3410907521757 145.31097948223425 143.1442015642656 140.865483141212 137.53339295130172 134.34863467146067 130.79963154595572 126.13886993439434 121.4775260009842 116.98033182554055 113.68392763747444 111.37340427232017 108.70894328705562 108.36663988517167 106.69141360066017 105.13799181029376 104.56070838014504 103.99624426175022 102.49200742572202 100.93232025185331 100.03972654847523 98.73734003164472 97.97940124487592 98.44587279416119
canvas 2 9 146.91082567377921 144.6468794980697 141.6818998159395 139.9130634915509 136.36356185549604 133.5336947620555 130.38224051037676 126.60506013945326 122.39927177939248 119.25163228682811 116.1651317383097 114.16020951118101 112.35606953049616 111.79816496300506 110.72194984508829 109.14180154318336 108.38806784404119 107.56293152937205 105.72478675031226 104.6060749090351 103.7429596469162 102.47393110648414 101.84824481430958 102.59035210198388
canvas 2 10 144.7698522160414 142.78570448623148 140.32007408867898 138.6644932932098 134.48407487802606 132.5531337078356 129.6935500356814 126.81648008655861 123.23578884400361 121.20918669846947 118.34701897714294 116.6872212027825 114.75083273636983 113.83978623806064 113.18623429661258 111.84143761214555 111.66076875309832 110.89141967810072 110.08787633674923 108.28270783651482 106.95998324163219 106.55460247178625 107.39683129296502 108.52912290813018
canvas 2 11 137.66194049388966 136.72130857813917 135.47351906718492 134.36104313953845 132.67993759555893 130.16151358231596 128.71301995682077 126.34936898900142 124.02460264313436 122.22472243860324 120.6774231668394 119.2082746168635 118.33532250954308 117.10946657452733 116.49483742386667 115.80760428266208 115.60883949848498 115.64838062057945 115.00816868382601 113.98980339594652 113.921601557482 114.22636925408288 115.2196616728468 116.41352980134123
canvas 2 12 129.62117844565188 129.5273092002119 129.4792812193181 129.42165142515233 128.70935885339748 128.00574095397943 127.4937107256612 125.62753158148966 125.07909383988442 123.57809476732153 123.03615754701983 121.63234157762433 120.62043523554205 120.80041881833665 120.20283601058928 120.4747335097434 120.39509418745862 120.83463965667461 121.22750023809157 122.10087271672685 122.04727355507163 122.90173084307126 123.91950945534883 124.29430628294301
canvas 2 13 125.8637893837361 126.8516353925221 127.07293170240987 126.53861282694771 126.33888848844916 126.21467478587823 125.42186912023149 124.17065869571522 123.89279977453583 123.47365509788536 123.59822838834589 122.97587623791718 122.33650386258809 122.33889265554083 122.63805571232548 123.88330895029725 123.99884974695969 125.07880268984715 126.07232181514645 126.03389236998751 126.64816531570006 127.94390437352384 129.1046242107001 130.73299809842234
canvas 2 14 125.23895941466688 126.16729498351901 126.75710727454499 126.10117917709536 125.62356967451558 125.59215802312188 125.49201564485918 124.55145733267312 123.40726641135974 124.0104988764459 124.31871840346628 124.74594904540864 125.24397817392172 125.71179596606959 126.61848799628885 128.0757878200448 128.14551212446392 128.92318635598878 129.87567942452378 130.64800496474896 131.5402579316078 132.14209107202586 133.27592901196044 135.54914928017044
canvas 2 15 125.04091538205438 125.9324413060548 126.30217469651186 126.20577113910466 125.80756598414786 125.27291359303194 125.7526852433622 125.74222775472467 125.2889315285056 125.9105848587379 126.02943140304504 126.66082461106039 127.41743565617476 127.56284078490603 129.23969913722192 131.1138004932394 132.26903957078468 132.57429187380004 133.02051703368778 134.5458751278936 135.80114904207412 136.2425573930849 136.6401831634868 136.67339413042686
constants method=tgv centres_tested=6.582230959360297e-13 centres_reference=3.011296199425452e-14 tau=0.9330261158225017 sigma=0.09330261158225017 rho=1.9 root=0.9949874371066201 gamma_max=1.0 lipschitz=293.82337649086304 dual_lipschitz=13892.148573924784 dual_centres=0.0006030605528219007 weight_max=4.444444444444444e-06 dual_reach=4911.6162309366155 dual_fixed=0.5670000000000002 xi_bound=96.00000000000009 xi_terms_bound=543.0580079512685 cells=1 vector_terms=2 tensor_terms=3 primal_terms=3484 dual_terms=1160 dual_rounding=24
start SI0=5239.039251222181 ScenA=6.582230959360297e-13 ScenR=3.011296199425452e-14 Sgx0=360.39438365417
majorant 0 ME=78.7212503947315 Ma=1.4708637842208818e-13 Mb=36.3237715682744 McenA=1.1428390803970448e-18 McenR=8.488343356201553e-20 Md=0.0 Mf=30343.417550480674 Mg=64.48959482833996 Mh=0.0 Mi=5239.039251222182 Mmean=0.0 Mp=1.4708637842208818e-13 Mphi=4368.536023030741 Mput=0.0 Mq=286.85120609584226 Mr=28.912989809491307 Mrp=2.7946411900196753e-13 Mrr=54.93468063803348 Mrw=1009.1042742316758 Mrx=12231.900864486075 Mw=360.39438365417 Mwbar=32.24479741416998 Mx=4368.536023030741
majorant 1 ME=59.76589664182506 Ma=13.720852381351188 Mb=71.24261121324209 McenA=1.1428390803970448e-18 McenR=8.488343356201553e-20 Md=5.089103758993283e-13 Mf=30343.41755048069 Mg=55.32345778674399 Mh=112.21073827902644 Mi=5239.039251222189 Mmean=0.0 Mp=12.224607358316419 Mphi=4368.536023030743 Mput=0.0 Mq=286.85120609584243 Mr=38.984348878142214 Mrp=23.226753980801313 Mrr=121.82151828941657 Mrw=914.282910723166 Mrx=12231.900864486082 Mw=360.39438365417 Mwbar=23.976456404191346 Mx=4368.536023030743
majorant 2 ME=59.76773401845408 Ma=26.685285817321212 Mb=44.550910591853025 McenA=1.1428390803970448e-18 McenR=8.488343356201553e-20 Md=48.81076080737016 Mf=30342.46898727553 Mg=51.44176628277575 Mh=79.58130474738196 Mi=5246.027980173373 Mmean=0.0 Mp=16.835810495223146 Mphi=4367.426051641545 Mput=0.0 Mq=286.59328067159373 Mr=39.15478657970968 Mrp=51.9063871162091 Mrr=101.20918245440309 Mrw=771.1701775032277 Mrx=12229.711032303221 Mw=277.8578672803959 Mwbar=24.163680259608697 Mx=4368.536023030745
majorant 3 ME=49.25696280053201 Ma=24.189788353408403 Mb=60.051236967482886 McenA=1.1428390803970448e-18 McenR=8.488343356201553e-20 Md=33.499528863535964 Mf=30341.18214695226 Mg=46.37923094030065 Mh=110.92328858755236 Mi=5257.870225586914 Mmean=0.0 Mp=17.77458915590854 Mphi=4366.222981179659 Mput=0.0 Mq=286.54079553026327 Mr=41.50581102096648 Mrp=46.39104107347395 Mrr=122.8129642484437 Mrw=717.1129137140101 Mrx=12226.057067126289 Mw=274.5019660714267 Mwbar=19.68803012334347 Mx=4366.653623408013
majorant 4 ME=47.75874920658048 Ma=31.97761267620898 Mb=45.22774050418745 McenA=1.1428390803970448e-18 McenR=8.488343356201553e-20 Md=48.039712542563336 Mf=30339.782881284693 Mg=44.84440919904546 Mh=89.69292137960666 Mi=5275.967027534638 Mmean=0.0 Mp=19.241924040247433 Mphi=4365.317398968233 Mput=0.0 Mq=286.44951281966667 Mr=41.51230717084134 Mrp=56.18835973125698 Mrr=111.69990539240968 Mrw=634.1740824946102 Mrx=12224.471634245589 Mw=229.9832887453479 Mwbar=19.186521610025785 Mx=4366.173078550702
majorant 5 ME=40.718335344872116 Ma=29.909195732688037 Mb=54.11698393021356 McenA=1.1428390803970448e-18 McenR=8.488343356201553e-20 Md=38.1047551649705 Mf=30338.033199470377 Mg=41.888446624605216 Mh=106.219317552583 Mi=5302.628194508595 Mmean=0.0 Mp=20.070004022849066 Mphi=4364.944023796077 Mput=0.0 Mq=286.43818962261173 Mr=42.93301950029191 Mrp=54.15126070214852 Mrr=123.69365187032416 Mrw=589.8357739993683 Mrx=12223.044283169622 Mw=222.57037743383154 Mwbar=16.264783537002174 Mx=4365.452857920751
majorant 6 ME=39.169667462849674 Ma=35.366845200402565 Mb=46.05627937008567 McenA=1.1428390803970448e-18 McenR=8.488343356201553e-20 Md=47.29513340433962 Mf=30336.007983886757 Mg=40.6327351212246 Mh=95.12716576826399 Mi=5325.0451622459395 Mmean=0.0 Mp=20.793179261123182 Mphi=4364.421836172694 Mput=0.0 Mq=286.35345729004143 Mr=43.13363361111318 Mrp=59.82761693183523 Mrr=118.16951202363722 Mrw=532.724203491229 Mrx=12222.12609707326 Mw=193.77586091453279 Mwbar=15.698712540047623 Mx=4365.300688974267
majorant 7 ME=35.21360534901838 Ma=33.86279634803469 Mb=51.16051039392955 McenA=1.1428390803970448e-18 McenR=8.488343356201553e-20 Md=39.796841592621526 Mf=30333.827701988233 Mg=38.958456512040925 Mh=103.74458517272072 Mi=5351.30552615088 Mmean=0.0 Mp=21.393291811253633 Mphi=4364.015119394248 Mput=0.0 Mq=286.34131945150926 Mr=44.27120060924791 Mrp=58.498416547467706 Mrr=125.6471951736566 Mrw=500.641438970623 Mrx=12220.812244232722 Mw=186.0417476302393 Mwbar=14.032699237936841 Mx=4364.652891800253
majorant 8 ME=34.231964590880956 Ma=38.48467438353359 Mb=47.1658984090402 McenA=1.1428390803970448e-18 McenR=8.488343356201553e-20 Md=47.098290592996044 Mf=30331.552809050794 Mg=37.965048762083924 Mh=97.59825299375808 Mi=5365.631711562768 Mmean=0.0 Mp=22.402110138918303 Mphi=4363.540105465987 Mput=0.0 Mq=286.2510156130367 Mr=44.95442987666524 Mrp=63.405419705360934 Mrr=124.11680399175235 Mrw=465.75634200034034 Mrx=12219.787852093597 Mw=168.84059499643442 Mwbar=13.658428611362485 Mx=4364.4853106277815
majorant 9 ME=31.99588928941175 Ma=37.62500602679084 Mb=50.63781693893916 McenA=1.1428390803970448e-18 McenR=8.488343356201553e-20 Md=42.61895627017571 Mf=30329.39005644542 Mg=37.23558954957002 Mh=102.22368749600754 Mi=5364.86733014158 Mmean=0.0 Mp=23.736344539763103 Mphi=4362.992384594641 Mput=0.0 Mq=286.22343017340006 Mr=46.178860816403116 Mrp=65.03449738771832 Mrr=129.9555234335493 Mrw=445.88490825883156 Mrx=12218.115073359195 Mw=163.39648937696452 Mwbar=12.731584066136508 Mx=4363.753545569658
majorant 10 ME=31.29185322500011 Ma=41.45842781022396 Mb=49.0675834351177 McenA=1.1428390803970448e-18 McenR=8.488343356201553e-20 Md=48.19730986004055 Mf=30327.53878202459 Mg=36.604984687756016 Mh=99.83843153171287 Mi=5356.86512374995 Mmean=0.0 Mp=24.876094667778613 Mphi=4362.382368125109 Mput=0.0 Mq=286.14151195743483 Mr=47.10953151507867 Mrp=70.13053545962326 Mrr=130.6781001055246 Mrw=426.2377858908551 Mrx=12216.710163388108 Mw=153.73698648932057 Mwbar=12.507892874105705 Mx=4363.396003317986
majorant 11 ME=29.928653291576182 Ma=40.111875153827704 Mb=51.64099993267437 McenA=1.1428390803970448e-18 McenR=8.488343356201553e-20 Md=44.124642350020125 Mf=30326.15632231924 Mg=36.352070903345535 Mh=102.61553210385824 Mi=5353.966526814138 Mmean=0.0 Mp=25.48963675120887 Mphi=4361.796290900984 Mput=0.0 Mq=286.1164884344406 Mr=48.24308056152243 Mrp=70.59642376888388 Mrr=135.27356042209567 Mrw=415.4648309420623 Mrx=12214.970201889917 Mw=150.7503945009179 Mwbar=11.959932417223362 Mx=4362.635651595079
majorant 12 ME=29.342325921824962 Ma=42.399022859643075 Mb=51.20368629526072 McenA=1.1428390803970448e-18 McenR=8.488343356201553e-20 Md=47.79008286026839 Mf=30325.121048830926 Mg=35.90078660198287 Mh=101.4160168927005 Mi=5355.624325998146 Mmean=0.0 Mp=25.862422718014113 Mphi=4361.243767948978 Mput=0.0 Mq=286.1262447158174 Mr=49.31327175817498 Mrp=72.91079174782912 Mrr=137.0615024472377 Mrw=404.56800323383044 Mrx=12214.207542460104 Mw=145.38985838924714 Mwbar=11.797155884855856 Mx=4362.261022747975
majorant 13 ME=28.229259333465098 Ma=40.97890951280158 Mb=53.41690496487113 McenA=1.1428390803970448e-18 McenR=8.488343356201553e-20 Md=44.941657795196726 Mf=30327.575954445514 Mg=35.775448357123544 Mh=103.9110059164772 Mi=5358.713028700524 Mmean=0.0 Mp=26.064050408015753 Mphi=4361.293813906787 Mput=0.0 Mq=286.10400181309006 Mr=50.50177060840176 Mrp=72.47746219527089 Mrr=141.31776186842438 Mrw=398.0576519911079 Mrx=12213.76539202873 Mw=143.73688333930968 Mwbar=11.366538522983845 Mx=4362.167760029361
majorant 14 ME=27.56858701814217 Ma=42.55908821859744 Mb=53.602832158180824 McenA=1.1428390803970448e-18 McenR=8.488343356201553e-20 Md=47.82432379121351 Mf=30326.8641738117 Mg=35.322701577161524 Mh=104.21786964367276 Mi=5353.716647563344 Mmean=0.0 Mp=26.20937087741164 Mphi=4360.86462361549 Mput=0.0 Mq=286.11691186415 Mr=51.604693523579506 Mrp=73.82713524898958 Mrr=143.65040568407227 Mrw=390.6891646475124 Mrx=12213.179332490037 Mw=140.19484012510452 Mwbar=11.178615917967765 Mx=4361.887801090869
majorant 15 ME=26.59032845770297 Ma=41.30785998719431 Mb=55.448272299162625 McenA=1.1428390803970448e-18 McenR=8.488343356201553e-20 Md=45.618473619321506 Mf=30328.977041696213 Mg=35.15573648441619 Mh=106.03043821516742 Mi=5341.20173384319 Mmean=0.0 Mp=26.25767337563748 Mphi=4360.889868108041 Mput=0.0 Mq=286.1104900733598 Mr=52.74729548883372 Mrp=73.1835615722102 Mrr=147.4685798644433 Mrw=386.42564533939276 Mrx=12212.895288219006 Mw=139.12041529994679 Mwbar=10.80660826946149 Mx=4361.800782390026
majorant 16 ME=26.13551685543838 Ma=42.42886936425582 Mb=55.91409058145484 McenA=1.1428390803970448e-18 McenR=8.488343356201553e-20 Md=47.600305195253206 Mf=30328.40199248505 Mg=34.76317869544834 Mh=106.54456024362975 Mi=5330.919927937049 Mmean=0.0 Mp=26.33896471459314 Mphi=4360.639478688847 Mput=0.0 Mq=286.12241671730897 Mr=53.816819452481745 Mrp=74.05753416294684 Mrr=149.9756617706217 Mrw=381.63972541834147 Mrx=12212.607959256631 Mw=136.71493313113317 Mwbar=10.665940527032319 Mx=4361.6697382553
majorant 17 ME=25.54526423203415 Ma=41.48933759937232 Mb=57.45389217029012 McenA=1.1428390803970448e-18 McenR=8.488343356201553e-20 Md=45.912115460290025 Mf=30329.685828186066 Mg=34.70495710938223 Mh=107.97958955779728 Mi=5324.671307752157 Mmean=0.0 Mp=26.420528301359635 Mphi=4360.678664140875 Mput=0.0 Mq=286.1141850554784 Mr=54.72015310515315 Mrp=73.69226271893505 Mrr=153.07893404057862 Mrw=379.2007622509757 Mrx=12212.362833592892 Mw=136.2039632614124 Mwbar=10.411194930321727 Mx=4361.617075159217
majorant 18 ME=25.355209503468977 Ma=42.44541323986085 Mb=57.70566708714108 McenA=1.1428390803970448e-18 McenR=8.488343356201553e-20 Md=47.95349244697248 Mf=30328.715017496943 Mg=34.4798739736419 Mh=108.34639236866543 Mi=5323.651117495963 Mmean=0.0 Mp=26.413934296191716 Mphi=4360.436242261261 Mput=0.0 Mq=286.11892860515206 Mr=55.460459899871445 Mrp=74.27203354464675 Mrr=154.78673994524482 Mrw=376.27124240273355 Mrx=12212.005952533162 Mw=134.60317003645036 Mwbar=10.358869297846947 Mx=4361.465687164909
majorant 19 ME=24.977068910507025 Ma=41.648257517917656 Mb=58.733047251621684 McenA=1.1428390803970448e-18 McenR=8.488343356201553e-20 Md=46.53186246258346 Mf=30329.316320640988 Mg=34.45330114213734 Mh=109.06897329106187 Mi=5325.919734061024 Mmean=0.0 Mp=26.33822413988494 Mphi=4360.431107891207 Mput=0.0 Mq=286.064283717956 Mr=56.051881381370606 Mrp=73.5723322681619 Mrr=156.89257488928686 Mrw=375.3203279678334 Mrx=12211.385833796208 Mw=134.56261408780838 Mwbar=10.204422750482355 Mx=4361.3795252891505
majorant 20 ME=24.92399742590233 Ma=42.35902035570741 Mb=58.791291936363926 McenA=1.1428390803970448e-18 McenR=8.488343356201553e-20 Md=47.876302507058355 Mf=30326.118050168494 Mg=34.27118751818066 Mh=109.10574513039123 Mi=5327.327602042915 Mmean=0.0 Mp=26.26507579034194 Mphi=4359.892477997954 Mput=0.0 Mq=286.07630089985173 Mr=56.581464860488346 Mrp=73.79791774677797 Mrr=158.02466706046846 Mrw=374.3302032300005 Mrx=12210.563305223786 Mw=133.71403279491636 Mwbar=10.202199929894293 Mx=4360.911689880165
majorant 21 ME=24.631837146960702 Ma=41.71626815993201 Mb=59.65067918074973 McenA=1.1428390803970448e-18 McenR=8.488343356201553e-20 Md=46.58395707298872 Mf=30326.975311216116 Mg=34.237821503660484 Mh=109.66677932693527 Mi=5330.13078831653 Mmean=0.0 Mp=26.206803926134995 Mphi=4359.974421543408 Mput=0.0 Mq=286.0387882547609 Mr=57.096980323486314 Mrp=73.23068876135426 Mrr=159.79319485948375 Mrw=374.78536671179137 Mrx=12210.264350183385 Mw=134.19697913114007 Mwbar=10.08878271734642 Mx=4360.929161742468
majorant 22 ME=24.509170013919817 Ma=42.32334005274419 Mb=59.814820043263964 McenA=1.1428390803970448e-18 McenR=8.488343356201553e-20 Md=47.58489657519114 Mf=30324.801810124078 Mg=34.08847476923357 Mh=109.79227737559049 Mi=5330.990549800624 Mmean=0.0 Mp=26.162115694756807 Mphi=4359.585756042282 Mput=0.0 Mq=286.04494749226285 Mr=57.590612936024975 Mrp=73.44973736897585 Mrr=160.9065129238269 Mrw=374.04501529559406 Mrx=12209.489819718505 Mw=133.73277962557907 Mwbar=10.072031999603892 Mx=4360.596754405958
majorant 23 ME=24.199950393070797 Ma=41.85360216319299 Mb=60.575133013649854 McenA=1.1428390803970448e-18 McenR=8.488343356201553e-20 Md=46.72268971772524 Mf=30324.272031107386 Mg=34.02659056363917 Mh=110.29257921493861 Mi=5330.906652670672 Mmean=0.0 Mp=26.13446051610853 Mphi=4359.462654701282 Mput=0.0 Mq=286.03130818674975 Mr=57.975348968813556 Mrp=73.04113418947385 Mrr=162.3227757184202 Mrw=372.9596139911251 Mrx=12209.030857235459 Mw=133.7697155520653 Mwbar=9.949420850487568 Mx=4360.420012654894
majorant 24 ME=24.046265214701254 Ma=42.387626418974506 Mb=60.581437568713625 McenA=1.1428390803970448e-18 McenR=8.488343356201553e-20 Md=47.663216124714445 Mf=30323.49533226472 Mg=33.85321280081755 Mh=110.2463884770321 Mi=5329.703255399243 Mmean=0.0 Mp=26.142664982746467 Mphi=4359.276399669853 Mput=0.0 Mq=286.05597869223146 Mr=58.26073354228418 Mrp=73.32916918188165 Mrr=162.90557912553032 Mrw=369.8914830474792 Mrx=12208.833357203779 Mw=132.568531119232 Mwbar=9.901669326215396 Mx=4360.278517258355
majorant 25 ME=23.726464520837514 Ma=42.06594029756629 Mb=61.04150036545434 McenA=1.1428390803970448e-18 McenR=8.488343356201553e-20 Md=46.937030002396696 Mf=30324.386539925395 Mg=33.80689503058688 Mh=110.3800257624601 Mi=5327.709432111684 Mmean=0.0 Mp=26.21566557670919 Mphi=4359.377837378331 Mput=0.0 Mq=286.0450434188527 Mr=58.458434223121614 Mrp=73.23831745919416 Mrr=163.72775208731164 Mrw=366.36190983052103 Mrx=12208.82045133357 Mw=131.64011999735823 Mwbar=9.761110130591831 Mx=4360.335812067568
majorant 26 ME=23.49455736110837 Ma=42.57438253501978 Mb=60.90633611854484 McenA=1.1428390803970448e-18 McenR=8.488343356201553e-20 Md=47.682501508011384 Mf=30323.75721868459 Mg=33.681939409652855 Mh=110.16676056070318 Mi=5327.571404076801 Mmean=0.0 Mp=26.338102845554918 Mphi=4359.227423664043 Mput=0.0 Mq=286.0687829310553 Mr=58.56974239817776 Mrp=73.80146886062481 Mrr=163.87245382285553 Mrw=361.52179163121735 Mrx=12208.689208787664 Mw=129.7613709882984 Mwbar=9.678173026342746 Mx=4360.219910468807
majorant 27 ME=23.153830846527367 Ma=42.34675956550613 Mb=61.13744910386618 McenA=1.1428390803970448e-18 McenR=8.488343356201553e-20 Md=47.123179819600146 Mf=30324.66558754639 Mg=33.61094556680109 Mh=110.27197155108252 Mi=5329.957770128104 Mmean=0.0 Mp=26.458073964769167 Mphi=4359.341785892743 Mput=0.0 Mq=286.0603096658555 Mr=58.628037436910574 Mrp=73.93912550860735 Mrr=164.22991287165263 Mrw=356.9165632869587 Mrx=12208.742884584868 Mw=128.27920065033416 Mwbar=9.53290224981827 Mx=4360.297828973175
majorant 28 ME=22.953740106322687 Ma=42.73840501178772 Mb=60.96838792458109 McenA=1.1428390803970448e-18 McenR=8.488343356201553e-20 Md=47.83078620486881 Mf=30324.224893328377 Mg=33.497168341552275 Mh=110.3046118742452 Mi=5330.437352293772 Mmean=0.0 Mp=26.530034768929962 Mphi=4359.226710994255 Mput=0.0 Mq=286.0784907978192 Mr=58.698751328521496 Mrp=74.35827983953801 Mrr=164.24010830010232 Mrw=352.1006446754063 Mrx=12208.65447860797 Mw=126.32439085668011 Mwbar=9.45560610468993 Mx=4360.212024709749
majorant 29 ME=22.698650213711968 Ma=42.49876638183478 Mb=61.22282762864097 McenA=1.1428390803970448e-18 McenR=8.488343356201553e-20 Md=47.43176944915994 Mf=30324.97802845521 Mg=33.46379916399692 Mh=110.72639592265426 Mi=5329.448304353253 Mmean=0.0 Mp=26.605299717665194 Mphi=4359.318348867155 Mput=0.0 Mq=286.0713364130793 Mr=58.80323130290172 Mrp=74.37225010049453 Mrr=164.6706516611161 Mrw=348.0853751180134 Mrx=12208.699315690807 Mw=124.96711065548527 Mwbar=9.34433614576456 Mx=4360.278162850054
majorant 30 ME=22.552165599272772 Ma=42.82134517229849 Mb=61.183576253749834 McenA=1.1428390803970448e-18 McenR=8.488343356201553e-20 Md=47.99467714488571 Mf=30324.540641333428 Mg=33.36007401392353 Mh=111.02675209006955 Mi=5329.651661611391 Mmean=0.0 Mp=26.743322387413652 Mphi=4359.214443289546 Mput=0.0 Mq=286.08718181885644 Mr=58.91286079418896 Mrp=74.88310256097148 Mrr=164.8479767921765 Mrw=344.140859475614 Mrx=12208.611354976796 Mw=123.35355083497318 Mwbar=9.295724137659567 Mx=4360.203642630465
majorant 31 ME=22.366513717610125 Ma=42.69837931505594 Mb=61.428828403683134 McenA=1.1428390803970448e-18 McenR=8.488343356201553e-20 Md=47.70985795148903 Mf=30324.96732259317 Mg=33.3265278885402 Mh=111.51573566590427 Mi=5328.0187334384245 Mmean=0.0 Mp=26.941545125439294 Mphi=4359.276898340215 Mput=0.0 Mq=286.08255337072865 Mr=59.031431534123115 Mrp=75.27462377268503 Mrr=165.28734763920485 Mrw=341.07068073478774 Mrx=12208.59859106576 Mw=122.2857822228225 Mwbar=9.223237801889201 Mx=4360.249616149126
majorant 32 ME=22.284274308135107 Ma=43.03385207753355 Mb=61.43757717850891 McenA=1.1428390803970448e-18 McenR=8.488343356201553e-20 Md=48.19590138247063 Mf=30324.21558410044 Mg=33.262886587059285 Mh=111.76533658363205 Mi=5326.773664381549 Mmean=0.0 Mp=27.150476592100837 Mphi=4359.156089250025 Mput=0.0 Mq=286.09675078088986 Mr=59.1589973545237 Mrp=75.99640954907376 Mrr=165.5385430044217 Mrw=338.34935718155555 Mrx=12208.412508218918 Mw=121.11635690797885 Mwbar=9.200685340313804 Mx=4360.154169331525
majorant 33 ME=22.170890920484617 Ma=42.958633315263064 Mb=61.67390435038108 McenA=1.1428390803970448e-18 McenR=8.488343356201553e-20 Md=47.949467898756936 Mf=30323.960404854533 Mg=33.24770813871385 Mh=112.1565865661663 Mi=5327.114776367262 Mmean=0.0 Mp=27.34955472882907 Mphi=4359.156551954188 Mput=0.0 Mq=286.09464342127364 Mr=59.30945723855386 Mrp=76.43994903182761 Mrr=166.03335094638402 Mrw=336.5440739868902 Mrx=12208.237162940753 Mw=120.48621081476597 Mwbar=9.153818970870942 Mx=4360.140246125794
majorant 34 ME=22.119106311023288 Ma=43.22638645235332 Mb=61.74503091449412 McenA=1.1428390803970448e-18 McenR=8.488343356201553e-20 Md=48.33715479291095 Mf=30322.7053567318 Mg=33.196296716489584 Mh=112.41510770310359 Mi=5327.023251873749 Mmean=0.0 Mp=27.492958892776674 Mphi=4358.9875719327265 Mput=0.0 Mq=286.0934114671582 Mr=59.46211886651749 Mrp=76.9916366039628 Mrr=166.39206212521358 Mrw=335.1122134363124 Mrx=12207.774791996248 Mw=119.80830961349821 Mwbar=9.14054148728059 Mx=4359.990051961728
majorant 35 ME=22.01012263051815 Ma=43.122532727056665 Mb=61.9667328481839 McenA=1.1428390803970448e-18 McenR=8.488343356201553e-20 Md=48.15984358033131 Mf=30321.170402678996 Mg=33.197705244915156 Mh=112.7655930963838 Mi=5325.381394748919 Mmean=0.0 Mp=27.568732198146797 Mphi=4358.809301388439 Mput=0.0 Mq=286.082606139783 Mr=59.62493278517985 Mrp=77.12844790286125 Mrr=166.89922992182423 Mrw=334.46380527715473 Mrx=12207.083173446701 Mw=119.598333493208 Mwbar=9.097315935685472 Mx=4359.79798268248
majorant 36 ME=21.93718726807394 Ma=43.29523419583014 Mb=62.074393011451406 McenA=1.1428390803970448e-18 McenR=8.488343356201553e-20 Md=48.48108195623633 Mf=30318.586477121746 Mg=33.17498795085868 Mh=113.05903269787858 Mi=5327.123184582138 Mmean=0.0 Mp=27.617394490772554 Mphi=4358.4486300533235 Mput=0.0 Mq=286.08101591617094 Mr=59.792348111913846 Mrp=77.35698133221057 Mrr=167.31779486343527 Mrw=333.99885769950424 Mrx=12206.248361549218 Mw=119.32309820421806 Mwbar=9.073480978860072 Mx=4359.451538428638
majorant 37 ME=21.82216115229532 Ma=43.200000384361616 Mb=62.29306951270141 McenA=1.1428390803970448e-18 McenR=8.488343356201553e-20 Md=48.31959000100845 Mf=30316.956876434346 Mg=33.173781241181736 Mh=113.34747736456211 Mi=5328.292884908068 Mmean=0.0 Mp=27.666462310370587 Mphi=4358.24640949779 Mput=0.0 Mq=286.06792216272964 Mr=59.95373623319814 Mrp=77.41058924968675 Mrr=167.82042873478116 Mrw=334.02401802749745 Mrx=12205.45031478553 Mw=119.35867130654862 Mwbar=9.024413300837466 Mx=4359.239509175849
majorant 38 ME=21.780608083403838 Ma=43.344811865968346 Mb=62.39896155499686 McenA=1.1428390803970448e-18 McenR=8.488343356201553e-20 Md=48.64451821827307 Mf=30314.006240886825 Mg=33.145609726345036 Mh=113.60542760974667 Mi=5327.970879196636 Mmean=0.0 Mp=27.714898254005252 Mphi=4357.81536138484 Mput=0.0 Mq=286.06291116130876 Mr=60.10930280353452 Mrp=77.62102152559987 Mrr=168.2155517833379 Mrw=334.3100180137187 Mrx=12204.414649960818 Mw=119.3288043170547 Mwbar=9.006252700803493 Mx=4358.822385967963
majorant 39 ME=21.733147980627496 Ma=43.270898819584275 Mb=62.597196192854575 McenA=1.1428390803970448e-18 McenR=8.488343356201553e-20 Md=48.599734042018945 Mf=30312.011151208222 Mg=33.14169461571936 Mh=113.90102733503986 Mi=5327.435897395275 Mmean=0.0 Mp=27.750509538190567 Mphi=4357.536428573991 Mput=0.0 Mq=286.0508273827988 Mr=60.25761279185344 Mrp=77.66314201425861 Mrr=168.6737588380204 Mrw=335.3503628474496 Mrx=12203.52339278067 Mw=119.67989091031754 Mwbar=8.98203019451226 Mx=4358.536963989084
recordbound 0 Dabs=0.0 Lcen=0.0 Lzeta=0.0 P=14843.559112816018 Zdot=0.0
recordbound 20 Dabs=16911.873825058334 Lcen=0.00018241232104007987 Lzeta=0.00018241232104007987 P=5956.001418363395 Zdot=2367407.332940698
recordbound 40 Dabs=14504.05001581522 Lcen=0.00019130446032934482 Lzeta=0.00019130446032934482 P=5469.613823656573 Zdot=3264465.3996612034
stop 40 iterations
tolerance canvas 2.5871012172845504e-07
tolerance record 0 2.7493550714879952e-08 1.5749311804438328e-07 -1.0
tolerance record 20 3.763288830502365e-05 1.506176731488759e-07 -1.0
tolerance record 40 7.601941065449928e-05 1.5024140204940924e-07 -1.0
