# A conformance case of JPEG-Unround, written by conformance/generate.py: the quantized
# coefficients of a picture and the options of its reconstruction; what the Python
# implementation made of them; the exact centres; and what bounds the rounding of that
# run, from which conformance/bounds.py computes the tolerances at the end (docs/math.md, 9).
# Each line is a keyword and its values. Numbers are decimal, each double the shortest
# decimal that reads back as it; an exact centre is hi:lo, two doubles whose sum is the
# value to about 2^-106 of it.
name grey-tv
picture 21 30 grayscale
component 0 1 1 3 4
table 0 32 22 20 32 48 80 102 122 24 24 28 38 52 116 120 110 28 26 32 48 80 114 138 112 28 34 44 58 102 174 160 124 36 44 74 112 136 218 206 154 48 70 110 128 162 208 226 184 98 128 156 174 206 242 240 202 144 184 190 196 224 200 206 198
levels 0 0 -6 7 -2 1 0 0 0 0 1 4 -1 1 0 0 0 0 0 -1 0 0 0 0 0 0 -1 0 0 0 0 0 0 0 1 0 0 0 0 0 0 0 0 0 0 0 0 0 0 0 0 0 0 0 0 0 0 0 0 0 0 0 0 0 0 0 -6 -9 1 0 0 0 0 0 -5 0 0 -1 0 0 0 0 2 0 0 0 0 0 0 0 0 0 0 0 0 0 0 0 -1 1 0 0 0 0 0 0 0 0 0 0 0 0 0 0 0 0 0 0 0 0 0 0 0 0 0 0 0 0 0 0 9 -2 -3 0 0 0 0 0 8 -4 -3 -1 0 0 0 0 -3 2 1 0 0 0 0 0 0 1 0 0 0 0 0 0 0 -1 0 0 0 0 0 0 0 0 0 0 0 0 0 0 0 0 0 0 0 0 0 0 0 0 0 0 0 0 0 0 -6 4 2 0 0 0 0 0 -2 5 -1 0 0 0 0 0 1 -2 0 0 0 0 0 0 0 0 0 0 0 0 0 0 0 0 0 0 0 0 0 0 0 0 0 0 0 0 0 0 0 0 0 0 0 0 0 0 0 0 0 0 0 0 0 0
levels 0 1 5 -7 1 -1 0 0 0 0 -5 1 0 0 0 0 0 0 -1 3 -1 0 0 0 0 0 -2 0 0 0 0 0 0 0 0 1 0 0 0 0 0 0 0 0 0 0 0 0 0 0 0 0 0 0 0 0 0 0 0 0 0 0 0 0 0 0 4 10 -1 0 0 0 0 0 0 -5 1 1 0 0 0 0 -2 -5 0 1 0 0 0 0 1 0 0 0 0 0 0 0 -1 -1 0 0 0 0 0 0 1 1 0 0 0 0 0 0 0 0 0 0 0 0 0 0 0 0 0 0 0 0 0 0 -12 2 2 0 0 0 0 0 2 2 1 1 0 0 0 0 4 0 0 0 0 0 0 0 -1 1 0 0 0 0 0 0 1 0 0 0 0 0 0 0 -1 0 0 0 0 0 0 0 0 0 0 0 0 0 0 0 0 0 0 0 0 0 0 0 3 -5 -2 0 0 0 0 0 -1 -1 1 0 0 0 0 0 -4 -1 2 0 0 0 0 0 1 0 0 0 0 0 0 0 -1 0 0 0 0 0 0 0 1 1 0 0 0 0 0 0 0 0 0 0 0 0 0 0 0 0 0 0 0 0 0 0
levels 0 2 -3 4 -1 1 0 0 0 0 12 -1 -2 0 0 0 0 0 0 0 0 0 0 0 0 0 -1 -1 0 0 0 0 0 0 0 0 0 0 0 0 0 0 1 0 0 0 0 0 0 0 0 0 0 0 0 0 0 0 0 0 0 0 0 0 0 0 -3 -5 0 1 0 0 0 0 0 8 -1 -1 0 0 0 0 0 0 0 0 0 0 0 0 1 0 0 0 0 0 0 0 0 0 0 0 0 0 0 0 0 0 0 0 0 0 0 0 0 0 0 0 0 0 0 0 0 0 0 0 0 0 0 0 3 0 -1 0 0 0 0 0 -5 -4 -2 -1 0 0 0 0 0 0 0 0 0 0 0 0 -1 1 1 0 0 0 0 0 0 0 0 0 0 0 0 0 0 0 0 0 0 0 0 0 0 0 0 0 0 0 0 0 0 0 0 0 0 0 0 0 -4 0 2 -1 0 0 0 0 0 -2 -1 0 0 0 0 0 0 0 0 0 0 0 0 0 0 -1 1 0 0 0 0 0 0 0 0 0 0 0 0 0 0 0 0 0 0 0 0 0 0 0 0 0 0 0 0 0 0 0 0 0 0 0 0 0
options --method tv --alpha 1.0 --alpha1 1.0 --alpha0 2.0 --channels coupled --mu 0.001 --mu-scale 1.0 --mu-power 1.0 --weight-power 2.0 --dc-weight 0.0 --centres mmse --slack 0.0 --slack-cost 0.0 --relative-tolerance 0.0 --partial-tolerance 0.0 --step-product 0.99 --record-every 10 --free-radius 255.0 --iterations 100 --tolerance 0.0 --subgradient-iterations 50 --subgradient-record-every 1 --subgradient-step 0.5 --subgradient-decay 0.5
steps 1.9267848867997692 0.06422616289332565
weights 0 0.0 2.066115702479339e-06 2.5e-06 9.765625e-07 4.340277777777778e-07 1.5625e-07 9.611687812379854e-08 6.718624025799516e-08 1.7361111111111112e-06 1.7361111111111112e-06 1.2755102040816327e-06 6.925207756232687e-07 3.698224852071006e-07 7.431629013079668e-08 6.944444444444444e-08 8.264462809917355e-08 1.2755102040816327e-06 1.4792899408284024e-06 9.765625e-07 4.340277777777778e-07 1.5625e-07 7.694675284702986e-08 5.2509976895610165e-08 7.971938775510204e-08 1.2755102040816327e-06 8.650519031141868e-07 5.165289256198347e-07 2.972651605231867e-07 9.611687812379854e-08 3.3029462280354074e-08 3.90625e-08 6.503642039542144e-08 7.71604938271605e-07 5.165289256198347e-07 1.8261504747991236e-07 7.971938775510204e-08 5.4065743944636676e-08 2.1041999831664e-08 2.3564897728343858e-08 4.2165626581210995e-08 4.340277777777778e-07 2.0408163265306124e-07 8.264462809917355e-08 6.103515625e-08 3.8103947568968145e-08 2.3113905325443787e-08 1.95786670843449e-08 2.953686200378072e-08 1.0412328196584757e-07 6.103515625e-08 4.10913872452334e-08 3.3029462280354074e-08 2.3564897728343858e-08 1.707533638412677e-08 1.736111111111111e-08 2.450740123517302e-08 4.822530864197531e-08 2.953686200378072e-08 2.7700831024930747e-08 2.6030820491461892e-08 1.992984693877551e-08 2.5e-08 2.3564897728343858e-08 2.5507601265177022e-08
lower 0 0 816.0 143.0 -50.0 16.0 -24.0 -40.0 -51.0 -61.0 12.0 84.0 -42.0 19.0 -26.0 -58.0 -60.0 -55.0 -14.0 -39.0 -16.0 -24.0 -40.0 -57.0 -69.0 -56.0 -42.0 -17.0 -22.0 -29.0 -51.0 -87.0 -80.0 -62.0 18.0 -22.0 -37.0 -56.0 -68.0 -109.0 -103.0 -77.0 -24.0 -35.0 -55.0 -64.0 -81.0 -104.0 -113.0 -92.0 -49.0 -64.0 -78.0 -87.0 -103.0 -121.0 -120.0 -101.0 -72.0 -92.0 -95.0 -98.0 -112.0 -100.0 -103.0 -99.0 816.0 -209.0 10.0 -16.0 -24.0 -40.0 -51.0 -61.0 -132.0 -12.0 -14.0 -57.0 -26.0 -58.0 -60.0 -55.0 42.0 -13.0 -16.0 -24.0 -40.0 -57.0 -69.0 -56.0 -14.0 -17.0 -22.0 -29.0 -51.0 -87.0 -80.0 -62.0 -54.0 22.0 -37.0 -56.0 -68.0 -109.0 -103.0 -77.0 -24.0 -35.0 -55.0 -64.0 -81.0 -104.0 -113.0 -92.0 -49.0 -64.0 -78.0 -87.0 -103.0 -121.0 -120.0 -101.0 -72.0 -92.0 -95.0 -98.0 -112.0 -100.0 -103.0 -99.0 1296.0 -55.0 -70.0 -16.0 -24.0 -40.0 -51.0 -61.0 180.0 -108.0 -98.0 -57.0 -26.0 -58.0 -60.0 -55.0 -98.0 39.0 16.0 -24.0 -40.0 -57.0 -69.0 -56.0 -14.0 17.0 -22.0 -29.0 -51.0 -87.0 -80.0 -62.0 -18.0 -66.0 -37.0 -56.0 -68.0 -109.0 -103.0 -77.0 -24.0 -35.0 -55.0 -64.0 -81.0 -104.0 -113.0 -92.0 -49.0 -64.0 -78.0 -87.0 -103.0 -121.0 -120.0 -101.0 -72.0 -92.0 -95.0 -98.0 -112.0 -100.0 -103.0 -99.0 816.0 77.0 30.0 -16.0 -24.0 -40.0 -51.0 -61.0 -60.0 108.0 -42.0 -19.0 -26.0 -58.0 -60.0 -55.0 14.0 -65.0 -16.0 -24.0 -40.0 -57.0 -69.0 -56.0 -14.0 -17.0 -22.0 -29.0 -51.0 -87.0 -80.0 -62.0 -18.0 -22.0 -37.0 -56.0 -68.0 -109.0 -103.0 -77.0 -24.0 -35.0 -55.0 -64.0 -81.0 -104.0 -113.0 -92.0 -49.0 -64.0 -78.0 -87.0 -103.0 -121.0 -120.0 -101.0 -72.0 -92.0 -95.0 -98.0 -112.0 -100.0 -103.0 -99.0
lower 0 1 1168.0 -165.0 10.0 -48.0 -24.0 -40.0 -51.0 -61.0 -132.0 12.0 -14.0 -19.0 -26.0 -58.0 -60.0 -55.0 -42.0 65.0 -48.0 -24.0 -40.0 -57.0 -69.0 -56.0 -70.0 -17.0 -22.0 -29.0 -51.0 -87.0 -80.0 -62.0 -18.0 22.0 -37.0 -56.0 -68.0 -109.0 -103.0 -77.0 -24.0 -35.0 -55.0 -64.0 -81.0 -104.0 -113.0 -92.0 -49.0 -64.0 -78.0 -87.0 -103.0 -121.0 -120.0 -101.0 -72.0 -92.0 -95.0 -98.0 -112.0 -100.0 -103.0 -99.0 1136.0 209.0 -30.0 -16.0 -24.0 -40.0 -51.0 -61.0 -12.0 -132.0 14.0 19.0 -26.0 -58.0 -60.0 -55.0 -70.0 -143.0 -16.0 24.0 -40.0 -57.0 -69.0 -56.0 14.0 -17.0 -22.0 -29.0 -51.0 -87.0 -80.0 -62.0 -54.0 -66.0 -37.0 -56.0 -68.0 -109.0 -103.0 -77.0 24.0 35.0 -55.0 -64.0 -81.0 -104.0 -113.0 -92.0 -49.0 -64.0 -78.0 -87.0 -103.0 -121.0 -120.0 -101.0 -72.0 -92.0 -95.0 -98.0 -112.0 -100.0 -103.0 -99.0 624.0 33.0 30.0 -16.0 -24.0 -40.0 -51.0 -61.0 36.0 36.0 14.0 19.0 -26.0 -58.0 -60.0 -55.0 98.0 -13.0 -16.0 -24.0 -40.0 -57.0 -69.0 -56.0 -42.0 17.0 -22.0 -29.0 -51.0 -87.0 -80.0 -62.0 18.0 -22.0 -37.0 -56.0 -68.0 -109.0 -103.0 -77.0 -72.0 -35.0 -55.0 -64.0 -81.0 -104.0 -113.0 -92.0 -49.0 -64.0 -78.0 -87.0 -103.0 -121.0 -120.0 -101.0 -72.0 -92.0 -95.0 -98.0 -112.0 -100.0 -103.0 -99.0 1104.0 -121.0 -50.0 -16.0 -24.0 -40.0 -51.0 -61.0 -36.0 -36.0 14.0 -19.0 -26.0 -58.0 -60.0 -55.0 -126.0 -39.0 48.0 -24.0 -40.0 -57.0 -69.0 -56.0 14.0 -17.0 -22.0 -29.0 -51.0 -87.0 -80.0 -62.0 -54.0 -22.0 -37.0 -56.0 -68.0 -109.0 -103.0 -77.0 24.0 35.0 -55.0 -64.0 -81.0 -104.0 -113.0 -92.0 -49.0 -64.0 -78.0 -87.0 -103.0 -121.0 -120.0 -101.0 -72.0 -92.0 -95.0 -98.0 -112.0 -100.0 -103.0 -99.0
lower 0 2 912.0 77.0 -30.0 16.0 -24.0 -40.0 -51.0 -61.0 276.0 -36.0 -70.0 -19.0 -26.0 -58.0 -60.0 -55.0 -14.0 -13.0 -16.0 -24.0 -40.0 -57.0 -69.0 -56.0 -42.0 -51.0 -22.0 -29.0 -51.0 -87.0 -80.0 -62.0 -18.0 -22.0 -37.0 -56.0 -68.0 -109.0 -103.0 -77.0 24.0 -35.0 -55.0 -64.0 -81.0 -104.0 -113.0 -92.0 -49.0 -64.0 -78.0 -87.0 -103.0 -121.0 -120.0 -101.0 -72.0 -92.0 -95.0 -98.0 -112.0 -100.0 -103.0 -99.0 912.0 -121.0 -10.0 16.0 -24.0 -40.0 -51.0 -61.0 -12.0 180.0 -42.0 -57.0 -26.0 -58.0 -60.0 -55.0 -14.0 -13.0 -16.0 -24.0 -40.0 -57.0 -69.0 -56.0 14.0 -17.0 -22.0 -29.0 -51.0 -87.0 -80.0 -62.0 -18.0 -22.0 -37.0 -56.0 -68.0 -109.0 -103.0 -77.0 -24.0 -35.0 -55.0 -64.0 -81.0 -104.0 -113.0 -92.0 -49.0 -64.0 -78.0 -87.0 -103.0 -121.0 -120.0 -101.0 -72.0 -92.0 -95.0 -98.0 -112.0 -100.0 -103.0 -99.0 1104.0 -11.0 -30.0 -16.0 -24.0 -40.0 -51.0 -61.0 -132.0 -108.0 -70.0 -57.0 -26.0 -58.0 -60.0 -55.0 -14.0 -13.0 -16.0 -24.0 -40.0 -57.0 -69.0 -56.0 -42.0 17.0 22.0 -29.0 -51.0 -87.0 -80.0 -62.0 -18.0 -22.0 -37.0 -56.0 -68.0 -109.0 -103.0 -77.0 -24.0 -35.0 -55.0 -64.0 -81.0 -104.0 -113.0 -92.0 -49.0 -64.0 -78.0 -87.0 -103.0 -121.0 -120.0 -101.0 -72.0 -92.0 -95.0 -98.0 -112.0 -100.0 -103.0 -99.0 880.0 -11.0 30.0 -48.0 -24.0 -40.0 -51.0 -61.0 -12.0 -60.0 -42.0 -19.0 -26.0 -58.0 -60.0 -55.0 -14.0 -13.0 -16.0 -24.0 -40.0 -57.0 -69.0 -56.0 -14.0 -51.0 22.0 -29.0 -51.0 -87.0 -80.0 -62.0 -18.0 -22.0 -37.0 -56.0 -68.0 -109.0 -103.0 -77.0 -24.0 -35.0 -55.0 -64.0 -81.0 -104.0 -113.0 -92.0 -49.0 -64.0 -78.0 -87.0 -103.0 -121.0 -120.0 -101.0 -72.0 -92.0 -95.0 -98.0 -112.0 -100.0 -103.0 -99.0
upper 0 0 848.0 165.0 -30.0 48.0 24.0 40.0 51.0 61.0 36.0 108.0 -14.0 57.0 26.0 58.0 60.0 55.0 14.0 -13.0 16.0 24.0 40.0 57.0 69.0 56.0 -14.0 17.0 22.0 29.0 51.0 87.0 80.0 62.0 54.0 22.0 37.0 56.0 68.0 109.0 103.0 77.0 24.0 35.0 55.0 64.0 81.0 104.0 113.0 92.0 49.0 64.0 78.0 87.0 103.0 121.0 120.0 101.0 72.0 92.0 95.0 98.0 112.0 100.0 103.0 99.0 848.0 -187.0 30.0 16.0 24.0 40.0 51.0 61.0 -108.0 12.0 14.0 -19.0 26.0 58.0 60.0 55.0 70.0 13.0 16.0 24.0 40.0 57.0 69.0 56.0 14.0 17.0 22.0 29.0 51.0 87.0 80.0 62.0 -18.0 66.0 37.0 56.0 68.0 109.0 103.0 77.0 24.0 35.0 55.0 64.0 81.0 104.0 113.0 92.0 49.0 64.0 78.0 87.0 103.0 121.0 120.0 101.0 72.0 92.0 95.0 98.0 112.0 100.0 103.0 99.0 1328.0 -33.0 -50.0 16.0 24.0 40.0 51.0 61.0 204.0 -84.0 -70.0 -19.0 26.0 58.0 60.0 55.0 -70.0 65.0 48.0 24.0 40.0 57.0 69.0 56.0 14.0 51.0 22.0 29.0 51.0 87.0 80.0 62.0 18.0 -22.0 37.0 56.0 68.0 109.0 103.0 77.0 24.0 35.0 55.0 64.0 81.0 104.0 113.0 92.0 49.0 64.0 78.0 87.0 103.0 121.0 120.0 101.0 72.0 92.0 95.0 98.0 112.0 100.0 103.0 99.0 848.0 99.0 50.0 16.0 24.0 40.0 51.0 61.0 -36.0 132.0 -14.0 19.0 26.0 58.0 60.0 55.0 42.0 -39.0 16.0 24.0 40.0 57.0 69.0 56.0 14.0 17.0 22.0 29.0 51.0 87.0 80.0 62.0 18.0 22.0 37.0 56.0 68.0 109.0 103.0 77.0 24.0 35.0 55.0 64.0 81.0 104.0 113.0 92.0 49.0 64.0 78.0 87.0 103.0 121.0 120.0 101.0 72.0 92.0 95.0 98.0 112.0 100.0 103.0 99.0
upper 0 1 1200.0 -143.0 30.0 -16.0 24.0 40.0 51.0 61.0 -108.0 36.0 14.0 19.0 26.0 58.0 60.0 55.0 -14.0 91.0 -16.0 24.0 40.0 57.0 69.0 56.0 -42.0 17.0 22.0 29.0 51.0 87.0 80.0 62.0 18.0 66.0 37.0 56.0 68.0 109.0 103.0 77.0 24.0 35.0 55.0 64.0 81.0 104.0 113.0 92.0 49.0 64.0 78.0 87.0 103.0 121.0 120.0 101.0 72.0 92.0 95.0 98.0 112.0 100.0 103.0 99.0 1168.0 231.0 -10.0 16.0 24.0 40.0 51.0 61.0 12.0 -108.0 42.0 57.0 26.0 58.0 60.0 55.0 -42.0 -117.0 16.0 72.0 40.0 57.0 69.0 56.0 42.0 17.0 22.0 29.0 51.0 87.0 80.0 62.0 -18.0 -22.0 37.0 56.0 68.0 109.0 103.0 77.0 72.0 105.0 55.0 64.0 81.0 104.0 113.0 92.0 49.0 64.0 78.0 87.0 103.0 121.0 120.0 101.0 72.0 92.0 95.0 98.0 112.0 100.0 103.0 99.0 656.0 55.0 50.0 16.0 24.0 40.0 51.0 61.0 60.0 60.0 42.0 57.0 26.0 58.0 60.0 55.0 126.0 13.0 16.0 24.0 40.0 57.0 69.0 56.0 -14.0 51.0 22.0 29.0 51.0 87.0 80.0 62.0 54.0 22.0 37.0 56.0 68.0 109.0 103.0 77.0 -24.0 35.0 55.0 64.0 81.0 104.0 113.0 92.0 49.0 64.0 78.0 87.0 103.0 121.0 120.0 101.0 72.0 92.0 95.0 98.0 112.0 100.0 103.0 99.0 1136.0 -99.0 -30.0 16.0 24.0 40.0 51.0 61.0 -12.0 -12.0 42.0 19.0 26.0 58.0 60.0 55.0 -98.0 -13.0 80.0 24.0 40.0 57.0 69.0 56.0 42.0 17.0 22.0 29.0 51.0 87.0 80.0 62.0 -18.0 22.0 37.0 56.0 68.0 109.0 103.0 77.0 72.0 105.0 55.0 64.0 81.0 104.0 113.0 92.0 49.0 64.0 78.0 87.0 103.0 121.0 120.0 101.0 72.0 92.0 95.0 98.0 112.0 100.0 103.0 99.0
upper 0 2 944.0 99.0 -10.0 48.0 24.0 40.0 51.0 61.0 300.0 -12.0 -42.0 19.0 26.0 58.0 60.0 55.0 14.0 13.0 16.0 24.0 40.0 57.0 69.0 56.0 -14.0 -17.0 22.0 29.0 51.0 87.0 80.0 62.0 18.0 22.0 37.0 56.0 68.0 109.0 103.0 77.0 72.0 35.0 55.0 64.0 81.0 104.0 113.0 92.0 49.0 64.0 78.0 87.0 103.0 121.0 120.0 101.0 72.0 92.0 95.0 98.0 112.0 100.0 103.0 99.0 944.0 -99.0 10.0 48.0 24.0 40.0 51.0 61.0 12.0 204.0 -14.0 -19.0 26.0 58.0 60.0 55.0 14.0 13.0 16.0 24.0 40.0 57.0 69.0 56.0 42.0 17.0 22.0 29.0 51.0 87.0 80.0 62.0 18.0 22.0 37.0 56.0 68.0 109.0 103.0 77.0 24.0 35.0 55.0 64.0 81.0 104.0 113.0 92.0 49.0 64.0 78.0 87.0 103.0 121.0 120.0 101.0 72.0 92.0 95.0 98.0 112.0 100.0 103.0 99.0 1136.0 11.0 -10.0 16.0 24.0 40.0 51.0 61.0 -108.0 -84.0 -42.0 -19.0 26.0 58.0 60.0 55.0 14.0 13.0 16.0 24.0 40.0 57.0 69.0 56.0 -14.0 51.0 66.0 29.0 51.0 87.0 80.0 62.0 18.0 22.0 37.0 56.0 68.0 109.0 103.0 77.0 24.0 35.0 55.0 64.0 81.0 104.0 113.0 92.0 49.0 64.0 78.0 87.0 103.0 121.0 120.0 101.0 72.0 92.0 95.0 98.0 112.0 100.0 103.0 99.0 912.0 11.0 50.0 -16.0 24.0 40.0 51.0 61.0 12.0 -36.0 -14.0 19.0 26.0 58.0 60.0 55.0 14.0 13.0 16.0 24.0 40.0 57.0 69.0 56.0 14.0 -17.0 66.0 29.0 51.0 87.0 80.0 62.0 18.0 22.0 37.0 56.0 68.0 109.0 103.0 77.0 24.0 35.0 55.0 64.0 81.0 104.0 113.0 92.0 49.0 64.0 78.0 87.0 103.0 121.0 120.0 101.0 72.0 92.0 95.0 98.0 112.0 100.0 103.0 99.0
centres 0 0 832.0 153.60255580020547 -38.87336483449439 26.69226062420509 -0.0 -0.0 -0.0 -0.0 23.42270543668469 95.35154304291041 -25.988355002375418 32.91254725390694 -0.0 -0.0 -0.0 -0.0 -0.0 -24.28539510050995 -0.0 -0.0 -0.0 -0.0 -0.0 -0.0 -24.986518189902093 -0.0 -0.0 -0.0 -0.0 -0.0 -0.0 -0.0 30.028793202230727 -0.0 -0.0 -0.0 -0.0 -0.0 -0.0 -0.0 -0.0 -0.0 -0.0 -0.0 -0.0 -0.0 -0.0 -0.0 -0.0 -0.0 -0.0 -0.0 -0.0 -0.0 -0.0 -0.0 -0.0 -0.0 -0.0 -0.0 -0.0 -0.0 -0.0 -0.0 832.0 -197.6025558002055 18.87336483449439 -0.0 -0.0 -0.0 -0.0 -0.0 -119.42270543668468 -0.0 -0.0 -32.91254725390694 -0.0 -0.0 -0.0 -0.0 54.43783125476628 -0.0 -0.0 -0.0 -0.0 -0.0 -0.0 -0.0 -0.0 -0.0 -0.0 -0.0 -0.0 -0.0 -0.0 -0.0 -30.028793202230727 35.73027445971005 -0.0 -0.0 -0.0 -0.0 -0.0 -0.0 -0.0 -0.0 -0.0 -0.0 -0.0 -0.0 -0.0 -0.0 -0.0 -0.0 -0.0 -0.0 -0.0 -0.0 -0.0 -0.0 -0.0 -0.0 -0.0 -0.0 -0.0 -0.0 -0.0 -0.0 1312.0 -43.60255580020548 -58.87336483449439 -0.0 -0.0 -0.0 -0.0 -0.0 191.42270543668468 -95.35154304291041 -81.98835500237543 -32.91254725390694 -0.0 -0.0 -0.0 -0.0 -82.43783125476628 50.28539510050995 26.43440848163393 -0.0 -0.0 -0.0 -0.0 -0.0 -0.0 28.36052691321791 -0.0 -0.0 -0.0 -0.0 -0.0 -0.0 -0.0 -35.73027445971005 -0.0 -0.0 -0.0 -0.0 -0.0 -0.0 -0.0 -0.0 -0.0 -0.0 -0.0 -0.0 -0.0 -0.0 -0.0 -0.0 -0.0 -0.0 -0.0 -0.0 -0.0 -0.0 -0.0 -0.0 -0.0 -0.0 -0.0 -0.0 -0.0 -0.0 832.0 87.60255580020548 38.87336483449439 -0.0 -0.0 -0.0 -0.0 -0.0 -47.422705436684694 119.35154304291041 -25.988355002375418 -0.0 -0.0 -0.0 -0.0 -0.0 26.437831254766284 -50.28539510050995 -0.0 -0.0 -0.0 -0.0 -0.0 -0.0 -0.0 -0.0 -0.0 -0.0 -0.0 -0.0 -0.0 -0.0 -0.0 -0.0 -0.0 -0.0 -0.0 -0.0 -0.0 -0.0 -0.0 -0.0 -0.0 -0.0 -0.0 -0.0 -0.0 -0.0 -0.0 -0.0 -0.0 -0.0 -0.0 -0.0 -0.0 -0.0 -0.0 -0.0 -0.0 -0.0 -0.0 -0.0 -0.0 -0.0
centres 0 1 1184.0 -153.60255580020547 18.87336483449439 -26.69226062420509 -0.0 -0.0 -0.0 -0.0 -119.42270543668468 23.3515430429104 -0.0 -0.0 -0.0 -0.0 -0.0 -0.0 -26.437831254766284 76.28539510050996 -26.43440848163393 -0.0 -0.0 -0.0 -0.0 -0.0 -52.98651818990209 -0.0 -0.0 -0.0 -0.0 -0.0 -0.0 -0.0 -0.0 35.73027445971005 -0.0 -0.0 -0.0 -0.0 -0.0 -0.0 -0.0 -0.0 -0.0 -0.0 -0.0 -0.0 -0.0 -0.0 -0.0 -0.0 -0.0 -0.0 -0.0 -0.0 -0.0 -0.0 -0.0 -0.0 -0.0 -0.0 -0.0 -0.0 -0.0 -0.0 1152.0 219.6025558002055 -18.87336483449439 -0.0 -0.0 -0.0 -0.0 -0.0 -0.0 -119.35154304291041 25.988355002375418 32.91254725390694 -0.0 -0.0 -0.0 -0.0 -54.43783125476628 -128.28539510050996 -0.0 33.2823531006096 -0.0 -0.0 -0.0 -0.0 24.986518189902093 -0.0 -0.0 -0.0 -0.0 -0.0 -0.0 -0.0 -30.028793202230727 -35.73027445971005 -0.0 -0.0 -0.0 -0.0 -0.0 -0.0 38.978481228774605 52.23324117812485 -0.0 -0.0 -0.0 -0.0 -0.0 -0.0 -0.0 -0.0 -0.0 -0.0 -0.0 -0.0 -0.0 -0.0 -0.0 -0.0 -0.0 -0.0 -0.0 -0.0 -0.0 -0.0 640.0 43.60255580020548 38.87336483449439 -0.0 -0.0 -0.0 -0.0 -0.0 47.422705436684694 47.3515430429104 25.988355002375418 32.91254725390694 -0.0 -0.0 -0.0 -0.0 110.43783125476628 -0.0 -0.0 -0.0 -0.0 -0.0 -0.0 -0.0 -24.986518189902093 28.36052691321791 -0.0 -0.0 -0.0 -0.0 -0.0 -0.0 30.028793202230727 -0.0 -0.0 -0.0 -0.0 -0.0 -0.0 -0.0 -38.978481228774605 -0.0 -0.0 -0.0 -0.0 -0.0 -0.0 -0.0 -0.0 -0.0 -0.0 -0.0 -0.0 -0.0 -0.0 -0.0 -0.0 -0.0 -0.0 -0.0 -0.0 -0.0 -0.0 -0.0 1120.0 -109.60255580020548 -38.87336483449439 -0.0 -0.0 -0.0 -0.0 -0.0 -23.42270543668469 -23.3515430429104 25.988355002375418 -0.0 -0.0 -0.0 -0.0 -0.0 -110.43783125476628 -24.28539510050995 58.43440848163393 -0.0 -0.0 -0.0 -0.0 -0.0 24.986518189902093 -0.0 -0.0 -0.0 -0.0 -0.0 -0.0 -0.0 -30.028793202230727 -0.0 -0.0 -0.0 -0.0 -0.0 -0.0 -0.0 38.978481228774605 52.23324117812485 -0.0 -0.0 -0.0 -0.0 -0.0 -0.0 -0.0 -0.0 -0.0 -0.0 -0.0 -0.0 -0.0 -0.0 -0.0 -0.0 -0.0 -0.0 -0.0 -0.0 -0.0 -0.0
centres 0 2 928.0 87.60255580020548 -18.87336483449439 26.69226062420509 -0.0 -0.0 -0.0 -0.0 287.4227054366847 -23.3515430429104 -53.988355002375414 -0.0 -0.0 -0.0 -0.0 -0.0 -0.0 -0.0 -0.0 -0.0 -0.0 -0.0 -0.0 -0.0 -24.986518189902093 -28.36052691321791 -0.0 -0.0 -0.0 -0.0 -0.0 -0.0 -0.0 -0.0 -0.0 -0.0 -0.0 -0.0 -0.0 -0.0 38.978481228774605 -0.0 -0.0 -0.0 -0.0 -0.0 -0.0 -0.0 -0.0 -0.0 -0.0 -0.0 -0.0 -0.0 -0.0 -0.0 -0.0 -0.0 -0.0 -0.0 -0.0 -0.0 -0.0 -0.0 928.0 -109.60255580020548 -0.0 26.69226062420509 -0.0 -0.0 -0.0 -0.0 -0.0 191.3515430429104 -25.988355002375418 -32.91254725390694 -0.0 -0.0 -0.0 -0.0 -0.0 -0.0 -0.0 -0.0 -0.0 -0.0 -0.0 -0.0 24.986518189902093 -0.0 -0.0 -0.0 -0.0 -0.0 -0.0 -0.0 -0.0 -0.0 -0.0 -0.0 -0.0 -0.0 -0.0 -0.0 -0.0 -0.0 -0.0 -0.0 -0.0 -0.0 -0.0 -0.0 -0.0 -0.0 -0.0 -0.0 -0.0 -0.0 -0.0 -0.0 -0.0 -0.0 -0.0 -0.0 -0.0 -0.0 -0.0 -0.0 1120.0 -0.0 -18.87336483449439 -0.0 -0.0 -0.0 -0.0 -0.0 -119.42270543668468 -95.35154304291041 -53.988355002375414 -32.91254725390694 -0.0 -0.0 -0.0 -0.0 -0.0 -0.0 -0.0 -0.0 -0.0 -0.0 -0.0 -0.0 -24.986518189902093 28.36052691321791 32.83232302624991 -0.0 -0.0 -0.0 -0.0 -0.0 -0.0 -0.0 -0.0 -0.0 -0.0 -0.0 -0.0 -0.0 -0.0 -0.0 -0.0 -0.0 -0.0 -0.0 -0.0 -0.0 -0.0 -0.0 -0.0 -0.0 -0.0 -0.0 -0.0 -0.0 -0.0 -0.0 -0.0 -0.0 -0.0 -0.0 -0.0 -0.0 896.0 -0.0 38.87336483449439 -26.69226062420509 -0.0 -0.0 -0.0 -0.0 -0.0 -47.3515430429104 -25.988355002375418 -0.0 -0.0 -0.0 -0.0 -0.0 -0.0 -0.0 -0.0 -0.0 -0.0 -0.0 -0.0 -0.0 -0.0 -28.36052691321791 32.83232302624991 -0.0 -0.0 -0.0 -0.0 -0.0 -0.0 -0.0 -0.0 -0.0 -0.0 -0.0 -0.0 -0.0 -0.0 -0.0 -0.0 -0.0 -0.0 -0.0 -0.0 -0.0 -0.0 -0.0 -0.0 -0.0 -0.0 -0.0 -0.0 -0.0 -0.0 -0.0 -0.0 -0.0 -0.0 -0.0 -0.0 -0.0
exact-centres 0 0 832.0:0.0 153.60255580020547:1.2404569734847118e-14 -38.87336483449439:-1.370217104995141e-15 26.69226062420509:9.637418503739353e-16 0.0:0.0 0.0:0.0 0.0:0.0 0.0:0.0 23.42270543668469:-6.723371064939219e-16 95.35154304291041:-6.410752176652355e-15 -25.988355002375418:3.1319374914243737e-17 32.91254725390694:1.8472168117940735e-15 0.0:0.0 0.0:0.0 0.0:0.0 0.0:0.0 0.0:0.0 -24.28539510050995:2.178036119819037e-16 0.0:0.0 0.0:0.0 0.0:0.0 0.0:0.0 0.0:0.0 0.0:0.0 -24.986518189902093:7.127319884511698e-16 0.0:0.0 0.0:0.0 0.0:0.0 0.0:0.0 0.0:0.0 0.0:0.0 0.0:0.0 30.028793202230727:1.084209581670677e-15 0.0:0.0 0.0:0.0 0.0:0.0 0.0:0.0 0.0:0.0 0.0:0.0 0.0:0.0 0.0:0.0 0.0:0.0 0.0:0.0 0.0:0.0 0.0:0.0 0.0:0.0 0.0:0.0 0.0:0.0 0.0:0.0 0.0:0.0 0.0:0.0 0.0:0.0 0.0:0.0 0.0:0.0 0.0:0.0 0.0:0.0 0.0:0.0 0.0:0.0 0.0:0.0 0.0:0.0 0.0:0.0 0.0:0.0 0.0:0.0 0.0:0.0 832.0:0.0 -197.60255580020547:-1.2404569734847118e-14 18.87336483449439:1.370217104995141e-15 0.0:0.0 0.0:0.0 0.0:0.0 0.0:0.0 0.0:0.0 -119.4227054366847:4.225050785294423e-15 0.0:0.0 0.0:0.0 -32.91254725390694:-1.8472168117940735e-15 0.0:0.0 0.0:0.0 0.0:0.0 0.0:0.0 54.43783125476628:6.11395795280649e-16 0.0:0.0 0.0:0.0 0.0:0.0 0.0:0.0 0.0:0.0 0.0:0.0 0.0:0.0 0.0:0.0 0.0:0.0 0.0:0.0 0.0:0.0 0.0:0.0 0.0:0.0 0.0:0.0 0.0:0.0 -30.028793202230727:-1.084209581670677e-15 35.73027445971005:3.1679168624970802e-15 0.0:0.0 0.0:0.0 0.0:0.0 0.0:0.0 0.0:0.0 0.0:0.0 0.0:0.0 0.0:0.0 0.0:0.0 0.0:0.0 0.0:0.0 0.0:0.0 0.0:0.0 0.0:0.0 0.0:0.0 0.0:0.0 0.0:0.0 0.0:0.0 0.0:0.0 0.0:0.0 0.0:0.0 0.0:0.0 0.0:0.0 0.0:0.0 0.0:0.0 0.0:0.0 0.0:0.0 0.0:0.0 0.0:0.0 0.0:0.0 1312.0:0.0 -43.60255580020548:1.8062849803548854e-15 -58.87336483449439:-1.370217104995141e-15 0.0:0.0 0.0:0.0 0.0:0.0 0.0:0.0 0.0:0.0 191.42270543668468:9.98580392990758e-15 -95.35154304291041:6.410752176652355e-15 -81.98835500237541:-3.5213943038862572e-15 -32.91254725390694:-1.8472168117940735e-15 0.0:0.0 0.0:0.0 0.0:0.0 0.0:0.0 -82.43783125476628:-6.11395795280649e-16 50.28539510050995:-2.178036119819037e-16 26.43440848163393:1.2810950553296044e-15 0.0:0.0 0.0:0.0 0.0:0.0 0.0:0.0 0.0:0.0 0.0:0.0 28.36052691321791:-7.523811233779443e-16 0.0:0.0 0.0:0.0 0.0:0.0 0.0:0.0 0.0:0.0 0.0:0.0 0.0:0.0 -35.73027445971005:-3.1679168624970802e-15 0.0:0.0 0.0:0.0 0.0:0.0 0.0:0.0 0.0:0.0 0.0:0.0 0.0:0.0 0.0:0.0 0.0:0.0 0.0:0.0 0.0:0.0 0.0:0.0 0.0:0.0 0.0:0.0 0.0:0.0 0.0:0.0 0.0:0.0 0.0:0.0 0.0:0.0 0.0:0.0 0.0:0.0 0.0:0.0 0.0:0.0 0.0:0.0 0.0:0.0 0.0:0.0 0.0:0.0 0.0:0.0 0.0:0.0 0.0:0.0 832.0:0.0 87.60255580020548:-1.8062849803548854e-15 38.87336483449439:1.370217104995141e-15 0.0:0.0 0.0:0.0 0.0:0.0 0.0:0.0 0.0:0.0 -47.42270543668469:-2.880376572306579e-15 119.35154304291041:-6.410752176652355e-15 -25.988355002375418:3.1319374914243737e-17 0.0:0.0 0.0:0.0 0.0:0.0 0.0:0.0 0.0:0.0 26.43783125476628:6.11395795280649e-16 -50.28539510050995:2.178036119819037e-16 0.0:0.0 0.0:0.0 0.0:0.0 0.0:0.0 0.0:0.0 0.0:0.0 0.0:0.0 0.0:0.0 0.0:0.0 0.0:0.0 0.0:0.0 0.0:0.0 0.0:0.0 0.0:0.0 0.0:0.0 0.0:0.0 0.0:0.0 0.0:0.0 0.0:0.0 0.0:0.0 0.0:0.0 0.0:0.0 0.0:0.0 0.0:0.0 0.0:0.0 0.0:0.0 0.0:0.0 0.0:0.0 0.0:0.0 0.0:0.0 0.0:0.0 0.0:0.0 0.0:0.0 0.0:0.0 0.0:0.0 0.0:0.0 0.0:0.0 0.0:0.0 0.0:0.0 0.0:0.0 0.0:0.0 0.0:0.0 0.0:0.0 0.0:0.0 0.0:0.0 0.0:0.0
exact-centres 0 1 1184.0:0.0 -153.60255580020547:-1.2404569734847118e-14 18.87336483449439:1.370217104995141e-15 -26.69226062420509:-9.637418503739353e-16 0.0:0.0 0.0:0.0 0.0:0.0 0.0:0.0 -119.4227054366847:4.225050785294423e-15 23.3515430429104:6.946751809486472e-16 0.0:0.0 0.0:0.0 0.0:0.0 0.0:0.0 0.0:0.0 0.0:0.0 -26.43783125476628:-6.11395795280649e-16 76.28539510050994:6.887623745619098e-15 -26.43440848163393:-1.2810950553296044e-15 0.0:0.0 0.0:0.0 0.0:0.0 0.0:0.0 0.0:0.0 -52.98651818990209:7.127319884511698e-16 0.0:0.0 0.0:0.0 0.0:0.0 0.0:0.0 0.0:0.0 0.0:0.0 0.0:0.0 0.0:0.0 35.73027445971005:3.1679168624970802e-15 0.0:0.0 0.0:0.0 0.0:0.0 0.0:0.0 0.0:0.0 0.0:0.0 0.0:0.0 0.0:0.0 0.0:0.0 0.0:0.0 0.0:0.0 0.0:0.0 0.0:0.0 0.0:0.0 0.0:0.0 0.0:0.0 0.0:0.0 0.0:0.0 0.0:0.0 0.0:0.0 0.0:0.0 0.0:0.0 0.0:0.0 0.0:0.0 0.0:0.0 0.0:0.0 0.0:0.0 0.0:0.0 0.0:0.0 0.0:0.0 1152.0:0.0 219.60255580020547:1.2404569734847118e-14 -18.87336483449439:-1.370217104995141e-15 0.0:0.0 0.0:0.0 0.0:0.0 0.0:0.0 0.0:0.0 0.0:0.0 -119.35154304291041:6.410752176652355e-15 25.988355002375418:-3.1319374914243737e-17 32.91254725390694:1.8472168117940735e-15 0.0:0.0 0.0:0.0 0.0:0.0 0.0:0.0 -54.43783125476628:-6.11395795280649e-16 -128.28539510050996:7.323230969582905e-15 0.0:0.0 33.2823531006096:7.106336015543602e-16 0.0:0.0 0.0:0.0 0.0:0.0 0.0:0.0 24.986518189902093:-7.127319884511698e-16 0.0:0.0 0.0:0.0 0.0:0.0 0.0:0.0 0.0:0.0 0.0:0.0 0.0:0.0 -30.028793202230727:-1.084209581670677e-15 -35.73027445971005:-3.1679168624970802e-15 0.0:0.0 0.0:0.0 0.0:0.0 0.0:0.0 0.0:0.0 0.0:0.0 38.978481228774605:1.518065479741996e-15 52.23324117812485:3.0337138856844447e-15 0.0:0.0 0.0:0.0 0.0:0.0 0.0:0.0 0.0:0.0 0.0:0.0 0.0:0.0 0.0:0.0 0.0:0.0 0.0:0.0 0.0:0.0 0.0:0.0 0.0:0.0 0.0:0.0 0.0:0.0 0.0:0.0 0.0:0.0 0.0:0.0 0.0:0.0 0.0:0.0 0.0:0.0 0.0:0.0 640.0:0.0 43.60255580020548:-1.8062849803548854e-15 38.87336483449439:1.370217104995141e-15 0.0:0.0 0.0:0.0 0.0:0.0 0.0:0.0 0.0:0.0 47.42270543668469:2.880376572306579e-15 47.3515430429104:6.946751809486472e-16 25.988355002375418:-3.1319374914243737e-17 32.91254725390694:1.8472168117940735e-15 0.0:0.0 0.0:0.0 0.0:0.0 0.0:0.0 110.43783125476628:6.11395795280649e-16 0.0:0.0 0.0:0.0 0.0:0.0 0.0:0.0 0.0:0.0 0.0:0.0 0.0:0.0 -24.986518189902093:7.127319884511698e-16 28.36052691321791:-7.523811233779443e-16 0.0:0.0 0.0:0.0 0.0:0.0 0.0:0.0 0.0:0.0 0.0:0.0 30.028793202230727:1.084209581670677e-15 0.0:0.0 0.0:0.0 0.0:0.0 0.0:0.0 0.0:0.0 0.0:0.0 0.0:0.0 -38.978481228774605:-1.518065479741996e-15 0.0:0.0 0.0:0.0 0.0:0.0 0.0:0.0 0.0:0.0 0.0:0.0 0.0:0.0 0.0:0.0 0.0:0.0 0.0:0.0 0.0:0.0 0.0:0.0 0.0:0.0 0.0:0.0 0.0:0.0 0.0:0.0 0.0:0.0 0.0:0.0 0.0:0.0 0.0:0.0 0.0:0.0 0.0:0.0 0.0:0.0 1120.0:0.0 -109.60255580020548:1.8062849803548854e-15 -38.87336483449439:-1.370217104995141e-15 0.0:0.0 0.0:0.0 0.0:0.0 0.0:0.0 0.0:0.0 -23.42270543668469:6.723371064939219e-16 -23.3515430429104:-6.946751809486472e-16 25.988355002375418:-3.1319374914243737e-17 0.0:0.0 0.0:0.0 0.0:0.0 0.0:0.0 0.0:0.0 -110.43783125476628:-6.11395795280649e-16 -24.28539510050995:2.178036119819037e-16 58.43440848163393:1.2810950553296044e-15 0.0:0.0 0.0:0.0 0.0:0.0 0.0:0.0 0.0:0.0 24.986518189902093:-7.127319884511698e-16 0.0:0.0 0.0:0.0 0.0:0.0 0.0:0.0 0.0:0.0 0.0:0.0 0.0:0.0 -30.028793202230727:-1.084209581670677e-15 0.0:0.0 0.0:0.0 0.0:0.0 0.0:0.0 0.0:0.0 0.0:0.0 0.0:0.0 38.978481228774605:1.518065479741996e-15 52.23324117812485:3.0337138856844447e-15 0.0:0.0 0.0:0.0 0.0:0.0 0.0:0.0 0.0:0.0 0.0:0.0 0.0:0.0 0.0:0.0 0.0:0.0 0.0:0.0 0.0:0.0 0.0:0.0 0.0:0.0 0.0:0.0 0.0:0.0 0.0:0.0 0.0:0.0 0.0:0.0 0.0:0.0 0.0:0.0 0.0:0.0 0.0:0.0
exact-centres 0 2 928.0:0.0 87.60255580020548:-1.8062849803548854e-15 -18.87336483449439:-1.370217104995141e-15 26.69226062420509:9.637418503739353e-16 0.0:0.0 0.0:0.0 0.0:0.0 0.0:0.0 287.4227054366847:9.98580392990758e-15 -23.3515430429104:-6.946751809486472e-16 -53.988355002375414:-3.5213943038862572e-15 0.0:0.0 0.0:0.0 0.0:0.0 0.0:0.0 0.0:0.0 0.0:0.0 0.0:0.0 0.0:0.0 0.0:0.0 0.0:0.0 0.0:0.0 0.0:0.0 0.0:0.0 -24.986518189902093:7.127319884511698e-16 -28.36052691321791:7.523811233779443e-16 0.0:0.0 0.0:0.0 0.0:0.0 0.0:0.0 0.0:0.0 0.0:0.0 0.0:0.0 0.0:0.0 0.0:0.0 0.0:0.0 0.0:0.0 0.0:0.0 0.0:0.0 0.0:0.0 38.978481228774605:1.518065479741996e-15 0.0:0.0 0.0:0.0 0.0:0.0 0.0:0.0 0.0:0.0 0.0:0.0 0.0:0.0 0.0:0.0 0.0:0.0 0.0:0.0 0.0:0.0 0.0:0.0 0.0:0.0 0.0:0.0 0.0:0.0 0.0:0.0 0.0:0.0 0.0:0.0 0.0:0.0 0.0:0.0 0.0:0.0 0.0:0.0 0.0:0.0 928.0:0.0 -109.60255580020548:1.8062849803548854e-15 0.0:0.0 26.69226062420509:9.637418503739353e-16 0.0:0.0 0.0:0.0 0.0:0.0 0.0:0.0 0.0:0.0 191.3515430429104:-6.410752176652355e-15 -25.988355002375418:3.1319374914243737e-17 -32.91254725390694:-1.8472168117940735e-15 0.0:0.0 0.0:0.0 0.0:0.0 0.0:0.0 0.0:0.0 0.0:0.0 0.0:0.0 0.0:0.0 0.0:0.0 0.0:0.0 0.0:0.0 0.0:0.0 24.986518189902093:-7.127319884511698e-16 0.0:0.0 0.0:0.0 0.0:0.0 0.0:0.0 0.0:0.0 0.0:0.0 0.0:0.0 0.0:0.0 0.0:0.0 0.0:0.0 0.0:0.0 0.0:0.0 0.0:0.0 0.0:0.0 0.0:0.0 0.0:0.0 0.0:0.0 0.0:0.0 0.0:0.0 0.0:0.0 0.0:0.0 0.0:0.0 0.0:0.0 0.0:0.0 0.0:0.0 0.0:0.0 0.0:0.0 0.0:0.0 0.0:0.0 0.0:0.0 0.0:0.0 0.0:0.0 0.0:0.0 0.0:0.0 0.0:0.0 0.0:0.0 0.0:0.0 0.0:0.0 0.0:0.0 1120.0:0.0 0.0:0.0 -18.87336483449439:-1.370217104995141e-15 0.0:0.0 0.0:0.0 0.0:0.0 0.0:0.0 0.0:0.0 -119.4227054366847:4.225050785294423e-15 -95.35154304291041:6.410752176652355e-15 -53.988355002375414:-3.5213943038862572e-15 -32.91254725390694:-1.8472168117940735e-15 0.0:0.0 0.0:0.0 0.0:0.0 0.0:0.0 0.0:0.0 0.0:0.0 0.0:0.0 0.0:0.0 0.0:0.0 0.0:0.0 0.0:0.0 0.0:0.0 -24.986518189902093:7.127319884511698e-16 28.36052691321791:-7.523811233779443e-16 32.83232302624991:-2.1533383333417784e-15 0.0:0.0 0.0:0.0 0.0:0.0 0.0:0.0 0.0:0.0 0.0:0.0 0.0:0.0 0.0:0.0 0.0:0.0 0.0:0.0 0.0:0.0 0.0:0.0 0.0:0.0 0.0:0.0 0.0:0.0 0.0:0.0 0.0:0.0 0.0:0.0 0.0:0.0 0.0:0.0 0.0:0.0 0.0:0.0 0.0:0.0 0.0:0.0 0.0:0.0 0.0:0.0 0.0:0.0 0.0:0.0 0.0:0.0 0.0:0.0 0.0:0.0 0.0:0.0 0.0:0.0 0.0:0.0 0.0:0.0 0.0:0.0 0.0:0.0 896.0:0.0 0.0:0.0 38.87336483449439:1.370217104995141e-15 -26.69226062420509:-9.637418503739353e-16 0.0:0.0 0.0:0.0 0.0:0.0 0.0:0.0 0.0:0.0 -47.3515430429104:-6.946751809486472e-16 -25.988355002375418:3.1319374914243737e-17 0.0:0.0 0.0:0.0 0.0:0.0 0.0:0.0 0.0:0.0 0.0:0.0 0.0:0.0 0.0:0.0 0.0:0.0 0.0:0.0 0.0:0.0 0.0:0.0 0.0:0.0 0.0:0.0 -28.36052691321791:7.523811233779443e-16 32.83232302624991:-2.1533383333417784e-15 0.0:0.0 0.0:0.0 0.0:0.0 0.0:0.0 0.0:0.0 0.0:0.0 0.0:0.0 0.0:0.0 0.0:0.0 0.0:0.0 0.0:0.0 0.0:0.0 0.0:0.0 0.0:0.0 0.0:0.0 0.0:0.0 0.0:0.0 0.0:0.0 0.0:0.0 0.0:0.0 0.0:0.0 0.0:0.0 0.0:0.0 0.0:0.0 0.0:0.0 0.0:0.0 0.0:0.0 0.0:0.0 0.0:0.0 0.0:0.0 0.0:0.0 0.0:0.0 0.0:0.0 0.0:0.0 0.0:0.0 0.0:0.0 0.0:0.0
record 0 12437.351207401107 -0.0 nan nan
record 10 9407.763585028586 6008.533423884535 nan nan
record 20 9301.822005417187 8009.352786148593 nan nan
record 30 9270.217508271478 8673.210182048035 nan nan
record 40 9261.187180424195 8951.50690680209 nan nan
record 50 9257.3209272049 9084.323360939083 nan nan
record 60 9255.483796898967 9159.994836544169 nan nan
record 70 9254.061142715967 9180.872460695955 nan nan
record 80 9253.081914909446 9191.753918249427 nan nan
record 90 9252.434643840683 9202.051282408722 nan nan
record 100 9252.067814675616 9214.263109002202 nan nan
canvas 0 0 148.7305817706982 148.72506981447341 120.57980509660047 120.5813773278158 120.58318409662655 100.24284554931779 61.47468380434482 60.62877152929732 60.62505653019797 60.62222803398229 76.84939879242181 80.38050027640317 92.21620721788322 97.24967495216102 117.30204744578432 134.1448029202085 135.3093236630106 164.37553051484582 194.88321980585286 197.6020689319717 197.6027425368461 197.60330617357656 197.60373633419096 173.8106419335368 135.2630075404559 130.40405081894355 120.62980754816296 105.95627751430688 91.14063909476944 79.44215211747822 76.69393737423054 76.58071184497858
canvas 0 1 148.73665452069423 140.82861460262458 120.5777942537891 120.57988064047825 117.86967665916134 90.85365938243832 61.9737515859287 60.6294840471741 60.62674027633353 66.42796176211112 77.57292207436362 83.7600450909562 95.31541641314911 113.56222252055275 132.13609177736203 135.77912328455062 135.7794190067077 164.0535655273946 193.3721497908553 197.6018039707221 197.6024950207649 197.6029304597081 197.60301528372975 179.50535525992575 135.75274392977377 130.78286837331788 119.88872855624172 105.15480370074857 91.99917711663028 80.22432865548487 76.75386945431814 76.57773137520535
canvas 0 2 138.73598536896264 137.01207357400367 120.57592686058072 119.50760224609459 114.74258291104388 89.8695342909977 64.69824975302657 60.62863034856383 64.93649987944627 71.7994284056605 77.57023053773325 82.95567790303922 95.86180584602248 114.14144465757114 131.95749118471593 135.77900019003152 137.19399236465227 160.984706987779 188.5471502468613 197.60124047498473 197.60235415589753 197.60271515962341 196.65339981088235 189.67891359694806 136.17315149888842 130.51478953743865 117.39844314215999 103.79387761612459 94.00037643737365 82.24434987762102 76.9972733997996 76.57964210925533
canvas 0 3 137.54064155113886 131.04858170901846 120.29540625347438 117.62399778402605 112.24543607562862 93.0411178148424 77.55109400864922 74.61501358011486 73.97786533637218 74.89518357965729 77.09822334040962 79.33905072994013 88.93000415364195 104.87430585088896 129.0644468589582 134.93845803365846 142.0539628183125 157.3139133759532 176.86832232496306 192.47283355872707 197.6015302091858 196.79744172659662 194.84144167807315 189.91177166448963 135.35809695703986 127.25359129900752 111.97462139036104 102.9397341598141 97.3718822005502 86.9996137149139 78.4571936743881 76.58010448621849
canvas 0 4 125.41551121801047 121.0888965249992 117.20210744622206 112.87637358379847 106.60180257230884 92.1581100449899 80.9412329371817 77.57278391296532 76.77350664327524 76.77658486538769 77.75273402644743 82.14241679572497 92.84040451390887 110.45921629355695 129.9621954904932 137.64610771937012 150.97842609383233 153.6926734016349 161.50094628413126 173.14695032101463 185.067637880878 193.38013254302956 189.4749029279577 164.40778572183106 130.71706527041624 118.29425745903607 105.25251767802871 103.44090660589201 101.57678154681285 96.98829298942442 91.08993415709254 86.84681136176236
canvas 0 5 109.33082549997687 109.32976680560623 109.33361280590022 109.0667383615529 101.44784751449367 91.97481917516778 83.73438554693487 79.05930092208575 76.82018926493973 78.69769798614907 86.01616011317928 100.74447066727177 125.27309700586056 148.9954859183273 150.84858524922626 150.84896427517958 150.8495631895456 150.849384804292 150.84716398609922 150.78331065030358 142.27775478304062 136.99693692345457 132.3431307595587 126.3225726569887 118.77172587747867 105.71263766116664 103.9832306990779 103.98923788166138 103.9917251363436 103.99156889590108 103.99017337505515 107.27727317878688
canvas 0 6 109.33032537437511 109.32519227875405 109.31111255265344 108.16059656016367 103.58251567592637 96.9344391148341 91.50582395346827 90.7525968125451 93.9381469954789 99.35270185722118 107.15087992342303 117.27317885485725 136.94736348218146 149.21561316033592 150.84756651562478 150.84779692714517 150.8487759210513 150.850857525439 150.69796380447286 124.10096478639639 117.41695309263685 117.37012544654796 117.98036676393772 117.98108542694212 106.59652184689912 103.98218024083938 103.97468715768593 103.9923730655027 103.9924666019717 103.99148532367002 128.66912045618224 140.89739006429411
canvas 0 7 109.33414140589366 109.33642386157962 110.14701318395493 110.38528217738622 110.37996922615145 110.37653098421728 110.73460736244044 113.94160579183375 113.69920379004651 114.00091411404557 116.45694047115254 122.36974405996048 136.7354717468842 148.1863704344337 150.84521600070363 150.84551898204074 150.84648691779952 150.45833553251117 114.61454011925025 105.76329454229318 106.55235753616162 112.12083238827489 117.9803656305469 113.86042727057722 103.92376692327313 103.91811363470111 103.91253846470642 103.99224369135771 103.99335505221916 121.91930004811721 146.22481662357782 146.2239245150659
canvas 0 8 109.33371602908751 109.66271690903751 110.47279196695968 110.38424115219199 110.37879519693367 111.1132336585581 116.9228166615445 123.79042406076361 127.194388447514 125.90150547172374 125.90131353995368 130.37844108696896 142.43151174340107 147.41325635902714 150.84338411499556 150.84392611662267 148.72242868841994 118.40278776050337 97.88708240759902 94.14862938454743 92.29800064934213 91.77191819081062 92.01278255006645 94.65388332286169 103.92596816509885 103.91963766828306 103.62733721162694 103.98729767854947 103.98705889044619 131.48499442579086 146.23752592829064 146.23649342085935
canvas 0 9 109.91810090035554 114.08132853658847 120.06661942982697 121.5026657646352 128.36572952487634 133.73336180776485 142.16100940340075 151.00772173639297 135.29228407328822 125.90185595216963 128.4477856768029 137.78531189702096 140.78651921986824 140.78665387989608 140.78681597443023 138.4185692101434 122.54508714475178 102.92775867043503 92.59727518938706 88.95437951240235 88.14979246142731 86.93972260397985 85.30060760594947 86.75444330421134 93.17770068942896 96.91789955651603 102.5348111010988 103.98557101518944 131.64246554048054 154.19756598432787 154.04316002053042 154.0328362221711
canvas 0 10 122.04447763522171 122.04440605046995 122.04421254903421 134.34220764977965 137.23077763983395 146.19926960251772 188.88433956858776 189.18966791297225 188.8610947549087 185.56352117900275 175.1865295949265 153.02967155003518 140.78779049492596 140.78715935629953 105.13140358707088 94.5888564482997 94.58893268094324 81.29315836529166 74.11184304968567 72.32452746774963 71.53080836386111 72.01002453194543 73.88783820157515 79.09856419035255 102.04092087646012 120.04818574577143 137.78230253878957 153.7388374951079 156.2303483561627 155.21634618232946 154.05048186428084 154.02439457966324
canvas 0 11 122.04507445156295 122.04444593525352 127.39501843849975 136.33426681116435 142.7298435657292 164.30150941592788 188.96038713343904 192.1934030179047 192.637856345553 192.6388905408784 192.64019425267037 168.50704470727666 140.78925424264295 108.30473130113066 94.58803037615658 94.58754327614676 77.37197014474903 72.67070662380497 70.60178862043746 67.3394171333051 66.4489484298323 66.4483220920031 66.44800957604379 66.44677503341136 125.60649837275184 150.59401284437166 158.55625353991286 160.58540871348987 160.58369209790675 158.3868576278648 154.09280370496947 154.01660251059653
canvas 0 12 122.04666060327973 122.0467086876799 129.0832045961422 138.9885415955913 151.5570607384953 166.7085340068332 187.9789927065195 192.21121163858183 192.6354973638579 192.63732115849612 192.48188248393606 177.99665742219287 135.11765030269146 103.36288690856604 94.58791198481406 86.34841244357351 75.5458280787847 72.13128240869905 69.42427095128093 67.00389672036418 66.44817203549196 66.44831894253431 66.4477517209586 66.44436187740072 103.22612886766657 142.91019606611206 156.66508800045767 160.5869662780557 162.09706557955073 162.09633782893513 159.92816511215773 158.34999900383374
canvas 0 13 122.04734408258656 122.04817889687826 133.47696925362143 148.43311605991474 160.19490063505677 167.85278783699667 185.80134673896214 191.9389357287087 192.82735081044794 192.82773239215558 192.82874970521806 186.19434121939327 136.64209590790983 103.46302145523565 91.0760085728507 82.22109269814796 76.38810058965366 72.93727934846129 70.03493475399716 67.18021388607958 66.44683239429857 66.4483031328306 66.4485933246697 66.44697882377686 118.53091703548681 141.5752734277551 154.19477153368655 159.8583414956511 162.0959119956473 162.24772690505506 159.6180207751763 158.34910865066178
canvas 0 14 122.04577717832854 134.0315586916672 154.05676368166542 163.35774846406434 164.94727462757197 168.82038735423976 182.0401445807153 190.68180572061107 192.82721406781536 192.8262979215813 190.85712915872247 169.68638499730596 136.49331020879848 106.67980645953011 92.73376679740991 84.1937077675338 79.57757280106536 76.27744749746293 73.26807218592208 68.26405304635125 66.44471998997349 66.44676765282495 66.44869757546454 88.01892096693378 127.06643503248094 139.07814814582892 149.45307995555834 155.0443136398359 152.07990273575163 142.46942350174874 141.0692094548954 141.60558794647213
canvas 0 15 162.5876730500874 162.58679591436055 163.4625124853941 165.0451189960751 165.81227185730708 167.94581519908462 174.1402241845107 179.145054091654 158.4963585109562 143.76554070780898 136.66931680808636 136.67134585319022 128.9423447665553 109.61044489267275 99.12463819332048 97.43068528747526 97.39866620095022 97.40120051924816 97.40181196544869 97.39929334365497 97.41853474785835 98.48205117187415 106.04876359357101 112.79009380042869 111.26718100741192 111.26082956352326 111.25972405952564 111.27497977751838 116.73177984217406 128.8757376032667 140.0529160513202 141.58846255768213
canvas 0 16 162.59412215021112 162.97898684399428 164.0161286636859 165.25813302206788 165.4823322109339 165.47856445862737 165.48059383615822 145.81191098834316 143.50312102713596 139.628621908536 136.6679228961162 129.47718329741008 117.16456119827507 108.80089681663793 100.16778323374864 97.54474093511249 97.40126992821632 97.40307024521644 97.40492638296968 117.98385543343949 119.8412043347503 121.3852800703934 123.4975920624178 121.06953329846394 111.25212871704859 111.24060734954939 111.23330084242014 112.99792745263466 113.08962255815374 115.01405613694908 132.45828353064604 141.5899548091347
canvas 0 17 162.21765643491568 162.39330619115734 163.31011811004 165.0451962173755 165.47375590561083 165.47152245703822 143.81795144074263 132.85303853290162 134.90113715529833 133.15304812046134 126.55556658376163 117.83782089878824 115.53145550528527 110.55776174279809 102.61938967675258 98.05666270739684 97.40158271510637 97.40066278480872 137.27521688710195 138.31317617797464 137.90177347048933 136.59433230861418 134.1615783889518 130.2431238224878 111.25770954489509 111.23837486012677 113.30135473234952 113.25217005768249 112.93238827921004 112.76406623481887 112.86482209899914 112.87247894884588
canvas 0 18 160.1099074314194 160.11290832582006 160.49124865928712 163.81558564110742 164.96552635629666 151.4297301030914 128.7183211270738 118.45595625308185 118.67694181296017 117.41967549631686 116.19683759058313 116.05789388002745 116.05660230956877 113.83198300534036 108.12935760905846 101.0479202714132 97.40253472474036 113.38645814901689 139.52782669535443 139.56096575484466 139.50383080772812 139.25720909051748 137.70643837914926 136.32693410058212 111.28390106634193 113.01885564489372 113.63280853115114 113.6259098488009 112.98447056507145 112.5332155005471 112.86517485801902 112.8668374274905
canvas 0 19 160.10936461569864 151.15184632661163 144.86409591931184 145.58114684906664 143.31867322211147 129.93220973781357 114.45386379838057 108.88252260161839 111.99772383059316 113.10505007378931 114.48452473604034 116.0650006268167 117.89660355662755 117.89847711894662 117.90141567573595 116.48674345948949 117.88355541655567 135.43216311867218 139.69206391866877 139.63458544639678 139.5717387000381 139.57156922774598 138.1351998068654 137.45106264968618 114.28974003570906 114.00101727026352 113.63772840813814 113.64484589937838 111.79343279227383 110.69088687729234 112.8594942491391 112.86182562392568
canvas 0 20 100.96211412022244 100.96556500911586 100.97107941898564 100.97865833089487 96.87078803863294 92.46887661447234 88.5259294737078 88.54031294047265 94.79848171129855 99.97765707740211 106.3080173444954 113.98672645854673 117.89749983072686 117.89863477056878 130.32452099187208 144.38857620592 156.73128428518956 152.101407158545 141.99009319248682 139.72903735582923 139.5732941610247 139.57554698935354 138.20638487849578 135.72604885647334 120.63831958492031 117.1708641919773 113.63553793634847 105.49737864994671 104.95809260218891 105.99509025465198 112.85603197562068 124.51913686101486
canvas 0 21 100.96706949254988 100.96910234279443 100.97180054060546 85.10895524120747 77.70320356033645 75.14706696556554 74.05107038534521 74.8859044838834 79.5483209573118 84.05958933353098 92.30272647491948 109.03127285282815 117.89762867065375 143.56050189457267 169.60634277497357 169.59869877245828 172.8023552466975 168.86315132307976 147.29882195508708 140.32462767817725 139.5729547460254 140.17351048277578 138.6013778295822 133.47180544995248 125.46410696292858 122.62664972816317 116.60972673079891 105.03809248679514 102.31382260590146 102.31927224956235 113.88926872339628 124.49610714666188
canvas 0 22 100.96644931964676 100.969452408991 83.40373337946285 67.72433975614855 67.68097097813096 67.73569015526276 67.88557016887938 68.35833705431901 72.09145312983199 73.38970155793646 77.44361402185925 101.61032101617288 129.0814103894264 169.61105402218905 169.6048979520811 170.6858072179184 179.6472367049907 179.65526449385203 155.55883431006367 146.7192818800632 146.06808720683063 145.02287858726447 142.47731384437202 133.2523782187764 126.90571373762593 126.3971566742979 123.57253050366226 106.51570056674026 102.31853036233468 102.31689341379361 108.78816785706191 124.46838961938009
canvas 0 23 100.95825699972734 97.48141151326969 67.4354039301602 67.43946968218134 67.44521609874062 67.45375132372347 67.45209144079855 67.44613440017226 71.18114397604816 71.17877657568324 71.17676696598693 91.40110967954112 135.5177601777876 169.6086310247939 170.01437963075261 171.79755178309077 179.6494188848644 179.65721015521234 160.29038872416703 147.6113923147883 147.61671570774956 147.62135425989567 147.6224318331694 133.46579698720112 127.11700865769242 127.11985984043696 127.12146081679072 110.04078042484879 102.32924819934267 102.33123346123924 102.33253766289718 102.34789875907978
constants method=tv centres_tested=8.627622486870601e-13 centres_reference=4.510791180808633e-14 tau=1.9267848867997692 sigma=0.06422616289332565 rho=1.9 root=0.9949874371066201 gamma_max=1.0 lipschitz=78.38367176906178 dual_lipschitz=11528.111033469459 dual_centres=0.0005274300502137627 weight_max=2.5e-06 dual_reach=4075.802743018852 dual_fixed=0.3780000000000001 xi_bound=78.38367176906178 xi_terms_bound=78.38367176906178 cells=1 vector_terms=2 tensor_terms=3 primal_terms=2324 dual_terms=776 dual_rounding=4
start SI0=5075.416273949084 ScenA=8.627622486870601e-13 ScenR=4.510791180808633e-14 Sgx0=544.3195906170212
majorant 0 Ma=34.95955869299714 McenA=2.1281326519323553e-18 McenR=1.5678655031470195e-19 Md=0.0 Mf=24191.89372497549 Mg=34.95955869299714 Mi=5075.416273949087 Mmean=0.0 Mp=22.542751843156022 Mphi=3544.433729677282 Mput=0.0 Mq=227.645378086851 Mrp=42.831228501996435 Mrx=9924.41444309639 Mx=3544.433729677282
majorant 1 Ma=66.8627752767038 McenA=2.1281326519323553e-18 McenR=1.5678655031470195e-19 Md=200.66763597818957 Mf=24172.72243205088 Mg=28.453615002346968 Mi=5085.117876834891 Mmean=0.0 Mp=26.802292961192247 Mphi=3533.8607680832756 Mput=0.0 Mq=226.41892021312563 Mrp=88.33156496230848 Mrx=9903.975669708187 Mx=3544.4337296772837
majorant 2 Ma=42.21765095588956 McenA=2.1281326519323553e-18 McenR=1.5678655031470195e-19 Md=85.86024062419932 Mf=24149.769913531294 Mg=32.35062533263959 Mi=5147.798027777142 Mmean=0.0 Mp=26.43416650343674 Mphi=3523.9490571963443 Mput=0.0 Mq=226.4614004041222 Mrp=64.87821943917578 Mrx=9871.899026724956 Mx=3526.1181675758858
majorant 3 Ma=63.134116972331206 McenA=2.1281326519323553e-18 McenR=1.5678655031470195e-19 Md=179.96207126967627 Mf=24117.290833520892 Mg=28.319848435806662 Mi=5162.810433316003 Mmean=0.0 Mp=26.745750220259975 Mphi=3517.4816431525373 Mput=0.0 Mq=226.05895703160948 Mrp=84.3400038800745 Mrx=9865.773269313913 Mx=3525.9205021650605
majorant 4 Ma=44.42056463487808 McenA=2.1281326519323553e-18 McenR=1.5678655031470195e-19 Md=93.70011501513765 Mf=24122.09501229067 Mg=31.85601323222547 Mi=5202.506379125708 Mmean=0.0 Mp=26.56597382927499 Mphi=3517.3863680759873 Mput=0.0 Mq=226.60687895066548 Mrp=67.24954983883107 Mrx=9863.12279838053 Mx=3519.972390564463
majorant 5 Ma=61.017633539695915 McenA=2.1281326519323553e-18 McenR=1.5678655031470195e-19 Md=168.637613045701 Mf=24145.413613481214 Mg=28.906428415050087 Mi=5223.812747597642 Mmean=0.0 Mp=26.68879834638027 Mphi=3520.218183032902 Mput=0.0 Mq=226.16823750659987 Mrp=82.00853239835594 Mrx=9871.237464521513 Mx=3527.7985488303516
majorant 6 Ma=46.325932487404636 McenA=2.1281326519323553e-18 McenR=1.5678655031470195e-19 Md=100.02280911880496 Mf=24135.31432606427 Mg=31.872465646747298 Mi=5256.905532897741 Mmean=0.0 Mp=26.61453779427891 Mphi=3518.747826055762 Mput=0.0 Mq=226.63973498045516 Mrp=68.82005013002862 Mrx=9867.053998035586 Mx=3521.71099671363
majorant 7 Ma=59.40591856946073 McenA=2.1281326519323553e-18 McenR=1.5678655031470195e-19 Md=159.94105305851397 Mf=24153.5077688898 Mg=29.20813967058694 Mi=5269.063677897148 Mmean=0.0 Mp=26.669733968519452 Mphi=3521.367682899252 Mput=0.0 Mq=226.35588937935 Mrp=80.37346822919396 Mrx=9875.288805441243 Mx=3528.3887493571824
majorant 8 Ma=47.70842797777141 McenA=2.1281326519323553e-18 McenR=1.5678655031470195e-19 Md=105.23539653734557 Mf=24152.533968075422 Mg=31.641867544305292 Mi=5280.863830987806 Mmean=0.0 Mp=26.66573052837123 Mphi=3521.222699027354 Mput=0.0 Mq=226.69590389106983 Mrp=70.05291409333019 Mrx=9873.253903505094 Mx=3524.5300925765187
majorant 9 Ma=58.247475967283755 McenA=2.1281326519323553e-18 McenR=1.5678655031470195e-19 Md=153.4398012425609 Mf=24163.012319322203 Mg=29.5168727077609 Mi=5294.127056318592 Mmean=0.0 Mp=26.675923002973704 Mphi=3522.783913240592 Mput=0.0 Mq=226.44975888233853 Mrp=79.23458935032029 Mrx=9878.63766546193 Mx=3529.3721390306537
majorant 10 Ma=48.842606148778906 McenA=2.1281326519323553e-18 McenR=1.5678655031470195e-19 Md=108.7911662382285 Mf=24160.03296118882 Mg=31.54931298526424 Mi=5311.986357846596 Mmean=0.0 Mp=26.642804341682627 Mphi=3522.3977187500154 Mput=0.0 Mq=226.7349057232796 Mrp=70.84788696342943 Mrx=9876.625364484336 Mx=3525.9784189413035
majorant 11 Ma=57.35604172050346 McenA=2.1281326519323553e-18 McenR=1.5678655031470195e-19 Md=147.96478729941398 Mf=24169.09752898659 Mg=29.884214087207738 Mi=5327.453284829729 Mmean=0.0 Mp=26.596224807242937 Mphi=3523.7759497623715 Mput=0.0 Mq=226.5429990927996 Mrp=78.14701323583972 Mrx=9881.31605866495 Mx=3530.0301552935284
majorant 12 Ma=49.743205649135405 McenA=2.1281326519323553e-18 McenR=1.5678655031470195e-19 Md=111.7382182601806 Mf=24167.39859426203 Mg=31.560426302735774 Mi=5341.001402436453 Mmean=0.0 Mp=26.527601162718756 Mphi=3523.5758455558507 Mput=0.0 Mq=226.7832374180152 Mrp=71.21866848052098 Mrx=9880.025425340466 Mx=3527.3966837211137
majorant 13 Ma=56.5839304242849 McenA=2.1281326519323553e-18 McenR=1.5678655031470195e-19 Md=143.42547931538738 Mf=24175.614220242056 Mg=30.169657916110346 Mi=5349.691560874283 Mmean=0.0 Mp=26.52082791649021 Mphi=3524.831688170238 Mput=0.0 Mq=226.62624591594317 Mrp=77.18539304026925 Mrx=9884.057740368311 Mx=3530.8206057987313
majorant 14 Ma=50.47328514219575 McenA=2.1281326519323553e-18 McenR=1.5678655031470195e-19 Md=114.50880287496652 Mf=24174.168304804243 Mg=31.521988477821687 Mi=5356.939470388371 Mmean=0.0 Mp=26.522787176710594 Mphi=3524.6499488333156 Mput=0.0 Mq=226.793450917828 Mrp=71.75897439337315 Mrx=9882.573828188297 Mx=3528.6711850888523
majorant 15 Ma=56.025344149468765 McenA=2.1281326519323553e-18 McenR=1.5678655031470195e-19 Md=140.2389280910433 Mf=24177.883686581714 Mg=30.413644277849723 Mi=5362.567784788709 Mmean=0.0 Mp=26.5549029270866 Mphi=3525.263739754571 Mput=0.0 Mq=226.67046345312127 Mrp=76.68556499308413 Mrx=9885.149036957655 Mx=3531.0383899858034
majorant 16 Ma=51.132185110586775 McenA=2.1281326519323553e-18 McenR=1.5678655031470195e-19 Md=117.28701174243723 Mf=24176.943581029587 Mg=31.540706824633386 Mi=5370.157929529648 Mmean=0.0 Mp=26.56187709980692 Mphi=3525.155073889563 Mput=0.0 Mq=226.80796075409913 Mrp=72.35562770916498 Mrx=9884.049368155962 Mx=3529.3387181910934
majorant 17 Ma=55.59708583533958 McenA=2.1281326519323553e-18 McenR=1.5678655031470195e-19 Md=138.10485850916126 Mf=24180.044122089577 Mg=30.633803669089776 Mi=5376.776895696674 Mmean=0.0 Mp=26.577373506852357 Mphi=3525.6821691156024 Mput=0.0 Mq=226.70784692876944 Mrp=76.2899422003709 Mrx=9886.18587966762 Mx=3531.288353617241
majorant 18 Ma=51.64765171456317 McenA=2.1281326519323553e-18 McenR=1.5678655031470195e-19 Md=119.48064495685824 Mf=24179.269142004032 Mg=31.542503717653933 Mi=5383.804443081872 Mmean=0.0 Mp=26.579862340819126 Mphi=3525.5884216295203 Mput=0.0 Mq=226.818472612775 Mrp=72.79255912664892 Mrx=9885.273146305759 Mx=3529.9057974554535
majorant 19 Ma=55.243766577272574 McenA=2.1281326519323553e-18 McenR=1.5678655031470195e-19 Md=136.1072643069392 Mf=24181.770060462106 Mg=30.801802922587367 Mi=5389.466538753994 Mmean=0.0 Mp=26.583631341581718 Mphi=3526.0030661989354 Mput=0.0 Mq=226.73717454455678 Mrp=75.9445746340553 Mrx=9886.977157856303 Mx=3531.473645466116
majorant 20 Ma=52.04280988330965 McenA=2.1281326519323553e-18 McenR=1.5678655031470195e-19 Md=120.98304406925239 Mf=24181.2158999849 Mg=31.52552104470823 Mi=5393.947541386426 Mmean=0.0 Mp=26.58039913318189 Mphi=3525.92142307835 Mput=0.0 Mq=226.82855709398677 Mrp=73.10621844948486 Mrx=9886.255491832244 Mx=3530.349972894595
majorant 21 Ma=54.93742644904309 McenA=2.1281326519323553e-18 McenR=1.5678655031470195e-19 Md=134.47644299649042 Mf=24183.466716996074 Mg=30.91454692970776 Mi=5397.046056560855 Mmean=0.0 Mp=26.59279366941588 Mphi=3526.284863269948 Mput=0.0 Mq=226.76430483175548 Mrp=75.66391924503975 Mrx=9887.706382538061 Mx=3531.6458852902315
majorant 22 Ma=52.384296825413706 McenA=2.1281326519323553e-18 McenR=1.5678655031470195e-19 Md=122.51966531596061 Mf=24183.16469170294 Mg=31.534663797381086 Mi=5401.127871672099 Mmean=0.0 Mp=26.59772344337763 Mphi=3526.2422255666766 Mput=0.0 Mq=226.83033967351372 Mrp=73.41055050431079 Mrx=9887.048479479898 Mx=3530.7605847524246
majorant 23 Ma=54.72598552260844 McenA=2.1281326519323553e-18 McenR=1.5678655031470195e-19 Md=133.36478177149024 Mf=24184.102092429053 Mg=31.046062766218334 Mi=5404.543585319058 Mmean=0.0 Mp=26.605360583024062 Mphi=3526.418767226683 Mput=0.0 Mq=226.77349446560945 Mrp=75.46480421376593 Mrx=9887.936174767834 Mx=3531.6933115476872
majorant 24 Ma=52.66640018508624 McenA=2.1281326519323553e-18 McenR=1.5678655031470195e-19 Md=123.63261474854419 Mf=24183.259851212668 Mg=31.55639120742054 Mi=5408.233794542134 Mmean=0.0 Mp=26.605243753569965 Mphi=3526.3074618469923 Mput=0.0 Mq=226.8278087892704 Mrp=73.63879880326773 Mrx=9887.272488394572 Mx=3530.8993479806404
majorant 25 Ma=54.54776463446736 McenA=2.1281326519323553e-18 McenR=1.5678655031470195e-19 Md=132.30834933526026 Mf=24183.981593127177 Mg=31.148157909822473 Mi=5411.300749503854 Mmean=0.0 Mp=26.609228840056623 Mphi=3526.4582218843643 Mput=0.0 Mq=226.7818269691772 Mrp=75.28558292102453 Mrx=9888.00772637999 Mx=3531.6631722329194
majorant 26 Ma=52.88080558230577 McenA=2.1281326519323553e-18 McenR=1.5678655031470195e-19 Md=124.51810611517536 Mf=24183.26759573053 Mg=31.55491508725319 Mi=5413.7702359505165 Mmean=0.0 Mp=26.61554726389289 Mphi=3526.369804996898 Mput=0.0 Mq=226.82624158678803 Mrp=73.82712154665477 Mrx=9887.478865020294 Mx=3531.0213983242347
majorant 27 Ma=54.409001993487685 McenA=2.1281326519323553e-18 McenR=1.5678655031470195e-19 Md=131.61104679562908 Mf=24183.86321246308 Mg=31.227674720338037 Mi=5416.132585831003 Mmean=0.0 Mp=26.620853487295193 Mphi=3526.497813471641 Mput=0.0 Mq=226.78898158443033 Mrp=75.1689718022203 Mrx=9888.08529036515 Mx=3531.6463783524755
majorant 28 Ma=53.06074679450225 McenA=2.1281326519323553e-18 McenR=1.5678655031470195e-19 Md=125.28817427082049 Mf=24183.306215143137 Mg=31.56020431505745 Mi=5418.488818178568 Mmean=0.0 Mp=26.62096447994619 Mphi=3526.426497459053 Mput=0.0 Mq=226.8251197873609 Mrp=73.97794983275621 Mrx=9887.659166971669 Mx=3531.1265983057483
majorant 29 Ma=54.28873642352541 McenA=2.1281326519323553e-18 McenR=1.5678655031470195e-19 Md=130.97043069231663 Mf=24183.80424601747 Mg=31.287119800690164 Mi=5420.487602363 Mmean=0.0 Mp=26.62498588181099 Mphi=3526.5323858132183 Mput=0.0 Mq=226.79495957355613 Mrp=75.05678916185249 Mrx=9888.154638786296 Mx=3531.6352174179833
majorant 30 Ma=53.20135160537767 McenA=2.1281326519323553e-18 McenR=1.5678655031470195e-19 Md=125.9079165038758 Mf=24183.354349865887 Mg=31.558849681704324 Mi=5422.378512208592 Mmean=0.0 Mp=26.6265629936146 Mphi=3526.475246279179 Mput=0.0 Mq=226.82437363899408 Mrp=74.1014120411133 Mrx=9887.81209560406 Mx=3531.214582607402
majorant 31 Ma=54.196241961759526 McenA=2.1281326519323553e-18 McenR=1.5678655031470195e-19 Md=130.5002864026215 Mf=24183.753515168828 Mg=31.34095428015907 Mi=5424.362026329026 Mmean=0.0 Mp=26.6239087209837 Mphi=3526.5630329167243 Mput=0.0 Mq=226.7999703276658 Mrp=74.96082339394074 Mrx=9888.217906901318 Mx=3531.6286703625237
majorant 32 Ma=53.31224053487771 McenA=2.1281326519323553e-18 McenR=1.5678655031470195e-19 Md=126.30894186479436 Mf=24183.389166622786 Mg=31.560924274599753 Mi=5426.1927723679355 Mmean=0.0 Mp=26.62274524213604 Mphi=3526.5170328786876 Mput=0.0 Mq=226.8236734317793 Mrp=74.17531859012023 Mrx=9887.939552923024 Mx=3531.2884673646677
majorant 33 Ma=54.121086014280564 McenA=2.1281326519323553e-18 McenR=1.5678655031470195e-19 Md=130.03969059800832 Mf=24183.710756031105 Mg=31.387029030530908 Mi=5427.653078023971 Mmean=0.0 Mp=26.625456143578685 Mphi=3526.586046722671 Mput=0.0 Mq=226.80382289835725 Mrp=74.88300021870711 Mrx=9888.263555490406 Mx=3531.6220928241546
majorant 34 Ma=53.410164831586485 McenA=2.1281326519323553e-18 McenR=1.5678655031470195e-19 Md=126.70348347587243 Mf=24183.41129185736 Mg=31.56945830936363 Mi=5428.994181668081 Mmean=0.0 Mp=26.63074982284102 Mphi=3526.5478310403896 Mput=0.0 Mq=226.8230322541965 Mrp=74.2647702668689 Mrx=9888.035510032305 Mx=3531.3451866630594
majorant 35 Ma=54.0722486580679 McenA=2.1281326519323553e-18 McenR=1.5678655031470195e-19 Md=129.76436581766401 Mf=24183.65929389162 Mg=31.436092461300568 Mi=5430.499294767651 Mmean=0.0 Mp=26.634185196204147 Mphi=3526.603952456249 Mput=0.0 Mq=226.8070568660531 Mrp=74.84542106827395 Mrx=9888.299622906436 Mx=3531.615483442925
majorant 36 Ma=53.500822271596974 McenA=2.1281326519323553e-18 McenR=1.5678655031470195e-19 Md=127.05535941208345 Mf=24183.411410668697 Mg=31.59271889162206 Mi=5432.187716021577 Mmean=0.0 Mp=26.63362578140262 Mphi=3526.574637241647 Mput=0.0 Mq=226.82273540710236 Mrp=74.33325019503276 Mrx=9888.119548971667 Mx=3531.392726145597
majorant 37 Ma=54.0338578693785 McenA=2.1281326519323553e-18 McenR=1.5678655031470195e-19 Md=129.50814843761782 Mf=24183.618578908685 Mg=31.48476522372192 Mi=5433.770862858232 Mmean=0.0 Mp=26.631198354696966 Mphi=3526.6215576633954 Mput=0.0 Mq=226.80982060993577 Mrp=74.78754751786478 Mrx=9888.337200856216 Mx=3531.613506060092
majorant 38 Ma=53.56419089949211 McenA=2.1281326519323553e-18 McenR=1.5678655031470195e-19 Md=127.29545978197092 Mf=24183.4171014954 Mg=31.603228694328763 Mi=5434.949701890669 Mmean=0.0 Mp=26.630402266538677 Mphi=3526.5982286480153 Mput=0.0 Mq=226.8224623183479 Mrp=74.36858115367423 Mrx=9888.191312434872 Mx=3531.4335340992975
majorant 39 Ma=53.9938641472794 McenA=2.1281326519323553e-18 McenR=1.5678655031470195e-19 Md=129.28172821921322 Mf=24183.580502457735 Mg=31.51065277758109 Mi=5435.876940709538 Mmean=0.0 Mp=26.631598105965868 Mphi=3526.635318583942 Mput=0.0 Mq=226.81204189689993 Mrp=74.74498389297905 Mrx=9888.366555221237 Mx=3531.6115303880115
majorant 40 Ma=53.61551463094002 McenA=2.1281326519323553e-18 McenR=1.5678655031470195e-19 Md=127.51256808084275 Mf=24183.4235734026 Mg=31.606933807494684 Mi=5436.904700596346 Mmean=0.0 Mp=26.633964011614097 Mphi=3526.6170738580795 Mput=0.0 Mq=226.8224380539698 Mrp=74.41471760074712 Mrx=9888.251763859227 Mx=3531.4663030342003
majorant 41 Ma=53.96667754390518 McenA=2.1281326519323553e-18 McenR=1.5678655031470195e-19 Md=129.13817725314982 Mf=24183.56362247185 Mg=31.535062939642312 Mi=5438.0624036230265 Mmean=0.0 Mp=26.636351887129123 Mphi=3526.6495622955313 Mput=0.0 Mq=226.8142622748671 Mrp=74.72443035216351 Mrx=9888.40199442475 Mx=3531.6128241399992
majorant 42 Ma=53.663018891114056 McenA=2.1281326519323553e-18 McenR=1.5678655031470195e-19 Md=127.71039800299998 Mf=24183.43757198679 Mg=31.61696180264807 Mi=5439.238744415041 Mmean=0.0 Mp=26.636305830682428 Mphi=3526.638815526856 Mput=0.0 Mq=226.8230009668398 Mrp=74.45376749185395 Mrx=9888.321140634413 Mx=3531.499225767196
majorant 43 Ma=53.94594667688292 McenA=2.1281326519323553e-18 McenR=1.5678655031470195e-19 Md=129.00332590976817 Mf=24183.547979795665 Mg=31.560097872524956 Mi=5440.258281434859 Mmean=0.0 Mp=26.63460002719149 Mphi=3526.669990583826 Mput=0.0 Mq=226.8166003308082 Mrp=74.69387799223715 Mrx=9888.455115838886 Mx=3531.6228074429387
majorant 44 Ma=53.699609124834474 McenA=2.1281326519323553e-18 McenR=1.5678655031470195e-19 Md=127.82374296588223 Mf=24183.44089027174 Mg=31.62880235985583 Mi=5441.240844040621 Mmean=0.0 Mp=26.634448243728137 Mphi=3526.664783193305 Mput=0.0 Mq=226.8238088701675 Mrp=74.4715454682751 Mrx=9888.398054248062 Mx=3531.534313461424
majorant 45 Ma=53.93322311511489 McenA=2.1281326519323553e-18 McenR=1.5678655031470195e-19 Md=128.87778717209247 Mf=24183.527146805773 Mg=31.587900293593652 Mi=5442.341959552315 Mmean=0.0 Mp=26.636324403408096 Mphi=3526.6920238216576 Mput=0.0 Mq=226.81864776139793 Mrp=74.67461634683663 Mrx=9888.510869761174 Mx=3531.636515795023
majorant 46 Ma=53.73722283092478 McenA=2.1281326519323553e-18 McenR=1.5678655031470195e-19 Md=127.94209325259239 Mf=24183.441867406385 Mg=31.64585197430367 Mi=5443.484973327733 Mmean=0.0 Mp=26.637353641339914 Mphi=3526.6881616246296 Mput=0.0 Mq=226.8244124986118 Mrp=74.5002719692477 Mrx=9888.46439280612 Mx=3531.565291651987
majorant 47 Ma=53.9237095801914 McenA=2.1281326519323553e-18 McenR=1.5678655031470195e-19 Md=128.79295533411687 Mf=24183.515819597025 Mg=31.609218936220177 Mi=5444.36916019643 Mmean=0.0 Mp=26.636840891767633 Mphi=3526.7091531679953 Mput=0.0 Mq=226.82006719120324 Mrp=74.6596931214188 Mrx=9888.551293753262 Mx=3531.6470008562574
majorant 48 Ma=53.76077071700679 McenA=2.1281326519323553e-18 McenR=1.5678655031470195e-19 Md=128.01959207708916 Mf=24183.450677395023 Mg=31.651747255150255 Mi=5444.954971552784 Mmean=0.0 Mp=26.636116300379854 Mphi=3526.7037129325004 Mput=0.0 Mq=226.82457739741267 Mrp=74.51300949460658 Mrx=9888.506654474731 Mx=3531.586813730742
majorant 49 Ma=53.91084991347821 McenA=2.1281326519323553e-18 McenR=1.5678655031470195e-19 Md=128.70540280244694 Mf=24183.514560341704 Mg=31.620898295134925 Mi=5445.404588653501 Mmean=0.0 Mp=26.63773794312917 Mphi=3526.718349501017 Mput=0.0 Mq=226.82096813475056 Mrp=74.64559399633069 Mrx=9888.57115331857 Mx=3531.650516566424
majorant 50 Ma=53.782994849192136 McenA=2.1281326519323553e-18 McenR=1.5678655031470195e-19 Md=128.09717034772777 Mf=24183.46240606963 Mg=31.65843205835842 Mi=5445.949122450353 Mmean=0.0 Mp=26.64038227837376 Mphi=3526.7125406689747 Mput=0.0 Mq=226.8246794660153 Mrp=74.53684506407134 Mrx=9888.533207368297 Mx=3531.6003180154166
majorant 51 Ma=53.906771705594394 McenA=2.1281326519323553e-18 McenR=1.5678655031470195e-19 Md=128.65627019926367 Mf=24183.509557733993 Mg=31.635123249035725 Mi=5446.5168305418965 Mmean=0.0 Mp=26.642561979594568 Mphi=3526.725127618233 Mput=0.0 Mq=226.8218567054896 Mrp=74.64791130959345 Mrx=9888.588388096343 Mx=3531.6527060835633
majorant 52 Ma=53.8028089627463 McenA=2.1281326519323553e-18 McenR=1.5678655031470195e-19 Md=128.15236082821318 Mf=24183.460493717375 Mg=31.665300406316653 Mi=5447.038893554852 Mmean=0.0 Mp=26.644393026360376 Mphi=3526.7218776327227 Mput=0.0 Mq=226.82492805115652 Mrp=74.55887900910034 Mrx=9888.56140954258 Mx=3531.613573862314
majorant 53 Ma=53.90383422195571 McenA=2.1281326519323553e-18 McenR=1.5678655031470195e-19 Md=128.60506801425396 Mf=24183.495320768947 Mg=31.648206460915283 Mi=5447.5924432479405 Mmean=0.0 Mp=26.645947843215897 Mphi=3526.733038582025 Mput=0.0 Mq=226.82269867785314 Mrp=74.64816956839486 Mrx=9888.60886597453 Mx=3531.657045962975
majorant 54 Ma=53.82172984119313 McenA=2.1281326519323553e-18 McenR=1.5678655031470195e-19 Md=128.20536951645653 Mf=24183.458192844915 Mg=31.67634072111028 Mi=5448.205641607389 Mmean=0.0 Mp=26.64628560469077 Mphi=3526.731265460874 Mput=0.0 Mq=226.82525130385127 Mrp=74.57376226423433 Mrx=9888.58965319987 Mx=3531.6262445015886
majorant 55 Ma=53.903141760119695 McenA=2.1281326519323553e-18 McenR=1.5678655031470195e-19 Md=128.57018921911023 Mf=24183.49191719357 Mg=31.663228897945967 Mi=5448.7837385110215 Mmean=0.0 Mp=26.64568528181133 Mphi=3526.741276545244 Mput=0.0 Mq=226.82347008821736 Mrp=74.64075669402712 Mrx=9888.630332683457 Mx=3531.662462514424
majorant 56 Ma=53.83383053986625 McenA=2.1281326519323553e-18 McenR=1.5678655031470195e-19 Md=128.2408272430523 Mf=24183.465882999764 Mg=31.68260171082242 Mi=5449.202132739183 Mmean=0.0 Mp=26.64593972075903 Mphi=3526.7402776642643 Mput=0.0 Mq=226.825511957709 Mrp=74.57890925896743 Mrx=9888.615139774562 Mx=3531.637928338373
majorant 57 Ma=53.89862211543807 McenA=2.1281326519323553e-18 McenR=1.5678655031470195e-19 Md=128.5438715393073 Mf=24183.495499128116 Mg=31.669003183375523 Mi=5449.498209103492 Mmean=0.0 Mp=26.647763829367438 Mphi=3526.748106451494 Mput=0.0 Mq=226.8240548075365 Mrp=74.63887866515172 Mrx=9888.647180274527 Mx=3531.6669033749085
majorant 58 Ma=53.84418258009843 McenA=2.1281326519323553e-18 McenR=1.5678655031470195e-19 Md=128.29153457299378 Mf=24183.47608415916 Mg=31.685184664192718 Mi=5449.816297778476 Mmean=0.0 Mp=26.649919870920314 Mphi=3526.7471568642595 Mput=0.0 Mq=226.82574528561057 Mrp=74.59521917935048 Mrx=9888.634996872594 Mx=3531.6467979692106
majorant 59 Ma=53.898201517380876 McenA=2.1281326519323553e-18 McenR=1.5678655031470195e-19 Md=128.53886584029155 Mf=24183.499690728117 Mg=31.67582532385556 Mi=5450.20328534758 Mmean=0.0 Mp=26.65108736271472 Mphi=3526.7540456929746 Mput=0.0 Mq=226.82462116416616 Mrp=74.6441049360475 Mrx=9888.662785965998 Mx=3531.670797895608
majorant 60 Ma=53.85336344639206 McenA=2.1281326519323553e-18 McenR=1.5678655031470195e-19 Md=128.32336579335012 Mf=24183.48198745323 Mg=31.688707747342036 Mi=5450.551597235489 Mmean=0.0 Mp=26.651630825827326 Mphi=3526.754088046405 Mput=0.0 Mq=226.82602708178973 Mrp=74.60515768321011 Mrx=9888.655048050183 Mx=3531.655371732068
majorant 61 Ma=53.896199478791736 McenA=2.1281326519323553e-18 McenR=1.5678655031470195e-19 Md=128.51553565070384 Mf=24183.499380937537 Mg=31.680440789600496 Mi=5450.835647824228 Mmean=0.0 Mp=26.652349566493402 Mphi=3526.760209514578 Mput=0.0 Mq=226.82515219046525 Mrp=74.64343141501377 Mrx=9888.679144439782 Mx=3531.6753963958568
majorant 62 Ma=53.8609164199487 McenA=2.1281326519323553e-18 McenR=1.5678655031470195e-19 Md=128.34461419012277 Mf=24183.484754389414 Mg=31.692459277328847 Mi=5451.172077873808 Mmean=0.0 Mp=26.652641462672474 Mphi=3526.760799323235 Mput=0.0 Mq=226.82635687684407 Mrp=74.61197882178432 Mrx=9888.674868507385 Mx=3531.663456063383
majorant 63 Ma=53.89692090550483 McenA=2.1281326519323553e-18 McenR=1.5678655031470195e-19 Md=128.50419217704084 Mf=24183.499871981414 Mg=31.688592706113127 Mi=5451.590208943674 Mmean=0.0 Mp=26.651918049702523 Mphi=3526.7667619001863 Mput=0.0 Mq=226.82571318456215 Mrp=74.63989656343986 Mrx=9888.697216086615 Mx=3531.680677731641
majorant 64 Ma=53.868065001475465 McenA=2.1281326519323553e-18 McenR=1.5678655031470195e-19 Md=128.3603977634725 Mf=24183.488850809743 Mg=31.699282409174494 Mi=5451.994562649245 Mmean=0.0 Mp=26.65067399907848 Mphi=3526.7682176514963 Mput=0.0 Mq=226.82670149972347 Mrp=74.60994258699009 Mrx=9888.695825026294 Mx=3531.6720183084976
majorant 65 Ma=53.89591715320289 McenA=2.1281326519323553e-18 McenR=1.5678655031470195e-19 Md=128.48140490674837 Mf=24183.501442362773 Mg=31.694761644370672 Mi=5452.278694171566 Mmean=0.0 Mp=26.65021844221534 Mphi=3526.773243256646 Mput=0.0 Mq=226.82613619471084 Mrp=74.63179876924616 Mrx=9888.713708245416 Mx=3531.6862047552854
majorant 66 Ma=53.872330444647616 McenA=2.1281326519323553e-18 McenR=1.5678655031470195e-19 Md=128.3680531638628 Mf=24183.49361653868 Mg=31.702109025067617 Mi=5452.466888077682 Mmean=0.0 Mp=26.651091527928198 Mphi=3526.7738095002846 Mput=0.0 Mq=226.82688393153026 Mrp=74.61222111148948 Mrx=9888.710602465826 Mx=3531.678552379134
majorant 67 Ma=53.896267811451715 McenA=2.1281326519323553e-18 McenR=1.5678655031470195e-19 Md=128.4774279066953 Mf=24183.505457632436 Mg=31.69888143141774 Mi=5452.6675952176065 Mmean=0.0 Mp=26.652608034506926 Mphi=3526.777154917713 Mput=0.0 Mq=226.82641247367766 Mrp=74.63569006070274 Mrx=9888.723380228093 Mx=3531.6892292120615
majorant 68 Ma=53.87854842419931 McenA=2.1281326519323553e-18 McenR=1.5678655031470195e-19 Md=128.3912821697251 Mf=24183.499884153847 Mg=31.705986720464534 Mi=5452.923340237824 Mmean=0.0 Mp=26.653969368255755 Mphi=3526.7774461928143 Mput=0.0 Mq=226.82705388036308 Mrp=74.62233771306852 Mrx=9888.72096264662 Mx=3531.6827894323346
majorant 69 Ma=53.89830696143275 McenA=2.1281326519323553e-18 McenR=1.5678655031470195e-19 Md=128.47843526245148 Mf=24183.508625862058 Mg=31.70386175305261 Mi=5453.197995766906 Mmean=0.0 Mp=26.65522145560362 Mphi=3526.7806682623645 Mput=0.0 Mq=226.8267389336892 Mrp=74.64140525347932 Mrx=9888.73326793846 Mx=3531.6919554525894
majorant 70 Ma=53.88431259209836 McenA=2.1281326519323553e-18 McenR=1.5678655031470195e-19 Md=128.4079789503048 Mf=24183.50184264243 Mg=31.71016701557379 Mi=5453.4567892272735 Mmean=0.0 Mp=26.656545341330766 Mphi=3526.781865551708 Mput=0.0 Mq=226.82734386389626 Mrp=74.63104847890926 Mrx=9888.734441070214 Mx=3531.6877557318385
majorant 71 Ma=53.90141645355365 McenA=2.1281326519323553e-18 McenR=1.5678655031470195e-19 Md=128.48004741752158 Mf=24183.506427190285 Mg=31.710122559372316 Mi=5453.766273439698 Mmean=0.0 Mp=26.657516276826392 Mphi=3526.785743813605 Mput=0.0 Mq=226.8271809048764 Mrp=74.64673046566399 Mrx=9888.74818990071 Mx=3531.6964931654725
majorant 72 Ma=53.89084466121954 McenA=2.1281326519323553e-18 McenR=1.5678655031470195e-19 Md=128.42176646672414 Mf=24183.499594724228 Mg=31.71694900642186 Mi=5454.124613120725 Mmean=0.0 Mp=26.657599924929194 Mphi=3526.7881214059307 Mput=0.0 Mq=226.82774261374976 Mrp=74.63608532705118 Mrx=9888.752848428043 Mx=3531.6945192524404
majorant 73 Ma=53.90398984606037 McenA=2.1281326519323553e-18 McenR=1.5678655031470195e-19 Md=128.474913943066 Mf=24183.50374359948 Mg=31.716893874421526 Mi=5454.461885722918 Mmean=0.0 Mp=26.657133666206455 Mphi=3526.792378701484 Mput=0.0 Mq=226.82763598417594 Mrp=74.64507028987585 Mrx=9888.766467699472 Mx=3531.702729195581
majorant 74 Ma=53.89413807564484 McenA=2.1281326519323553e-18 McenR=1.5678655031470195e-19 Md=128.42447508073627 Mf=24183.500460875275 Mg=31.721007873550246 Mi=5454.719632137515 Mmean=0.0 Mp=26.65710398637738 Mphi=3526.7947285784126 Mput=0.0 Mq=226.82807785228988 Mrp=74.63534414052042 Mrx=9888.770847514425 Mx=3531.7015630954343
majorant 75 Ma=53.90465906482307 McenA=2.1281326519323553e-18 McenR=1.5678655031470195e-19 Md=128.4717693120918 Mf=24183.50705808864 Mg=31.720159784143146 Mi=5454.920468418524 Mmean=0.0 Mp=26.657907699687684 Mphi=3526.7980290789233 Mput=0.0 Mq=226.82797752831303 Mrp=74.64552363970564 Mrx=9888.781342578237 Mx=3531.7080407658586
majorant 76 Ma=53.897766115020914 McenA=2.1281326519323553e-18 McenR=1.5678655031470195e-19 Md=128.43974018137294 Mf=24183.506839531812 Mg=31.72411344531939 Mi=5455.11941202331 Mmean=0.0 Mp=26.658968472942217 Mphi=3526.7997764588545 Mput=0.0 Mq=226.82834693742325 Mrp=74.64111594524192 Mrx=9888.78465671908 Mx=3531.706880354643
majorant 77 Ma=53.90708005683187 McenA=2.1281326519323553e-18 McenR=1.5678655031470195e-19 Md=128.48098424521842 Mf=24183.512637418793 Mg=31.724251668542664 Mi=5455.329114729579 Mmean=0.0 Mp=26.6597500401029 Mphi=3526.8026582359976 Mput=0.0 Mq=226.82829228138817 Mrp=74.65018923988065 Mrx=9888.793853391435 Mx=3531.7122861989224
majorant 78 Ma=53.90141652865784 McenA=2.1281326519323553e-18 McenR=1.5678655031470195e-19 Md=128.4507703130781 Mf=24183.511259344574 Mg=31.72750903812869 Mi=5455.525707723506 Mmean=0.0 Mp=26.660435921135196 Mphi=3526.8044751145667 Mput=0.0 Mq=226.82861424700974 Mrp=74.64600730056907 Mrx=9888.797625961533 Mx=3531.7117483732027
majorant 79 Ma=53.90900394067492 McenA=2.1281326519323553e-18 McenR=1.5678655031470195e-19 Md=128.48125026566245 Mf=24183.51418608112 Mg=31.727676478039143 Mi=5455.71930705666 Mmean=0.0 Mp=26.661221202737114 Mphi=3526.8071289004465 Mput=0.0 Mq=226.8285831729282 Mrp=74.65361604206099 Mrx=9888.805927148538 Mx=3531.7164842234365
majorant 80 Ma=53.90509320310657 McenA=2.1281326519323553e-18 McenR=1.5678655031470195e-19 Md=128.45833535917404 Mf=24183.511125440735 Mg=31.73125065966942 Mi=5455.938089225111 Mmean=0.0 Mp=26.661887943107224 Mphi=3526.808780336761 Mput=0.0 Mq=226.82885327263446 Mrp=74.6507168823694 Mrx=9888.809505533869 Mx=3531.716261346133
majorant 81 Ma=53.91186083514145 McenA=2.1281326519323553e-18 McenR=1.5678655031470195e-19 Md=128.4846131075219 Mf=24183.51109043561 Mg=31.732572150430173 Mi=5456.190428802595 Mmean=0.0 Mp=26.662170341534534 Mphi=3526.811063647409 Mput=0.0 Mq=226.82888474908452 Mrp=74.65613421720526 Mrx=9888.817341006674 Mx=3531.720245038684
majorant 82 Ma=53.90862733978731 McenA=2.1281326519323553e-18 McenR=1.5678655031470195e-19 Md=128.46454621643446 Mf=24183.508036090945 Mg=31.73583563229105 Mi=5456.427911928967 Mmean=0.0 Mp=26.662230974478437 Mphi=3526.8132426591715 Mput=0.0 Mq=226.82914062366214 Mrp=74.6523390635582 Mrx=9888.822360170729 Mx=3531.720909811003
majorant 83 Ma=53.913752395720756 McenA=2.1281326519323553e-18 McenR=1.5678655031470195e-19 Md=128.48499570742774 Mf=24183.50900574894 Mg=31.736537807186654 Mi=5456.622008484266 Mmean=0.0 Mp=26.66245720221692 Mphi=3526.81567705477 Mput=0.0 Mq=226.8291714987768 Mrp=74.65639981365186 Mrx=9888.829883540235 Mx=3531.7247281592586
majorant 84 Ma=53.911101455737096 McenA=2.1281326519323553e-18 McenR=1.5678655031470195e-19 Md=128.469642942226 Mf=24183.50844948506 Mg=31.738848829920634 Mi=5456.781860241279 Mmean=0.0 Mp=26.66296855871102 Mphi=3526.817555683293 Mput=0.0 Mq=226.8293645832272 Mrp=74.65449324202626 Mrx=9888.833935539204 Mx=3531.7253759724035
majorant 85 Ma=53.91546756443518 McenA=2.1281326519323553e-18 McenR=1.5678655031470195e-19 Md=128.48698642975376 Mf=24183.510894374558 Mg=31.739353006691893 Mi=5456.920146397939 Mmean=0.0 Mp=26.66362717465234 Mphi=3526.8193493492686 Mput=0.0 Mq=226.8293745538241 Mrp=74.659203773163 Mrx=9888.83942337678 Mx=3531.728264181664
majorant 86 Ma=53.913433618578 McenA=2.1281326519323553e-18 McenR=1.5678655031470195e-19 Md=128.47441916158533 Mf=24183.5112268711 Mg=31.74113121549227 Mi=5457.035327243429 Mmean=0.0 Mp=26.664427334646113 Mphi=3526.820672151746 Mput=0.0 Mq=226.82952509865655 Mrp=74.65873140005016 Mrx=9888.84219132182 Mx=3531.728555857891
majorant 87 Ma=53.91714241709373 McenA=2.1281326519323553e-18 McenR=1.5678655031470195e-19 Md=128.48874267005186 Mf=24183.51315076794 Mg=31.741458082889416 Mi=5457.133542383144 Mmean=0.0 Mp=26.665484961299157 Mphi=3526.822039745892 Mput=0.0 Mq=226.82954068293824 Mrp=74.66390540086941 Mrx=9888.846572281456 Mx=3531.7307973408647
majorant 88 Ma=53.91610745476697 McenA=2.1281326519323553e-18 McenR=1.5678655031470195e-19 Md=128.48060039524708 Mf=24183.51269767593 Mg=31.743355625847467 Mi=5457.241718022003 Mmean=0.0 Mp=26.666714959495298 Mphi=3526.823203353209 Mput=0.0 Mq=226.8296871510688 Mrp=74.66520860798204 Mrx=9888.849373665407 Mx=3531.7311402097203
majorant 89 Ma=53.92002118382636 McenA=2.1281326519323553e-18 McenR=1.5678655031470195e-19 Md=128.49467357280997 Mf=24183.512969793268 Mg=31.744741626702645 Mi=5457.3857926731735 Mmean=0.0 Mp=26.667662305901512 Mphi=3526.8246573080714 Mput=0.0 Mq=226.82973980843457 Mrp=74.67004223582323 Mrx=9888.854189680946 Mx=3531.7333238786923
majorant 90 Ma=53.919558726971516 McenA=2.1281326519323553e-18 McenR=1.5678655031470195e-19 Md=128.48791523016996 Mf=24183.511147430763 Mg=31.747223134256757 Mi=5457.549529477505 Mmean=0.0 Mp=26.668150046760207 Mphi=3526.826193422542 Mput=0.0 Mq=226.82989773903154 Mrp=74.66985289050434 Mrx=9888.8581668036 Mx=3531.7342117417857
majorant 91 Ma=53.92253004204776 McenA=2.1281326519323553e-18 McenR=1.5678655031470195e-19 Md=128.49791686741528 Mf=24183.5105089476 Mg=31.748593848677 Mi=5457.702309822623 Mmean=0.0 Mp=26.66836551018767 Mphi=3526.8279692973797 Mput=0.0 Mq=226.82996570508635 Mrp=74.67209835620321 Mrx=9888.863578073886 Mx=3531.7365920523675
majorant 92 Ma=53.92185689832538 McenA=2.1281326519323553e-18 McenR=1.5678655031470195e-19 Md=128.49186919164376 Mf=24183.509401933195 Mg=31.750410867264417 Mi=5457.83538313853 Mmean=0.0 Mp=26.668525437744208 Mphi=3526.8296045769202 Mput=0.0 Mq=226.83010124033842 Mrp=74.6711221267497 Mrx=9888.867665527621 Mx=3531.737716566327
majorant 93 Ma=53.924105842993924 McenA=2.1281326519323553e-18 McenR=1.5678655031470195e-19 Md=128.50030688922575 Mf=24183.510326994732 Mg=31.751288700690672 Mi=5457.955815706588 Mmean=0.0 Mp=26.668650238364176 Mphi=3526.8311732491125 Mput=0.0 Mq=226.83014962140948 Mrp=74.6727883965203 Mrx=9888.872193575035 Mx=3531.739777735761
majorant 94 Ma=53.92338162770703 McenA=2.1281326519323553e-18 McenR=1.5678655031470195e-19 Md=128.49458366384295 Mf=24183.511101072447 Mg=31.75252074666068 Mi=5458.061529528316 Mmean=0.0 Mp=26.668701905380694 Mphi=3526.8324278744676 Mput=0.0 Mq=226.83024560518228 Mrp=74.67181130454868 Mrx=9888.875125507528 Mx=3531.740596365596
majorant 95 Ma=53.924970471672424 McenA=2.1281326519323553e-18 McenR=1.5678655031470195e-19 Md=128.499427690919 Mf=24183.512979028397 Mg=31.752965447251906 Mi=5458.143412574771 Mmean=0.0 Mp=26.66876885502978 Mphi=3526.8335251738217 Mput=0.0 Mq=226.83027397691677 Mrp=74.67299021915498 Mrx=9888.878247209754 Mx=3531.7420568669945
majorant 96 Ma=53.92440413071713 McenA=2.1281326519323553e-18 McenR=1.5678655031470195e-19 Md=128.4937496543226 Mf=24183.5138705108 Mg=31.75394984838035 Mi=5458.207872369626 Mmean=0.0 Mp=26.668965814095372 Mphi=3526.8343925468657 Mput=0.0 Mq=226.83035472276907 Mrp=74.67253253117022 Mrx=9888.880355345604 Mx=3531.742549560686
majorant 97 Ma=53.92614335466485 McenA=2.1281326519323553e-18 McenR=1.5678655031470195e-19 Md=128.49829521718718 Mf=24183.514732916432 Mg=31.754825681317854 Mi=5458.280512860138 Mmean=0.0 Mp=26.669235876241345 Mphi=3526.8353119382 Mput=0.0 Mq=226.83039941354323 Mrp=74.67413501447759 Mrx=9888.883273018884 Mx=3531.7437687202205
majorant 98 Ma=53.926278596127915 McenA=2.1281326519323553e-18 McenR=1.5678655031470195e-19 Md=128.49419212438676 Mf=24183.51408189566 Mg=31.756484290053233 Mi=5458.381025155273 Mmean=0.0 Mp=26.66938836673572 Mphi=3526.836318630215 Mput=0.0 Mq=226.83049949268275 Mrp=74.67390746938018 Mrx=9888.88608782763 Mx=3531.744490810596
majorant 99 Ma=53.92798867886318 McenA=2.1281326519323553e-18 McenR=1.5678655031470195e-19 Md=128.49709149576 Mf=24183.513297634705 Mg=31.757882082416774 Mi=5458.502599315601 Mmean=0.0 Mp=26.669347174269806 Mphi=3526.837577530039 Mput=0.0 Mq=226.83057041279244 Mrp=74.67455241781728 Mrx=9888.889940662015 Mx=3531.7460071294918
recordbound 0 Dabs=0.0 Lcen=0.0 Lzeta=0.0 P=12437.351207401107 Zdot=0.0
recordbound 10 Dabs=24058.756107236142 Lcen=0.00017757993258871594 Lzeta=0.00017757993258871594 P=9407.763585028586 Zdot=1051973.7858755512
recordbound 20 Dabs=21548.347321285262 Lcen=0.00018324709370522754 Lzeta=0.00018324709370522754 P=9301.822005417187 Zdot=1047867.069798167
recordbound 30 Dabs=20970.77465862481 Lcen=0.0001850514286647665 Lzeta=0.0001850514286647665 P=9270.217508271478 Zdot=1050431.7966552088
recordbound 40 Dabs=20769.784751130184 Lcen=0.0001858841958171935 Lzeta=0.0001858841958171935 P=9261.187180424195 Zdot=1051385.2971151532
recordbound 50 Dabs=20646.50600391414 Lcen=0.0001867067559321962 Lzeta=0.0001867067559321962 P=9257.3209272049 Zdot=1051970.6935610739
recordbound 60 Dabs=20586.534611349573 Lcen=0.00018721206470674492 Lzeta=0.00018721206470674492 P=9255.483796898967 Zdot=1052286.8549126089
recordbound 70 Dabs=20555.17976586029 Lcen=0.00018757244468911886 Lzeta=0.00018757244468911886 P=9254.061142715967 Zdot=1052404.7822862584
recordbound 80 Dabs=20545.07867486298 Lcen=0.00018793971819679815 Lzeta=0.00018793971819679815 P=9253.081914909446 Zdot=1052645.3196729403
recordbound 90 Dabs=20547.227437887632 Lcen=0.00018811755246348334 Lzeta=0.00018811755246348334 P=9252.434643840683 Zdot=1052801.3542970303
recordbound 100 Dabs=20537.973985081655 Lcen=0.0001882438718471478 Lzeta=0.0001882438718471478 P=9252.067814675616 Zdot=1052812.1490592577
stop 100 iterations
tolerance canvas 6.042869138148471e-07
tolerance record 0 7.814526529964618e-09 3.8482337087441876e-08 7.1942551109133e-08
tolerance record 10 4.51438117186045e-06 3.691897394883447e-08 0.00012566647369299482
tolerance record 20 9.262679945475277e-06 3.6864304739339685e-08 0.00025791556273275693
tolerance record 30 1.402075649783501e-05 3.684799581812316e-08 0.0003904359478180822
tolerance record 40 1.878218181136679e-05 3.684333588302779e-08 0.0005230492889556695
tolerance record 50 2.3545434517619367e-05 3.6841340773949933e-08 0.0006557134490518901
tolerance record 60 2.830971925792331e-05 3.6840392756543237e-08 0.0007884063255349975
tolerance record 70 3.3074573576733095e-05 3.683965862193948e-08 0.0009211150598951653
tolerance record 80 3.783984680320972e-05 3.683915330938615e-08 0.0010538354528268365
tolerance record 90 4.260543697927965e-05 3.68388192970202e-08 0.0011865646717961395
tolerance record 100 4.737122748512784e-05 3.683863000155616e-08 0.0013192994668803366
