# A conformance case of JPEG-Unround, written by conformance/generate.py: the quantized
# coefficients of a picture and the options of its reconstruction; what the Python
# implementation made of them; the exact centres; and what bounds the rounding of that
# run, from which conformance/bounds.py computes the tolerances at the end (docs/math.md, 9).
# Each line is a keyword and its values. Numbers are decimal, each double the shortest
# decimal that reads back as it; an exact centre is hi:lo, two doubles whose sum is the
# value to about 2^-106 of it.
name grey-tgv
picture 21 30 grayscale
component 0 1 1 3 4
table 0 32 22 20 32 48 80 102 122 24 24 28 38 52 116 120 110 28 26 32 48 80 114 138 112 28 34 44 58 102 174 160 124 36 44 74 112 136 218 206 154 48 70 110 128 162 208 226 184 98 128 156 174 206 242 240 202 144 184 190 196 224 200 206 198
levels 0 0 -6 7 -2 1 0 0 0 0 1 4 -1 1 0 0 0 0 0 -1 0 0 0 0 0 0 -1 0 0 0 0 0 0 0 1 0 0 0 0 0 0 0 0 0 0 0 0 0 0 0 0 0 0 0 0 0 0 0 0 0 0 0 0 0 0 0 -6 -9 1 0 0 0 0 0 -5 0 0 -1 0 0 0 0 2 0 0 0 0 0 0 0 0 0 0 0 0 0 0 0 -1 1 0 0 0 0 0 0 0 0 0 0 0 0 0 0 0 0 0 0 0 0 0 0 0 0 0 0 0 0 0 0 9 -2 -3 0 0 0 0 0 8 -4 -3 -1 0 0 0 0 -3 2 1 0 0 0 0 0 0 1 0 0 0 0 0 0 0 -1 0 0 0 0 0 0 0 0 0 0 0 0 0 0 0 0 0 0 0 0 0 0 0 0 0 0 0 0 0 0 -6 4 2 0 0 0 0 0 -2 5 -1 0 0 0 0 0 1 -2 0 0 0 0 0 0 0 0 0 0 0 0 0 0 0 0 0 0 0 0 0 0 0 0 0 0 0 0 0 0 0 0 0 0 0 0 0 0 0 0 0 0 0 0 0 0
levels 0 1 5 -7 1 -1 0 0 0 0 -5 1 0 0 0 0 0 0 -1 3 -1 0 0 0 0 0 -2 0 0 0 0 0 0 0 0 1 0 0 0 0 0 0 0 0 0 0 0 0 0 0 0 0 0 0 0 0 0 0 0 0 0 0 0 0 0 0 4 10 -1 0 0 0 0 0 0 -5 1 1 0 0 0 0 -2 -5 0 1 0 0 0 0 1 0 0 0 0 0 0 0 -1 -1 0 0 0 0 0 0 1 1 0 0 0 0 0 0 0 0 0 0 0 0 0 0 0 0 0 0 0 0 0 0 -12 2 2 0 0 0 0 0 2 2 1 1 0 0 0 0 4 0 0 0 0 0 0 0 -1 1 0 0 0 0 0 0 1 0 0 0 0 0 0 0 -1 0 0 0 0 0 0 0 0 0 0 0 0 0 0 0 0 0 0 0 0 0 0 0 3 -5 -2 0 0 0 0 0 -1 -1 1 0 0 0 0 0 -4 -1 2 0 0 0 0 0 1 0 0 0 0 0 0 0 -1 0 0 0 0 0 0 0 1 1 0 0 0 0 0 0 0 0 0 0 0 0 0 0 0 0 0 0 0 0 0 0
levels 0 2 -3 4 -1 1 0 0 0 0 12 -1 -2 0 0 0 0 0 0 0 0 0 0 0 0 0 -1 -1 0 0 0 0 0 0 0 0 0 0 0 0 0 0 1 0 0 0 0 0 0 0 0 0 0 0 0 0 0 0 0 0 0 0 0 0 0 0 -3 -5 0 1 0 0 0 0 0 8 -1 -1 0 0 0 0 0 0 0 0 0 0 0 0 1 0 0 0 0 0 0 0 0 0 0 0 0 0 0 0 0 0 0 0 0 0 0 0 0 0 0 0 0 0 0 0 0 0 0 0 0 0 0 0 3 0 -1 0 0 0 0 0 -5 -4 -2 -1 0 0 0 0 0 0 0 0 0 0 0 0 -1 1 1 0 0 0 0 0 0 0 0 0 0 0 0 0 0 0 0 0 0 0 0 0 0 0 0 0 0 0 0 0 0 0 0 0 0 0 0 0 -4 0 2 -1 0 0 0 0 0 -2 -1 0 0 0 0 0 0 0 0 0 0 0 0 0 0 -1 1 0 0 0 0 0 0 0 0 0 0 0 0 0 0 0 0 0 0 0 0 0 0 0 0 0 0 0 0 0 0 0 0 0 0 0 0 0
options --method tgv --alpha 1.0 --alpha1 1.0 --alpha0 2.0 --channels coupled --mu 0.001 --mu-scale 1.0 --mu-power 1.0 --weight-power 2.0 --dc-weight 0.0 --centres mmse --slack 0.0 --slack-cost 0.0 --relative-tolerance 0.0 --partial-tolerance 0.0 --step-product 0.99 --record-every 10 --free-radius 255.0 --iterations 100 --tolerance 0.0 --partial-radius 20.0 --subgradient-iterations 50 --subgradient-record-every 1 --subgradient-step 0.5 --subgradient-decay 0.5
steps 0.9330261158225017 0.09330261158225017
weights 0 0.0 2.066115702479339e-06 2.5e-06 9.765625e-07 4.340277777777778e-07 1.5625e-07 9.611687812379854e-08 6.718624025799516e-08 1.7361111111111112e-06 1.7361111111111112e-06 1.2755102040816327e-06 6.925207756232687e-07 3.698224852071006e-07 7.431629013079668e-08 6.944444444444444e-08 8.264462809917355e-08 1.2755102040816327e-06 1.4792899408284024e-06 9.765625e-07 4.340277777777778e-07 1.5625e-07 7.694675284702986e-08 5.2509976895610165e-08 7.971938775510204e-08 1.2755102040816327e-06 8.650519031141868e-07 5.165289256198347e-07 2.972651605231867e-07 9.611687812379854e-08 3.3029462280354074e-08 3.90625e-08 6.503642039542144e-08 7.71604938271605e-07 5.165289256198347e-07 1.8261504747991236e-07 7.971938775510204e-08 5.4065743944636676e-08 2.1041999831664e-08 2.3564897728343858e-08 4.2165626581210995e-08 4.340277777777778e-07 2.0408163265306124e-07 8.264462809917355e-08 6.103515625e-08 3.8103947568968145e-08 2.3113905325443787e-08 1.95786670843449e-08 2.953686200378072e-08 1.0412328196584757e-07 6.103515625e-08 4.10913872452334e-08 3.3029462280354074e-08 2.3564897728343858e-08 1.707533638412677e-08 1.736111111111111e-08 2.450740123517302e-08 4.822530864197531e-08 2.953686200378072e-08 2.7700831024930747e-08 2.6030820491461892e-08 1.992984693877551e-08 2.5e-08 2.3564897728343858e-08 2.5507601265177022e-08
lower 0 0 816.0 143.0 -50.0 16.0 -24.0 -40.0 -51.0 -61.0 12.0 84.0 -42.0 19.0 -26.0 -58.0 -60.0 -55.0 -14.0 -39.0 -16.0 -24.0 -40.0 -57.0 -69.0 -56.0 -42.0 -17.0 -22.0 -29.0 -51.0 -87.0 -80.0 -62.0 18.0 -22.0 -37.0 -56.0 -68.0 -109.0 -103.0 -77.0 -24.0 -35.0 -55.0 -64.0 -81.0 -104.0 -113.0 -92.0 -49.0 -64.0 -78.0 -87.0 -103.0 -121.0 -120.0 -101.0 -72.0 -92.0 -95.0 -98.0 -112.0 -100.0 -103.0 -99.0 816.0 -209.0 10.0 -16.0 -24.0 -40.0 -51.0 -61.0 -132.0 -12.0 -14.0 -57.0 -26.0 -58.0 -60.0 -55.0 42.0 -13.0 -16.0 -24.0 -40.0 -57.0 -69.0 -56.0 -14.0 -17.0 -22.0 -29.0 -51.0 -87.0 -80.0 -62.0 -54.0 22.0 -37.0 -56.0 -68.0 -109.0 -103.0 -77.0 -24.0 -35.0 -55.0 -64.0 -81.0 -104.0 -113.0 -92.0 -49.0 -64.0 -78.0 -87.0 -103.0 -121.0 -120.0 -101.0 -72.0 -92.0 -95.0 -98.0 -112.0 -100.0 -103.0 -99.0 1296.0 -55.0 -70.0 -16.0 -24.0 -40.0 -51.0 -61.0 180.0 -108.0 -98.0 -57.0 -26.0 -58.0 -60.0 -55.0 -98.0 39.0 16.0 -24.0 -40.0 -57.0 -69.0 -56.0 -14.0 17.0 -22.0 -29.0 -51.0 -87.0 -80.0 -62.0 -18.0 -66.0 -37.0 -56.0 -68.0 -109.0 -103.0 -77.0 -24.0 -35.0 -55.0 -64.0 -81.0 -104.0 -113.0 -92.0 -49.0 -64.0 -78.0 -87.0 -103.0 -121.0 -120.0 -101.0 -72.0 -92.0 -95.0 -98.0 -112.0 -100.0 -103.0 -99.0 816.0 77.0 30.0 -16.0 -24.0 -40.0 -51.0 -61.0 -60.0 108.0 -42.0 -19.0 -26.0 -58.0 -60.0 -55.0 14.0 -65.0 -16.0 -24.0 -40.0 -57.0 -69.0 -56.0 -14.0 -17.0 -22.0 -29.0 -51.0 -87.0 -80.0 -62.0 -18.0 -22.0 -37.0 -56.0 -68.0 -109.0 -103.0 -77.0 -24.0 -35.0 -55.0 -64.0 -81.0 -104.0 -113.0 -92.0 -49.0 -64.0 -78.0 -87.0 -103.0 -121.0 -120.0 -101.0 -72.0 -92.0 -95.0 -98.0 -112.0 -100.0 -103.0 -99.0
lower 0 1 1168.0 -165.0 10.0 -48.0 -24.0 -40.0 -51.0 -61.0 -132.0 12.0 -14.0 -19.0 -26.0 -58.0 -60.0 -55.0 -42.0 65.0 -48.0 -24.0 -40.0 -57.0 -69.0 -56.0 -70.0 -17.0 -22.0 -29.0 -51.0 -87.0 -80.0 -62.0 -18.0 22.0 -37.0 -56.0 -68.0 -109.0 -103.0 -77.0 -24.0 -35.0 -55.0 -64.0 -81.0 -104.0 -113.0 -92.0 -49.0 -64.0 -78.0 -87.0 -103.0 -121.0 -120.0 -101.0 -72.0 -92.0 -95.0 -98.0 -112.0 -100.0 -103.0 -99.0 1136.0 209.0 -30.0 -16.0 -24.0 -40.0 -51.0 -61.0 -12.0 -132.0 14.0 19.0 -26.0 -58.0 -60.0 -55.0 -70.0 -143.0 -16.0 24.0 -40.0 -57.0 -69.0 -56.0 14.0 -17.0 -22.0 -29.0 -51.0 -87.0 -80.0 -62.0 -54.0 -66.0 -37.0 -56.0 -68.0 -109.0 -103.0 -77.0 24.0 35.0 -55.0 -64.0 -81.0 -104.0 -113.0 -92.0 -49.0 -64.0 -78.0 -87.0 -103.0 -121.0 -120.0 -101.0 -72.0 -92.0 -95.0 -98.0 -112.0 -100.0 -103.0 -99.0 624.0 33.0 30.0 -16.0 -24.0 -40.0 -51.0 -61.0 36.0 36.0 14.0 19.0 -26.0 -58.0 -60.0 -55.0 98.0 -13.0 -16.0 -24.0 -40.0 -57.0 -69.0 -56.0 -42.0 17.0 -22.0 -29.0 -51.0 -87.0 -80.0 -62.0 18.0 -22.0 -37.0 -56.0 -68.0 -109.0 -103.0 -77.0 -72.0 -35.0 -55.0 -64.0 -81.0 -104.0 -113.0 -92.0 -49.0 -64.0 -78.0 -87.0 -103.0 -121.0 -120.0 -101.0 -72.0 -92.0 -95.0 -98.0 -112.0 -100.0 -103.0 -99.0 1104.0 -121.0 -50.0 -16.0 -24.0 -40.0 -51.0 -61.0 -36.0 -36.0 14.0 -19.0 -26.0 -58.0 -60.0 -55.0 -126.0 -39.0 48.0 -24.0 -40.0 -57.0 -69.0 -56.0 14.0 -17.0 -22.0 -29.0 -51.0 -87.0 -80.0 -62.0 -54.0 -22.0 -37.0 -56.0 -68.0 -109.0 -103.0 -77.0 24.0 35.0 -55.0 -64.0 -81.0 -104.0 -113.0 -92.0 -49.0 -64.0 -78.0 -87.0 -103.0 -121.0 -120.0 -101.0 -72.0 -92.0 -95.0 -98.0 -112.0 -100.0 -103.0 -99.0
lower 0 2 912.0 77.0 -30.0 16.0 -24.0 -40.0 -51.0 -61.0 276.0 -36.0 -70.0 -19.0 -26.0 -58.0 -60.0 -55.0 -14.0 -13.0 -16.0 -24.0 -40.0 -57.0 -69.0 -56.0 -42.0 -51.0 -22.0 -29.0 -51.0 -87.0 -80.0 -62.0 -18.0 -22.0 -37.0 -56.0 -68.0 -109.0 -103.0 -77.0 24.0 -35.0 -55.0 -64.0 -81.0 -104.0 -113.0 -92.0 -49.0 -64.0 -78.0 -87.0 -103.0 -121.0 -120.0 -101.0 -72.0 -92.0 -95.0 -98.0 -112.0 -100.0 -103.0 -99.0 912.0 -121.0 -10.0 16.0 -24.0 -40.0 -51.0 -61.0 -12.0 180.0 -42.0 -57.0 -26.0 -58.0 -60.0 -55.0 -14.0 -13.0 -16.0 -24.0 -40.0 -57.0 -69.0 -56.0 14.0 -17.0 -22.0 -29.0 -51.0 -87.0 -80.0 -62.0 -18.0 -22.0 -37.0 -56.0 -68.0 -109.0 -103.0 -77.0 -24.0 -35.0 -55.0 -64.0 -81.0 -104.0 -113.0 -92.0 -49.0 -64.0 -78.0 -87.0 -103.0 -121.0 -120.0 -101.0 -72.0 -92.0 -95.0 -98.0 -112.0 -100.0 -103.0 -99.0 1104.0 -11.0 -30.0 -16.0 -24.0 -40.0 -51.0 -61.0 -132.0 -108.0 -70.0 -57.0 -26.0 -58.0 -60.0 -55.0 -14.0 -13.0 -16.0 -24.0 -40.0 -57.0 -69.0 -56.0 -42.0 17.0 22.0 -29.0 -51.0 -87.0 -80.0 -62.0 -18.0 -22.0 -37.0 -56.0 -68.0 -109.0 -103.0 -77.0 -24.0 -35.0 -55.0 -64.0 -81.0 -104.0 -113.0 -92.0 -49.0 -64.0 -78.0 -87.0 -103.0 -121.0 -120.0 -101.0 -72.0 -92.0 -95.0 -98.0 -112.0 -100.0 -103.0 -99.0 880.0 -11.0 30.0 -48.0 -24.0 -40.0 -51.0 -61.0 -12.0 -60.0 -42.0 -19.0 -26.0 -58.0 -60.0 -55.0 -14.0 -13.0 -16.0 -24.0 -40.0 -57.0 -69.0 -56.0 -14.0 -51.0 22.0 -29.0 -51.0 -87.0 -80.0 -62.0 -18.0 -22.0 -37.0 -56.0 -68.0 -109.0 -103.0 -77.0 -24.0 -35.0 -55.0 -64.0 -81.0 -104.0 -113.0 -92.0 -49.0 -64.0 -78.0 -87.0 -103.0 -121.0 -120.0 -101.0 -72.0 -92.0 -95.0 -98.0 -112.0 -100.0 -103.0 -99.0
upper 0 0 848.0 165.0 -30.0 48.0 24.0 40.0 51.0 61.0 36.0 108.0 -14.0 57.0 26.0 58.0 60.0 55.0 14.0 -13.0 16.0 24.0 40.0 57.0 69.0 56.0 -14.0 17.0 22.0 29.0 51.0 87.0 80.0 62.0 54.0 22.0 37.0 56.0 68.0 109.0 103.0 77.0 24.0 35.0 55.0 64.0 81.0 104.0 113.0 92.0 49.0 64.0 78.0 87.0 103.0 121.0 120.0 101.0 72.0 92.0 95.0 98.0 112.0 100.0 103.0 99.0 848.0 -187.0 30.0 16.0 24.0 40.0 51.0 61.0 -108.0 12.0 14.0 -19.0 26.0 58.0 60.0 55.0 70.0 13.0 16.0 24.0 40.0 57.0 69.0 56.0 14.0 17.0 22.0 29.0 51.0 87.0 80.0 62.0 -18.0 66.0 37.0 56.0 68.0 109.0 103.0 77.0 24.0 35.0 55.0 64.0 81.0 104.0 113.0 92.0 49.0 64.0 78.0 87.0 103.0 121.0 120.0 101.0 72.0 92.0 95.0 98.0 112.0 100.0 103.0 99.0 1328.0 -33.0 -50.0 16.0 24.0 40.0 51.0 61.0 204.0 -84.0 -70.0 -19.0 26.0 58.0 60.0 55.0 -70.0 65.0 48.0 24.0 40.0 57.0 69.0 56.0 14.0 51.0 22.0 29.0 51.0 87.0 80.0 62.0 18.0 -22.0 37.0 56.0 68.0 109.0 103.0 77.0 24.0 35.0 55.0 64.0 81.0 104.0 113.0 92.0 49.0 64.0 78.0 87.0 103.0 121.0 120.0 101.0 72.0 92.0 95.0 98.0 112.0 100.0 103.0 99.0 848.0 99.0 50.0 16.0 24.0 40.0 51.0 61.0 -36.0 132.0 -14.0 19.0 26.0 58.0 60.0 55.0 42.0 -39.0 16.0 24.0 40.0 57.0 69.0 56.0 14.0 17.0 22.0 29.0 51.0 87.0 80.0 62.0 18.0 22.0 37.0 56.0 68.0 109.0 103.0 77.0 24.0 35.0 55.0 64.0 81.0 104.0 113.0 92.0 49.0 64.0 78.0 87.0 103.0 121.0 120.0 101.0 72.0 92.0 95.0 98.0 112.0 100.0 103.0 99.0
upper 0 1 1200.0 -143.0 30.0 -16.0 24.0 40.0 51.0 61.0 -108.0 36.0 14.0 19.0 26.0 58.0 60.0 55.0 -14.0 91.0 -16.0 24.0 40.0 57.0 69.0 56.0 -42.0 17.0 22.0 29.0 51.0 87.0 80.0 62.0 18.0 66.0 37.0 56.0 68.0 109.0 103.0 77.0 24.0 35.0 55.0 64.0 81.0 104.0 113.0 92.0 49.0 64.0 78.0 87.0 103.0 121.0 120.0 101.0 72.0 92.0 95.0 98.0 112.0 100.0 103.0 99.0 1168.0 231.0 -10.0 16.0 24.0 40.0 51.0 61.0 12.0 -108.0 42.0 57.0 26.0 58.0 60.0 55.0 -42.0 -117.0 16.0 72.0 40.0 57.0 69.0 56.0 42.0 17.0 22.0 29.0 51.0 87.0 80.0 62.0 -18.0 -22.0 37.0 56.0 68.0 109.0 103.0 77.0 72.0 105.0 55.0 64.0 81.0 104.0 113.0 92.0 49.0 64.0 78.0 87.0 103.0 121.0 120.0 101.0 72.0 92.0 95.0 98.0 112.0 100.0 103.0 99.0 656.0 55.0 50.0 16.0 24.0 40.0 51.0 61.0 60.0 60.0 42.0 57.0 26.0 58.0 60.0 55.0 126.0 13.0 16.0 24.0 40.0 57.0 69.0 56.0 -14.0 51.0 22.0 29.0 51.0 87.0 80.0 62.0 54.0 22.0 37.0 56.0 68.0 109.0 103.0 77.0 -24.0 35.0 55.0 64.0 81.0 104.0 113.0 92.0 49.0 64.0 78.0 87.0 103.0 121.0 120.0 101.0 72.0 92.0 95.0 98.0 112.0 100.0 103.0 99.0 1136.0 -99.0 -30.0 16.0 24.0 40.0 51.0 61.0 -12.0 -12.0 42.0 19.0 26.0 58.0 60.0 55.0 -98.0 -13.0 80.0 24.0 40.0 57.0 69.0 56.0 42.0 17.0 22.0 29.0 51.0 87.0 80.0 62.0 -18.0 22.0 37.0 56.0 68.0 109.0 103.0 77.0 72.0 105.0 55.0 64.0 81.0 104.0 113.0 92.0 49.0 64.0 78.0 87.0 103.0 121.0 120.0 101.0 72.0 92.0 95.0 98.0 112.0 100.0 103.0 99.0
upper 0 2 944.0 99.0 -10.0 48.0 24.0 40.0 51.0 61.0 300.0 -12.0 -42.0 19.0 26.0 58.0 60.0 55.0 14.0 13.0 16.0 24.0 40.0 57.0 69.0 56.0 -14.0 -17.0 22.0 29.0 51.0 87.0 80.0 62.0 18.0 22.0 37.0 56.0 68.0 109.0 103.0 77.0 72.0 35.0 55.0 64.0 81.0 104.0 113.0 92.0 49.0 64.0 78.0 87.0 103.0 121.0 120.0 101.0 72.0 92.0 95.0 98.0 112.0 100.0 103.0 99.0 944.0 -99.0 10.0 48.0 24.0 40.0 51.0 61.0 12.0 204.0 -14.0 -19.0 26.0 58.0 60.0 55.0 14.0 13.0 16.0 24.0 40.0 57.0 69.0 56.0 42.0 17.0 22.0 29.0 51.0 87.0 80.0 62.0 18.0 22.0 37.0 56.0 68.0 109.0 103.0 77.0 24.0 35.0 55.0 64.0 81.0 104.0 113.0 92.0 49.0 64.0 78.0 87.0 103.0 121.0 120.0 101.0 72.0 92.0 95.0 98.0 112.0 100.0 103.0 99.0 1136.0 11.0 -10.0 16.0 24.0 40.0 51.0 61.0 -108.0 -84.0 -42.0 -19.0 26.0 58.0 60.0 55.0 14.0 13.0 16.0 24.0 40.0 57.0 69.0 56.0 -14.0 51.0 66.0 29.0 51.0 87.0 80.0 62.0 18.0 22.0 37.0 56.0 68.0 109.0 103.0 77.0 24.0 35.0 55.0 64.0 81.0 104.0 113.0 92.0 49.0 64.0 78.0 87.0 103.0 121.0 120.0 101.0 72.0 92.0 95.0 98.0 112.0 100.0 103.0 99.0 912.0 11.0 50.0 -16.0 24.0 40.0 51.0 61.0 12.0 -36.0 -14.0 19.0 26.0 58.0 60.0 55.0 14.0 13.0 16.0 24.0 40.0 57.0 69.0 56.0 14.0 -17.0 66.0 29.0 51.0 87.0 80.0 62.0 18.0 22.0 37.0 56.0 68.0 109.0 103.0 77.0 24.0 35.0 55.0 64.0 81.0 104.0 113.0 92.0 49.0 64.0 78.0 87.0 103.0 121.0 120.0 101.0 72.0 92.0 95.0 98.0 112.0 100.0 103.0 99.0
centres 0 0 832.0 153.60255580020547 -38.87336483449439 26.69226062420509 -0.0 -0.0 -0.0 -0.0 23.42270543668469 95.35154304291041 -25.988355002375418 32.91254725390694 -0.0 -0.0 -0.0 -0.0 -0.0 -24.28539510050995 -0.0 -0.0 -0.0 -0.0 -0.0 -0.0 -24.986518189902093 -0.0 -0.0 -0.0 -0.0 -0.0 -0.0 -0.0 30.028793202230727 -0.0 -0.0 -0.0 -0.0 -0.0 -0.0 -0.0 -0.0 -0.0 -0.0 -0.0 -0.0 -0.0 -0.0 -0.0 -0.0 -0.0 -0.0 -0.0 -0.0 -0.0 -0.0 -0.0 -0.0 -0.0 -0.0 -0.0 -0.0 -0.0 -0.0 -0.0 832.0 -197.6025558002055 18.87336483449439 -0.0 -0.0 -0.0 -0.0 -0.0 -119.42270543668468 -0.0 -0.0 -32.91254725390694 -0.0 -0.0 -0.0 -0.0 54.43783125476628 -0.0 -0.0 -0.0 -0.0 -0.0 -0.0 -0.0 -0.0 -0.0 -0.0 -0.0 -0.0 -0.0 -0.0 -0.0 -30.028793202230727 35.73027445971005 -0.0 -0.0 -0.0 -0.0 -0.0 -0.0 -0.0 -0.0 -0.0 -0.0 -0.0 -0.0 -0.0 -0.0 -0.0 -0.0 -0.0 -0.0 -0.0 -0.0 -0.0 -0.0 -0.0 -0.0 -0.0 -0.0 -0.0 -0.0 -0.0 -0.0 1312.0 -43.60255580020548 -58.87336483449439 -0.0 -0.0 -0.0 -0.0 -0.0 191.42270543668468 -95.35154304291041 -81.98835500237543 -32.91254725390694 -0.0 -0.0 -0.0 -0.0 -82.43783125476628 50.28539510050995 26.43440848163393 -0.0 -0.0 -0.0 -0.0 -0.0 -0.0 28.36052691321791 -0.0 -0.0 -0.0 -0.0 -0.0 -0.0 -0.0 -35.73027445971005 -0.0 -0.0 -0.0 -0.0 -0.0 -0.0 -0.0 -0.0 -0.0 -0.0 -0.0 -0.0 -0.0 -0.0 -0.0 -0.0 -0.0 -0.0 -0.0 -0.0 -0.0 -0.0 -0.0 -0.0 -0.0 -0.0 -0.0 -0.0 -0.0 -0.0 832.0 87.60255580020548 38.87336483449439 -0.0 -0.0 -0.0 -0.0 -0.0 -47.422705436684694 119.35154304291041 -25.988355002375418 -0.0 -0.0 -0.0 -0.0 -0.0 26.437831254766284 -50.28539510050995 -0.0 -0.0 -0.0 -0.0 -0.0 -0.0 -0.0 -0.0 -0.0 -0.0 -0.0 -0.0 -0.0 -0.0 -0.0 -0.0 -0.0 -0.0 -0.0 -0.0 -0.0 -0.0 -0.0 -0.0 -0.0 -0.0 -0.0 -0.0 -0.0 -0.0 -0.0 -0.0 -0.0 -0.0 -0.0 -0.0 -0.0 -0.0 -0.0 -0.0 -0.0 -0.0 -0.0 -0.0 -0.0 -0.0
centres 0 1 1184.0 -153.60255580020547 18.87336483449439 -26.69226062420509 -0.0 -0.0 -0.0 -0.0 -119.42270543668468 23.3515430429104 -0.0 -0.0 -0.0 -0.0 -0.0 -0.0 -26.437831254766284 76.28539510050996 -26.43440848163393 -0.0 -0.0 -0.0 -0.0 -0.0 -52.98651818990209 -0.0 -0.0 -0.0 -0.0 -0.0 -0.0 -0.0 -0.0 35.73027445971005 -0.0 -0.0 -0.0 -0.0 -0.0 -0.0 -0.0 -0.0 -0.0 -0.0 -0.0 -0.0 -0.0 -0.0 -0.0 -0.0 -0.0 -0.0 -0.0 -0.0 -0.0 -0.0 -0.0 -0.0 -0.0 -0.0 -0.0 -0.0 -0.0 -0.0 1152.0 219.6025558002055 -18.87336483449439 -0.0 -0.0 -0.0 -0.0 -0.0 -0.0 -119.35154304291041 25.988355002375418 32.91254725390694 -0.0 -0.0 -0.0 -0.0 -54.43783125476628 -128.28539510050996 -0.0 33.2823531006096 -0.0 -0.0 -0.0 -0.0 24.986518189902093 -0.0 -0.0 -0.0 -0.0 -0.0 -0.0 -0.0 -30.028793202230727 -35.73027445971005 -0.0 -0.0 -0.0 -0.0 -0.0 -0.0 38.978481228774605 52.23324117812485 -0.0 -0.0 -0.0 -0.0 -0.0 -0.0 -0.0 -0.0 -0.0 -0.0 -0.0 -0.0 -0.0 -0.0 -0.0 -0.0 -0.0 -0.0 -0.0 -0.0 -0.0 -0.0 640.0 43.60255580020548 38.87336483449439 -0.0 -0.0 -0.0 -0.0 -0.0 47.422705436684694 47.3515430429104 25.988355002375418 32.91254725390694 -0.0 -0.0 -0.0 -0.0 110.43783125476628 -0.0 -0.0 -0.0 -0.0 -0.0 -0.0 -0.0 -24.986518189902093 28.36052691321791 -0.0 -0.0 -0.0 -0.0 -0.0 -0.0 30.028793202230727 -0.0 -0.0 -0.0 -0.0 -0.0 -0.0 -0.0 -38.978481228774605 -0.0 -0.0 -0.0 -0.0 -0.0 -0.0 -0.0 -0.0 -0.0 -0.0 -0.0 -0.0 -0.0 -0.0 -0.0 -0.0 -0.0 -0.0 -0.0 -0.0 -0.0 -0.0 -0.0 1120.0 -109.60255580020548 -38.87336483449439 -0.0 -0.0 -0.0 -0.0 -0.0 -23.42270543668469 -23.3515430429104 25.988355002375418 -0.0 -0.0 -0.0 -0.0 -0.0 -110.43783125476628 -24.28539510050995 58.43440848163393 -0.0 -0.0 -0.0 -0.0 -0.0 24.986518189902093 -0.0 -0.0 -0.0 -0.0 -0.0 -0.0 -0.0 -30.028793202230727 -0.0 -0.0 -0.0 -0.0 -0.0 -0.0 -0.0 38.978481228774605 52.23324117812485 -0.0 -0.0 -0.0 -0.0 -0.0 -0.0 -0.0 -0.0 -0.0 -0.0 -0.0 -0.0 -0.0 -0.0 -0.0 -0.0 -0.0 -0.0 -0.0 -0.0 -0.0 -0.0
centres 0 2 928.0 87.60255580020548 -18.87336483449439 26.69226062420509 -0.0 -0.0 -0.0 -0.0 287.4227054366847 -23.3515430429104 -53.988355002375414 -0.0 -0.0 -0.0 -0.0 -0.0 -0.0 -0.0 -0.0 -0.0 -0.0 -0.0 -0.0 -0.0 -24.986518189902093 -28.36052691321791 -0.0 -0.0 -0.0 -0.0 -0.0 -0.0 -0.0 -0.0 -0.0 -0.0 -0.0 -0.0 -0.0 -0.0 38.978481228774605 -0.0 -0.0 -0.0 -0.0 -0.0 -0.0 -0.0 -0.0 -0.0 -0.0 -0.0 -0.0 -0.0 -0.0 -0.0 -0.0 -0.0 -0.0 -0.0 -0.0 -0.0 -0.0 -0.0 928.0 -109.60255580020548 -0.0 26.69226062420509 -0.0 -0.0 -0.0 -0.0 -0.0 191.3515430429104 -25.988355002375418 -32.91254725390694 -0.0 -0.0 -0.0 -0.0 -0.0 -0.0 -0.0 -0.0 -0.0 -0.0 -0.0 -0.0 24.986518189902093 -0.0 -0.0 -0.0 -0.0 -0.0 -0.0 -0.0 -0.0 -0.0 -0.0 -0.0 -0.0 -0.0 -0.0 -0.0 -0.0 -0.0 -0.0 -0.0 -0.0 -0.0 -0.0 -0.0 -0.0 -0.0 -0.0 -0.0 -0.0 -0.0 -0.0 -0.0 -0.0 -0.0 -0.0 -0.0 -0.0 -0.0 -0.0 -0.0 1120.0 -0.0 -18.87336483449439 -0.0 -0.0 -0.0 -0.0 -0.0 -119.42270543668468 -95.35154304291041 -53.988355002375414 -32.91254725390694 -0.0 -0.0 -0.0 -0.0 -0.0 -0.0 -0.0 -0.0 -0.0 -0.0 -0.0 -0.0 -24.986518189902093 28.36052691321791 32.83232302624991 -0.0 -0.0 -0.0 -0.0 -0.0 -0.0 -0.0 -0.0 -0.0 -0.0 -0.0 -0.0 -0.0 -0.0 -0.0 -0.0 -0.0 -0.0 -0.0 -0.0 -0.0 -0.0 -0.0 -0.0 -0.0 -0.0 -0.0 -0.0 -0.0 -0.0 -0.0 -0.0 -0.0 -0.0 -0.0 -0.0 -0.0 896.0 -0.0 38.87336483449439 -26.69226062420509 -0.0 -0.0 -0.0 -0.0 -0.0 -47.3515430429104 -25.988355002375418 -0.0 -0.0 -0.0 -0.0 -0.0 -0.0 -0.0 -0.0 -0.0 -0.0 -0.0 -0.0 -0.0 -0.0 -28.36052691321791 32.83232302624991 -0.0 -0.0 -0.0 -0.0 -0.0 -0.0 -0.0 -0.0 -0.0 -0.0 -0.0 -0.0 -0.0 -0.0 -0.0 -0.0 -0.0 -0.0 -0.0 -0.0 -0.0 -0.0 -0.0 -0.0 -0.0 -0.0 -0.0 -0.0 -0.0 -0.0 -0.0 -0.0 -0.0 -0.0 -0.0 -0.0 -0.0
exact-centres 0 0 832.0:0.0 153.60255580020547:1.2404569734847118e-14 -38.87336483449439:-1.370217104995141e-15 26.69226062420509:9.637418503739353e-16 0.0:0.0 0.0:0.0 0.0:0.0 0.0:0.0 23.42270543668469:-6.723371064939219e-16 95.35154304291041:-6.410752176652355e-15 -25.988355002375418:3.1319374914243737e-17 32.91254725390694:1.8472168117940735e-15 0.0:0.0 0.0:0.0 0.0:0.0 0.0:0.0 0.0:0.0 -24.28539510050995:2.178036119819037e-16 0.0:0.0 0.0:0.0 0.0:0.0 0.0:0.0 0.0:0.0 0.0:0.0 -24.986518189902093:7.127319884511698e-16 0.0:0.0 0.0:0.0 0.0:0.0 0.0:0.0 0.0:0.0 0.0:0.0 0.0:0.0 30.028793202230727:1.084209581670677e-15 0.0:0.0 0.0:0.0 0.0:0.0 0.0:0.0 0.0:0.0 0.0:0.0 0.0:0.0 0.0:0.0 0.0:0.0 0.0:0.0 0.0:0.0 0.0:0.0 0.0:0.0 0.0:0.0 0.0:0.0 0.0:0.0 0.0:0.0 0.0:0.0 0.0:0.0 0.0:0.0 0.0:0.0 0.0:0.0 0.0:0.0 0.0:0.0 0.0:0.0 0.0:0.0 0.0:0.0 0.0:0.0 0.0:0.0 0.0:0.0 0.0:0.0 832.0:0.0 -197.60255580020547:-1.2404569734847118e-14 18.87336483449439:1.370217104995141e-15 0.0:0.0 0.0:0.0 0.0:0.0 0.0:0.0 0.0:0.0 -119.4227054366847:4.225050785294423e-15 0.0:0.0 0.0:0.0 -32.91254725390694:-1.8472168117940735e-15 0.0:0.0 0.0:0.0 0.0:0.0 0.0:0.0 54.43783125476628:6.11395795280649e-16 0.0:0.0 0.0:0.0 0.0:0.0 0.0:0.0 0.0:0.0 0.0:0.0 0.0:0.0 0.0:0.0 0.0:0.0 0.0:0.0 0.0:0.0 0.0:0.0 0.0:0.0 0.0:0.0 0.0:0.0 -30.028793202230727:-1.084209581670677e-15 35.73027445971005:3.1679168624970802e-15 0.0:0.0 0.0:0.0 0.0:0.0 0.0:0.0 0.0:0.0 0.0:0.0 0.0:0.0 0.0:0.0 0.0:0.0 0.0:0.0 0.0:0.0 0.0:0.0 0.0:0.0 0.0:0.0 0.0:0.0 0.0:0.0 0.0:0.0 0.0:0.0 0.0:0.0 0.0:0.0 0.0:0.0 0.0:0.0 0.0:0.0 0.0:0.0 0.0:0.0 0.0:0.0 0.0:0.0 0.0:0.0 0.0:0.0 0.0:0.0 1312.0:0.0 -43.60255580020548:1.8062849803548854e-15 -58.87336483449439:-1.370217104995141e-15 0.0:0.0 0.0:0.0 0.0:0.0 0.0:0.0 0.0:0.0 191.42270543668468:9.98580392990758e-15 -95.35154304291041:6.410752176652355e-15 -81.98835500237541:-3.5213943038862572e-15 -32.91254725390694:-1.8472168117940735e-15 0.0:0.0 0.0:0.0 0.0:0.0 0.0:0.0 -82.43783125476628:-6.11395795280649e-16 50.28539510050995:-2.178036119819037e-16 26.43440848163393:1.2810950553296044e-15 0.0:0.0 0.0:0.0 0.0:0.0 0.0:0.0 0.0:0.0 0.0:0.0 28.36052691321791:-7.523811233779443e-16 0.0:0.0 0.0:0.0 0.0:0.0 0.0:0.0 0.0:0.0 0.0:0.0 0.0:0.0 -35.73027445971005:-3.1679168624970802e-15 0.0:0.0 0.0:0.0 0.0:0.0 0.0:0.0 0.0:0.0 0.0:0.0 0.0:0.0 0.0:0.0 0.0:0.0 0.0:0.0 0.0:0.0 0.0:0.0 0.0:0.0 0.0:0.0 0.0:0.0 0.0:0.0 0.0:0.0 0.0:0.0 0.0:0.0 0.0:0.0 0.0:0.0 0.0:0.0 0.0:0.0 0.0:0.0 0.0:0.0 0.0:0.0 0.0:0.0 0.0:0.0 0.0:0.0 0.0:0.0 832.0:0.0 87.60255580020548:-1.8062849803548854e-15 38.87336483449439:1.370217104995141e-15 0.0:0.0 0.0:0.0 0.0:0.0 0.0:0.0 0.0:0.0 -47.42270543668469:-2.880376572306579e-15 119.35154304291041:-6.410752176652355e-15 -25.988355002375418:3.1319374914243737e-17 0.0:0.0 0.0:0.0 0.0:0.0 0.0:0.0 0.0:0.0 26.43783125476628:6.11395795280649e-16 -50.28539510050995:2.178036119819037e-16 0.0:0.0 0.0:0.0 0.0:0.0 0.0:0.0 0.0:0.0 0.0:0.0 0.0:0.0 0.0:0.0 0.0:0.0 0.0:0.0 0.0:0.0 0.0:0.0 0.0:0.0 0.0:0.0 0.0:0.0 0.0:0.0 0.0:0.0 0.0:0.0 0.0:0.0 0.0:0.0 0.0:0.0 0.0:0.0 0.0:0.0 0.0:0.0 0.0:0.0 0.0:0.0 0.0:0.0 0.0:0.0 0.0:0.0 0.0:0.0 0.0:0.0 0.0:0.0 0.0:0.0 0.0:0.0 0.0:0.0 0.0:0.0 0.0:0.0 0.0:0.0 0.0:0.0 0.0:0.0 0.0:0.0 0.0:0.0 0.0:0.0 0.0:0.0 0.0:0.0 0.0:0.0
exact-centres 0 1 1184.0:0.0 -153.60255580020547:-1.2404569734847118e-14 18.87336483449439:1.370217104995141e-15 -26.69226062420509:-9.637418503739353e-16 0.0:0.0 0.0:0.0 0.0:0.0 0.0:0.0 -119.4227054366847:4.225050785294423e-15 23.3515430429104:6.946751809486472e-16 0.0:0.0 0.0:0.0 0.0:0.0 0.0:0.0 0.0:0.0 0.0:0.0 -26.43783125476628:-6.11395795280649e-16 76.28539510050994:6.887623745619098e-15 -26.43440848163393:-1.2810950553296044e-15 0.0:0.0 0.0:0.0 0.0:0.0 0.0:0.0 0.0:0.0 -52.98651818990209:7.127319884511698e-16 0.0:0.0 0.0:0.0 0.0:0.0 0.0:0.0 0.0:0.0 0.0:0.0 0.0:0.0 0.0:0.0 35.73027445971005:3.1679168624970802e-15 0.0:0.0 0.0:0.0 0.0:0.0 0.0:0.0 0.0:0.0 0.0:0.0 0.0:0.0 0.0:0.0 0.0:0.0 0.0:0.0 0.0:0.0 0.0:0.0 0.0:0.0 0.0:0.0 0.0:0.0 0.0:0.0 0.0:0.0 0.0:0.0 0.0:0.0 0.0:0.0 0.0:0.0 0.0:0.0 0.0:0.0 0.0:0.0 0.0:0.0 0.0:0.0 0.0:0.0 0.0:0.0 0.0:0.0 0.0:0.0 1152.0:0.0 219.60255580020547:1.2404569734847118e-14 -18.87336483449439:-1.370217104995141e-15 0.0:0.0 0.0:0.0 0.0:0.0 0.0:0.0 0.0:0.0 0.0:0.0 -119.35154304291041:6.410752176652355e-15 25.988355002375418:-3.1319374914243737e-17 32.91254725390694:1.8472168117940735e-15 0.0:0.0 0.0:0.0 0.0:0.0 0.0:0.0 -54.43783125476628:-6.11395795280649e-16 -128.28539510050996:7.323230969582905e-15 0.0:0.0 33.2823531006096:7.106336015543602e-16 0.0:0.0 0.0:0.0 0.0:0.0 0.0:0.0 24.986518189902093:-7.127319884511698e-16 0.0:0.0 0.0:0.0 0.0:0.0 0.0:0.0 0.0:0.0 0.0:0.0 0.0:0.0 -30.028793202230727:-1.084209581670677e-15 -35.73027445971005:-3.1679168624970802e-15 0.0:0.0 0.0:0.0 0.0:0.0 0.0:0.0 0.0:0.0 0.0:0.0 38.978481228774605:1.518065479741996e-15 52.23324117812485:3.0337138856844447e-15 0.0:0.0 0.0:0.0 0.0:0.0 0.0:0.0 0.0:0.0 0.0:0.0 0.0:0.0 0.0:0.0 0.0:0.0 0.0:0.0 0.0:0.0 0.0:0.0 0.0:0.0 0.0:0.0 0.0:0.0 0.0:0.0 0.0:0.0 0.0:0.0 0.0:0.0 0.0:0.0 0.0:0.0 0.0:0.0 640.0:0.0 43.60255580020548:-1.8062849803548854e-15 38.87336483449439:1.370217104995141e-15 0.0:0.0 0.0:0.0 0.0:0.0 0.0:0.0 0.0:0.0 47.42270543668469:2.880376572306579e-15 47.3515430429104:6.946751809486472e-16 25.988355002375418:-3.1319374914243737e-17 32.91254725390694:1.8472168117940735e-15 0.0:0.0 0.0:0.0 0.0:0.0 0.0:0.0 110.43783125476628:6.11395795280649e-16 0.0:0.0 0.0:0.0 0.0:0.0 0.0:0.0 0.0:0.0 0.0:0.0 0.0:0.0 -24.986518189902093:7.127319884511698e-16 28.36052691321791:-7.523811233779443e-16 0.0:0.0 0.0:0.0 0.0:0.0 0.0:0.0 0.0:0.0 0.0:0.0 30.028793202230727:1.084209581670677e-15 0.0:0.0 0.0:0.0 0.0:0.0 0.0:0.0 0.0:0.0 0.0:0.0 0.0:0.0 -38.978481228774605:-1.518065479741996e-15 0.0:0.0 0.0:0.0 0.0:0.0 0.0:0.0 0.0:0.0 0.0:0.0 0.0:0.0 0.0:0.0 0.0:0.0 0.0:0.0 0.0:0.0 0.0:0.0 0.0:0.0 0.0:0.0 0.0:0.0 0.0:0.0 0.0:0.0 0.0:0.0 0.0:0.0 0.0:0.0 0.0:0.0 0.0:0.0 0.0:0.0 1120.0:0.0 -109.60255580020548:1.8062849803548854e-15 -38.87336483449439:-1.370217104995141e-15 0.0:0.0 0.0:0.0 0.0:0.0 0.0:0.0 0.0:0.0 -23.42270543668469:6.723371064939219e-16 -23.3515430429104:-6.946751809486472e-16 25.988355002375418:-3.1319374914243737e-17 0.0:0.0 0.0:0.0 0.0:0.0 0.0:0.0 0.0:0.0 -110.43783125476628:-6.11395795280649e-16 -24.28539510050995:2.178036119819037e-16 58.43440848163393:1.2810950553296044e-15 0.0:0.0 0.0:0.0 0.0:0.0 0.0:0.0 0.0:0.0 24.986518189902093:-7.127319884511698e-16 0.0:0.0 0.0:0.0 0.0:0.0 0.0:0.0 0.0:0.0 0.0:0.0 0.0:0.0 -30.028793202230727:-1.084209581670677e-15 0.0:0.0 0.0:0.0 0.0:0.0 0.0:0.0 0.0:0.0 0.0:0.0 0.0:0.0 38.978481228774605:1.518065479741996e-15 52.23324117812485:3.0337138856844447e-15 0.0:0.0 0.0:0.0 0.0:0.0 0.0:0.0 0.0:0.0 0.0:0.0 0.0:0.0 0.0:0.0 0.0:0.0 0.0:0.0 0.0:0.0 0.0:0.0 0.0:0.0 0.0:0.0 0.0:0.0 0.0:0.0 0.0:0.0 0.0:0.0 0.0:0.0 0.0:0.0 0.0:0.0 0.0:0.0
exact-centres 0 2 928.0:0.0 87.60255580020548:-1.8062849803548854e-15 -18.87336483449439:-1.370217104995141e-15 26.69226062420509:9.637418503739353e-16 0.0:0.0 0.0:0.0 0.0:0.0 0.0:0.0 287.4227054366847:9.98580392990758e-15 -23.3515430429104:-6.946751809486472e-16 -53.988355002375414:-3.5213943038862572e-15 0.0:0.0 0.0:0.0 0.0:0.0 0.0:0.0 0.0:0.0 0.0:0.0 0.0:0.0 0.0:0.0 0.0:0.0 0.0:0.0 0.0:0.0 0.0:0.0 0.0:0.0 -24.986518189902093:7.127319884511698e-16 -28.36052691321791:7.523811233779443e-16 0.0:0.0 0.0:0.0 0.0:0.0 0.0:0.0 0.0:0.0 0.0:0.0 0.0:0.0 0.0:0.0 0.0:0.0 0.0:0.0 0.0:0.0 0.0:0.0 0.0:0.0 0.0:0.0 38.978481228774605:1.518065479741996e-15 0.0:0.0 0.0:0.0 0.0:0.0 0.0:0.0 0.0:0.0 0.0:0.0 0.0:0.0 0.0:0.0 0.0:0.0 0.0:0.0 0.0:0.0 0.0:0.0 0.0:0.0 0.0:0.0 0.0:0.0 0.0:0.0 0.0:0.0 0.0:0.0 0.0:0.0 0.0:0.0 0.0:0.0 0.0:0.0 0.0:0.0 928.0:0.0 -109.60255580020548:1.8062849803548854e-15 0.0:0.0 26.69226062420509:9.637418503739353e-16 0.0:0.0 0.0:0.0 0.0:0.0 0.0:0.0 0.0:0.0 191.3515430429104:-6.410752176652355e-15 -25.988355002375418:3.1319374914243737e-17 -32.91254725390694:-1.8472168117940735e-15 0.0:0.0 0.0:0.0 0.0:0.0 0.0:0.0 0.0:0.0 0.0:0.0 0.0:0.0 0.0:0.0 0.0:0.0 0.0:0.0 0.0:0.0 0.0:0.0 24.986518189902093:-7.127319884511698e-16 0.0:0.0 0.0:0.0 0.0:0.0 0.0:0.0 0.0:0.0 0.0:0.0 0.0:0.0 0.0:0.0 0.0:0.0 0.0:0.0 0.0:0.0 0.0:0.0 0.0:0.0 0.0:0.0 0.0:0.0 0.0:0.0 0.0:0.0 0.0:0.0 0.0:0.0 0.0:0.0 0.0:0.0 0.0:0.0 0.0:0.0 0.0:0.0 0.0:0.0 0.0:0.0 0.0:0.0 0.0:0.0 0.0:0.0 0.0:0.0 0.0:0.0 0.0:0.0 0.0:0.0 0.0:0.0 0.0:0.0 0.0:0.0 0.0:0.0 0.0:0.0 0.0:0.0 1120.0:0.0 0.0:0.0 -18.87336483449439:-1.370217104995141e-15 0.0:0.0 0.0:0.0 0.0:0.0 0.0:0.0 0.0:0.0 -119.4227054366847:4.225050785294423e-15 -95.35154304291041:6.410752176652355e-15 -53.988355002375414:-3.5213943038862572e-15 -32.91254725390694:-1.8472168117940735e-15 0.0:0.0 0.0:0.0 0.0:0.0 0.0:0.0 0.0:0.0 0.0:0.0 0.0:0.0 0.0:0.0 0.0:0.0 0.0:0.0 0.0:0.0 0.0:0.0 -24.986518189902093:7.127319884511698e-16 28.36052691321791:-7.523811233779443e-16 32.83232302624991:-2.1533383333417784e-15 0.0:0.0 0.0:0.0 0.0:0.0 0.0:0.0 0.0:0.0 0.0:0.0 0.0:0.0 0.0:0.0 0.0:0.0 0.0:0.0 0.0:0.0 0.0:0.0 0.0:0.0 0.0:0.0 0.0:0.0 0.0:0.0 0.0:0.0 0.0:0.0 0.0:0.0 0.0:0.0 0.0:0.0 0.0:0.0 0.0:0.0 0.0:0.0 0.0:0.0 0.0:0.0 0.0:0.0 0.0:0.0 0.0:0.0 0.0:0.0 0.0:0.0 0.0:0.0 0.0:0.0 0.0:0.0 0.0:0.0 0.0:0.0 0.0:0.0 896.0:0.0 0.0:0.0 38.87336483449439:1.370217104995141e-15 -26.69226062420509:-9.637418503739353e-16 0.0:0.0 0.0:0.0 0.0:0.0 0.0:0.0 0.0:0.0 -47.3515430429104:-6.946751809486472e-16 -25.988355002375418:3.1319374914243737e-17 0.0:0.0 0.0:0.0 0.0:0.0 0.0:0.0 0.0:0.0 0.0:0.0 0.0:0.0 0.0:0.0 0.0:0.0 0.0:0.0 0.0:0.0 0.0:0.0 0.0:0.0 0.0:0.0 -28.36052691321791:7.523811233779443e-16 32.83232302624991:-2.1533383333417784e-15 0.0:0.0 0.0:0.0 0.0:0.0 0.0:0.0 0.0:0.0 0.0:0.0 0.0:0.0 0.0:0.0 0.0:0.0 0.0:0.0 0.0:0.0 0.0:0.0 0.0:0.0 0.0:0.0 0.0:0.0 0.0:0.0 0.0:0.0 0.0:0.0 0.0:0.0 0.0:0.0 0.0:0.0 0.0:0.0 0.0:0.0 0.0:0.0 0.0:0.0 0.0:0.0 0.0:0.0 0.0:0.0 0.0:0.0 0.0:0.0 0.0:0.0 0.0:0.0 0.0:0.0 0.0:0.0 0.0:0.0 0.0:0.0 0.0:0.0
record 0 26648.787178991428 -0.0 1.0 26648.787178991428
record 10 11114.123443528899 -2737.2599961264223 0.24986871112379272 20057.876550103116
record 20 9654.13144606669 -1578.5395106284275 0.5947701794092461 8846.103215611198
record 30 9203.57883762894 2225.4122830697866 0.7289618385743385 4449.243659542495
record 40 9015.11087769247 4914.159828815593 0.8512142186141773 2392.5057841380285
record 50 8918.068203406245 6098.107874742728 0.8842344059333727 1567.060861996854
record 60 8871.476685795162 7134.043992590853 0.926877007827221 994.8206119614829
record 70 8842.195302291024 7700.209837957493 0.9559471232238315 682.1618272370715
record 80 8827.542923440882 7889.93270048879 0.9521434753256728 499.4581070056495
record 90 8818.835697220764 8203.982419418395 0.9740667359626323 357.4217675187581
record 100 8812.625544865863 8332.372105829285 0.9785493794415978 295.2399065539539
canvas 0 0 146.98229496636253 145.902172172374 124.03717836778947 119.18643819002648 117.66446286625032 109.59516992505365 58.9096281262887 58.155414363727054 60.610607863977506 64.27632006499597 72.26930333919191 81.40197948149284 91.88192838266136 98.32056647998152 126.88013044408511 136.33723186703665 140.84450485822927 156.45431825686015 197.81251410117656 202.92458015068053 202.461417236702 200.17275878948018 193.6945899134803 178.9503911809753 145.09467377663054 127.7335560274981 115.79339731446444 105.70972846120007 93.14300470536698 81.05444636076399 73.41597745624325 70.79016814421354
canvas 0 1 145.9296090628751 138.89985043704203 122.8913862178486 119.45620282128033 117.07568002794338 93.88884862838837 61.63713144196263 59.49871888261488 62.067471440675206 66.9935595201475 74.36100527070197 83.88075811697078 94.28794704883171 112.4741352088456 128.90372035964344 135.88343944238082 141.1169780709129 156.41492460821954 193.2339203011523 200.50907680754648 201.908512767469 199.18032368190376 193.14657945034364 179.78618766522496 145.10303558643085 126.64755797169126 114.64279939718762 105.20261154069168 94.09393521089375 83.45382775138361 75.53073156260774 70.98141706428821
canvas 0 2 138.26460034983282 135.61877392555576 122.51757804440257 119.63946393949497 114.22188814576383 90.93815096685053 66.77560374189181 63.83504061840862 64.81051052328115 69.58379682669656 76.020747381897 84.37592557293031 94.48731269525165 111.26992452985371 128.11721622071366 135.4126329385796 141.41669494938384 151.0139335407878 185.70659691366174 195.22983198631334 199.14949142825247 198.41955122371925 194.05514665778813 186.74958415759477 145.88449182871912 125.39059984474704 113.16506151556469 104.49085708038162 95.39877116355059 86.41840641689082 78.44086204960867 72.51443174431049
canvas 0 3 136.83919221984084 132.0850431655426 122.26035323619926 119.07333577310636 111.00864797931992 92.50663493617871 73.38837826038284 70.21036793892361 69.42669257479187 72.49403913005791 78.23211446905748 84.81168981471086 91.45058360145589 104.37569477148179 125.52656601770808 132.8877939818258 139.47729956187038 149.87857189458765 176.89494300578244 187.49642405715824 193.16241254716962 193.8565383725181 191.56711517695987 186.53613610718043 143.35688814726734 122.49885622066067 111.16823113293744 103.89619296997009 96.74125046186418 89.55471699277074 82.06978838087134 77.69717020800422
canvas 0 4 130.70900889097206 126.13810055415742 121.98954424793583 114.21471336166428 103.23290655418177 91.1020094833374 79.26184415784769 76.45386731522315 75.76089232973172 77.31652573468381 81.50057687693732 87.1131159324684 94.88353621396773 109.39896599585501 125.6723241061652 132.40127044792564 142.70002274871504 159.93648086354423 167.21798385170717 176.64902167492298 185.0208525569823 185.13443264658264 184.14322476973464 173.07449838891407 132.74923431089584 117.6472469962951 109.81628410141123 103.50392036878876 97.38751503200683 91.61554989756858 86.08827432270535 86.10993068289811
canvas 0 5 108.89768730153838 108.58488725700879 107.31485571211493 104.82699252709105 100.54190995286606 91.55353799941088 84.81880120548284 82.75186946237494 82.65594791104608 83.83735529494271 87.30663046937741 97.61723676920704 132.8549973318906 145.20682674511315 151.98444271171897 157.88865590690085 159.4162628799973 157.950921873997 155.33648363447153 153.0552089009522 149.18018755946184 145.79287054894567 139.94025455038167 129.9530784224953 118.45104445946319 112.3832652155401 107.43528481954716 103.04849318401224 100.65310817074078 99.9907514933219 100.37235922382409 104.81813652515444
canvas 0 6 108.592330333927 108.4832535939037 107.89005034360245 106.36785080367329 103.23440786160691 98.57060778298283 94.13839626198961 92.34403434827063 93.45449204898443 96.67585176688392 103.26394035085445 115.75316899337628 139.0999816080071 145.98880066510017 152.1772129883205 155.30435534087616 153.76949140590995 151.31573701785732 147.0224308702659 123.23019318498488 120.76865949901786 120.01143543149078 118.65963939761893 116.61707716920563 111.24957781992403 107.69965309541134 104.4839581299802 102.62679006541178 102.26841476650252 102.60085671828621 133.21414937402574 135.78522933493477
canvas 0 7 108.82575692270373 109.30012782477824 109.94604809467246 110.2675071975854 110.25954896044631 110.64865614632494 111.49932881501859 112.3463189857849 112.81617397680752 112.68018841956088 114.34702466165214 118.76053919797812 140.57986231688147 145.98024515098376 150.17642280349082 149.42909355039868 147.40260353854688 143.52926079847933 109.29126359490249 107.85975943286041 107.89672254918224 109.34254500482442 109.50548348418148 108.05406232778213 105.2447284766679 103.40557690739108 102.31635861590802 102.59237579300412 103.10298864600526 131.48289357680667 143.19013532401948 143.58847006187378
canvas 0 8 109.73459518342892 111.1162890168705 113.34982333764982 115.47206357030801 116.83567254222821 117.4658661697891 118.20139476713152 119.49079759923842 121.1691253134194 119.40724885266467 120.58061932146731 122.92407140323283 141.14422607663076 145.0426375315719 145.15260399858306 143.47643469914277 140.7743486893401 113.0468188089577 99.36012470966463 98.00360053938472 96.97678989213843 96.7601814308203 96.53744418805933 96.53990467408548 100.3307361674592 101.18246457664213 102.17401787003347 102.71014735012697 104.06004856091745 136.08711958613225 143.7407968033121 148.66438701460558
canvas 0 9 111.69244090268613 114.00130927773964 117.76658681604054 121.6891848190897 126.54788233090599 132.058244359403 140.45922923275634 147.2690532767192 132.0170653969877 126.06191569319542 126.38544576037086 130.65809749100916 139.81962032751628 139.73381780175066 139.56841039940488 136.95966365578684 125.96750503802902 101.58559014385028 91.58410633341 89.19052432439533 87.6706451098015 87.34884307749229 87.16953200536267 88.34828923559586 95.93156579430467 100.31113944069315 102.05042896601266 103.1068315334735 135.18528914014897 152.6104087415883 152.77003998516187 153.0068238442512
canvas 0 10 113.83051501038905 117.91810580443506 125.01710361280223 136.0784080957535 143.05561418221544 151.41656131736528 181.25889102487673 188.63421874538173 189.42670676446525 187.7075119145102 178.3915690859447 159.6278939233761 137.65696111393837 129.3044808880558 108.68888890531936 96.28475567404438 89.60494618532819 81.65395870511156 77.35991590274631 74.79983933966226 73.63588005762959 73.21432429136146 73.117654859292 73.59375464722085 107.84436647726913 120.64863213490088 138.22750960669262 152.96407001458326 155.309923433369 154.3269325071577 153.41867358364385 152.82095636431703
canvas 0 11 115.16879635984867 120.76428047100137 129.12536682435857 139.60573109862796 147.4611809691447 161.4753130611288 184.09900045928347 192.53935620937145 195.3671388661317 195.1132949894766 191.4199007222255 177.53293508285864 135.5697693323735 115.19921764840824 100.55572784192648 92.91902014187245 84.39817952299586 77.510383459809 72.11711100761306 68.33585430879144 66.07940035872541 64.70503350854968 63.72094938307561 63.79827852240592 123.14199031043867 151.03440936090436 158.258654861584 160.18023697028562 160.26780951874113 158.17020964617856 154.56024544174358 153.4386908211838
canvas 0 12 116.5887512233751 122.74580822025135 131.63956573137455 143.13427905846905 150.92363066467553 162.84175738314764 183.15333325953517 192.94387571480934 197.06854251582567 196.75074734905428 192.03701957250146 182.0535577050579 133.75692430728034 110.99863686655937 97.7482713983741 89.65930117876508 81.97234926059582 75.25333947274099 69.96306264753822 66.15952228714164 63.96300728664006 63.310508632409224 63.179932639119606 64.64841359996069 97.1214384489948 144.1561906536209 156.69680586091363 160.2926370488303 162.06559267435287 162.02204761145032 161.21994402478848 159.25983569470193
canvas 0 13 118.81009379616391 124.55606140814767 135.50337907515308 147.2240499140916 156.9551572990364 167.96688635820584 182.39623330981104 191.28966979174015 196.8011488025687 196.89047568603945 192.36065642028504 185.62229652985306 134.62532579834524 109.17100045215204 94.95127251119938 86.49128366690911 79.94110761375346 74.39941973210352 70.13739506448104 66.69239222333499 63.99206092351312 62.588559352919155 62.4246307136204 68.18365508712235 116.79795732179726 143.51757431418707 154.74940128911268 159.66516030137177 162.20805887100954 162.28540914920146 160.8450939973302 159.0466654654269
canvas 0 14 121.06816578639435 133.59118164796678 150.40142784216383 160.47696435324687 167.71429257226245 173.95906784336537 180.936350705071 188.22962819948657 193.49477541599532 193.76631367334048 189.5092000374791 173.65049975196345 133.4447598932969 109.8556747663762 94.51739187883348 85.11158121389474 79.94363823117777 75.8291977938459 71.81028224955404 68.49865853665504 65.53738980799089 63.309952481593996 65.04154080437377 85.58032724178653 128.9090196885736 141.6935894070469 151.16954860326857 155.28962179157446 151.6583185930549 142.10059918487613 140.81778069127336 141.37123658758054
canvas 0 15 161.54249803882246 162.72330562418566 165.3051536888962 168.47496642907709 171.9576912195185 175.50950665021873 177.22124407837342 175.61714666499583 150.60039347047802 146.7211809525694 140.97238146731027 133.81027984111122 125.0936355987022 110.4995438148629 98.709549362198 90.3896014831572 86.98621742291162 84.06179498274793 96.8381200382478 102.3335575646119 103.70370000714009 104.57838141083256 110.04920789208055 112.57896473675045 110.5973435429141 110.31275997202022 110.29970150346215 110.4461517191443 117.03478502327019 128.81232407296432 139.8216282041301 141.18022225990083
canvas 0 16 162.3739399783442 163.56488078084294 166.50750872216716 169.7136937381817 171.20020929777792 170.20886438018604 168.02472595405203 143.42715413510723 141.4973720470103 138.86563075042957 134.47186081619452 127.96991486918824 117.41182420979817 107.57107759946908 98.51431165392971 93.94255108658426 90.07258265874276 88.53875724799282 109.11272970425811 121.99520230795459 120.84054788993025 119.5622696332802 119.43061505419685 117.11881626929105 111.17087489329633 110.8896384677775 110.75436944297962 112.66995483921364 113.05845327066625 113.93120432600958 131.79888914731822 141.11502991436407
canvas 0 17 161.4389079808071 162.1649986069185 163.21354928881215 164.2176858744959 163.24970651464523 161.48023820651247 140.37109953955476 132.62088534883534 131.33251298523194 129.56997312691954 126.67435109795399 121.68816213665843 114.49256557332663 106.44264529450426 101.18494221631974 97.48118813161867 93.62495099873765 91.6734134070128 139.9155708640223 138.8558325203381 136.947078277512 134.84085422665842 132.1657608534568 127.58136423972293 111.88733844354788 111.4316351388304 113.67893653853274 113.55502217353667 113.53256836729794 113.59163750131545 113.68755620516718 113.71120030349378
canvas 0 18 157.95339130260814 156.98182613007043 156.1296353031158 156.264443129418 154.92962451816032 152.0546526872893 125.80752062677654 120.94675465306473 120.71776602472755 119.51152358149885 118.13299262171714 116.08817073592532 112.73668179880723 108.89361267011907 106.17529233359595 102.13693937018292 96.64313253613193 104.13539102072771 142.53554062874406 141.06844000441944 139.39317299170781 137.52581419171483 135.55105249273427 133.6447885514214 112.68072092801339 112.57962568397006 114.21032162995326 113.80777305188974 113.54884613638612 113.54137554823288 113.69972306716316 113.72490987302055
canvas 0 19 151.7849409226776 149.6649081447719 146.89074123924982 148.38489986788414 145.21446925525436 127.5900118430236 111.09296068251882 107.37852652586157 108.95650456476625 109.01004604142243 109.10826372576493 110.86375791415047 113.16969239734128 114.01791877685393 113.17294879919005 112.36442260305117 109.8120158998564 135.69422963846637 144.8278590474948 143.28731019789203 141.2624596990424 139.06777304310233 136.75066868953093 135.10529217712704 114.51956977576569 115.1427528599474 114.7849595891208 114.04465798090571 113.41543858023785 111.40805679072312 113.68352061201938 113.78780548774455
canvas 0 20 112.0968242256071 111.62235904596182 111.12735662840525 102.20087205915235 96.96432553391554 93.55177579146816 92.02190769884504 92.06039315809264 94.42238014201259 96.38739200526477 99.26108311714643 106.47757301112415 114.58232539190348 121.06041926223205 140.38443703976145 146.266966339625 156.59913065420497 154.0047455419025 147.16044120877714 143.81943867760435 141.46861976184334 139.6646337475551 137.9507458359059 133.46529956195147 122.04655645767028 118.32349483017563 115.3223273087136 113.34936359467204 103.66319897003848 104.66039377830319 113.58039824586135 125.99506491109634
canvas 0 21 105.63519928910297 104.55959482221364 90.31799621496523 81.0364924860151 80.69876973849185 80.59016145805953 80.29730337663712 80.42681719102252 81.83042299178777 82.9526800194959 87.20288646422578 100.72909490663288 118.50883167249167 152.9903096452139 154.93963476553316 161.1042988253516 169.60949883452716 166.00878998980087 150.97083556981178 145.6778620547649 143.03411348182038 140.99648182758503 138.16493924609878 133.63434627316818 125.76777259073768 121.17293911327786 116.03250054187012 106.12141115459674 101.42335219348963 101.24975381236487 113.2574669565808 126.04018333052186
canvas 0 22 101.07311249211408 97.98072146275778 78.53971200533368 73.55167166847004 72.54015418523504 71.2472060814265 70.0582121951784 70.1995916803016 71.73412509048671 73.79165096017256 77.06979335358923 92.44074294934748 136.18356367831382 155.1056660092686 162.69033059883458 168.72816942782808 176.0411905976289 175.1875946962096 158.27326187822146 149.95286726092613 145.94548515498101 143.54000457757977 139.98644896658374 135.17446684907898 127.49708711713068 123.0857607280146 119.3792221171944 108.35416335453539 101.48547095057987 101.17901031963929 107.15771804634753 126.246240611624
canvas 0 23 96.20935479294288 91.16910370595241 72.1330121945813 66.19236168490356 62.77852015677193 60.9577191645444 59.87060444535853 59.44343818718757 60.97852022639863 65.22676196179931 74.18449811528181 87.04819206468085 140.96827772204946 155.51573273824897 167.09298959007367 174.87188776187998 178.90608072779608 176.9050886526245 167.2171249843406 161.14385879595753 155.10741999556328 149.02248966537618 142.66934086906855 136.11606709752138 129.5853577951863 123.83567713464541 118.40298414026121 112.90802759358763 101.75326851757765 99.46341104475847 99.29116874617444 99.32488742433348
constants method=tgv centres_tested=8.627622486870601e-13 centres_reference=4.510791180808633e-14 tau=0.9330261158225017 sigma=0.09330261158225017 rho=1.9 root=0.9949874371066201 gamma_max=1.0 lipschitz=239.90578230142967 dual_lipschitz=11528.111033469459 dual_centres=0.0005274300502137627 weight_max=2.5e-06 dual_reach=4075.802743018852 dual_fixed=0.3780000000000001 xi_bound=78.38367176906178 xi_terms_bound=443.40500673763256 cells=1 vector_terms=2 tensor_terms=3 primal_terms=2324 dual_terms=776 dual_rounding=20
start SI0=5075.416273949084 ScenA=8.627622486870601e-13 ScenR=4.510791180808633e-14 Sgx0=544.3195906170212
majorant 0 ME=125.49552581470336 Ma=1.9750716924382593e-13 Mb=56.12382295814994 McenA=1.0305284763079971e-18 McenR=7.592244606017011e-20 Md=0.0 Mf=24191.89372497549 Mg=101.57287867989872 Mh=0.0 Mi=5075.416273949087 Mmean=0.0 Mp=1.9750716924382593e-13 Mphi=3544.433729677282 Mput=0.0 Mq=330.7049235591059 Mr=39.42877251059697 Mrp=3.752636215632692e-13 Mrr=74.91466777013423 Mrw=1524.0948537276593 Mrx=9924.41444309639 Mw=544.3195906170212 Mwbar=50.78643933994936 Mx=3544.433729677282
majorant 1 ME=102.35990466988862 Ma=19.29286762409293 Mb=100.39453778458225 McenA=1.0305284763079971e-18 McenR=7.592244606017011e-20 Md=8.022770392914867e-13 Mf=24191.8937249755 Mg=89.80220357322906 Mh=157.44010224305381 Mi=5075.41627394909 Mmean=0.0 Mp=17.158409519781955 Mphi=3544.4337296772837 Mput=0.0 Mq=330.7049235591061 Mr=52.31304563386582 Mrp=32.600978087585915 Mrr=164.56815520884868 Mrw=1397.9036177962346 Mrx=9924.414443096395 Mw=544.3195906170212 Mwbar=40.181349171372894 Mx=3544.4337296772833
majorant 2 ME=101.48074642226672 Ma=35.431812178719284 Mb=63.73637691055331 McenA=1.0305284763079971e-18 McenR=7.592244606017011e-20 Md=70.90669453297183 Mf=24188.84434184291 Mg=83.95662112282753 Mh=113.85674291950119 Mi=5132.407572291236 Mmean=0.0 Mp=23.557121824050434 Mphi=3541.7269122108733 Mput=0.0 Mq=330.2675430146675 Mr=51.10301052543676 Mrp=72.57744866811456 Mrr=132.04468778111462 Mrw=1209.4289688636466 Mrx=9919.050038391137 Mw=434.7122871559181 Mwbar=40.25933105842392 Mx=3544.433729677285
majorant 3 ME=88.29420977330575 Ma=34.00439652424046 Mb=83.86029112594143 McenA=1.0305284763079971e-18 McenR=7.592244606017011e-20 Md=48.97403428330635 Mf=24185.295334865914 Mg=78.10653021319682 Mh=158.571266480402 Mi=5164.553104241835 Mmean=0.0 Mp=24.30939513482332 Mphi=3538.7550392604276 Mput=0.0 Mq=330.1847160937186 Mr=52.72595621783107 Mrp=64.34392072247569 Mrr=157.97432626137564 Mrw=1138.2033537722273 Mrx=9910.368682337297 Mw=431.2899993327177 Mwbar=34.36720094232674 Mx=3539.9113586350495
majorant 4 ME=86.10225509225462 Ma=41.231261591827916 Mb=61.880831626731336 McenA=1.0305284763079971e-18 McenR=7.592244606017011e-20 Md=68.86441000244666 Mf=24182.486484924153 Mg=75.20067461360044 Mh=127.01604447179457 Mi=5162.149218361367 Mmean=0.0 Mp=25.17887719435456 Mphi=3536.6230823620817 Mput=0.0 Mq=329.90606033566155 Mr=51.87884848516555 Mrp=74.51887936318965 Mrr=138.78640353074846 Mrw=1026.1000320124954 Mrx=9905.697646389914 Mw=370.6821942457415 Mwbar=33.76469204684651 Mx=3538.881935778144
majorant 5 ME=76.91617518033394 Ma=39.1507363384776 Mb=74.58479100063826 McenA=1.0305284763079971e-18 McenR=7.592244606017011e-20 Md=53.377993565137096 Mf=24179.71749707042 Mg=71.74686247493104 Mh=151.6367857968678 Mi=5162.448627870104 Mmean=0.0 Mp=25.177208053689938 Mphi=3534.6646463025895 Mput=0.0 Mq=329.8778868103192 Mr=52.46655834286572 Mrp=68.0973157437006 Mrr=153.37071210631007 Mrw=966.621522595177 Mrx=9900.148709505276 Mw=362.0563372377439 Mwbar=29.735013290827254 Mx=3535.998552342076
majorant 6 ME=74.69911239703909 Ma=44.151169866931234 Mb=60.11122737383598 McenA=1.0305284763079971e-18 McenR=7.592244606017011e-20 Md=65.99976244380416 Mf=24176.07651997652 Mg=69.38291317772021 Mh=129.93717412957517 Mi=5165.745022509881 Mmean=0.0 Mp=25.05529691732719 Mphi=3533.2974073851815 Mput=0.0 Mq=329.62837860360816 Mr=51.77136689238565 Mrp=73.29413380224351 Mrr=140.7420505327539 Mrw=885.5706011734001 Mrx=9896.863706586857 Mw=320.37322683928346 Mwbar=29.041402011258544 Mx=3535.5729958259853
majorant 7 ME=68.11530196204612 Ma=42.15534674104725 Mb=68.4391798244635 McenA=1.0305284763079971e-18 McenR=7.592244606017011e-20 Md=53.70265302539388 Mf=24171.78315076316 Mg=67.22875952354434 Mh=145.85777504053414 Mi=5179.023609515121 Mmean=0.0 Mp=24.969782008380417 Mphi=3531.475068965411 Mput=0.0 Mq=329.59607329195586 Mr=51.956581287338715 Mrp=67.99014900808064 Mrr=149.7754210304171 Mrw=840.1541113957655 Mrx=9891.839329537204 Mw=311.4978095866591 Mwbar=26.30383238799206 Mx=3533.0144741880226
majorant 8 ME=66.48548948396899 Ma=46.82299901822227 Mb=58.71389681661595 McenA=1.0305284763079971e-18 McenR=7.592244606017011e-20 Md=63.08856121116491 Mf=24167.299226524257 Mg=65.46375968394965 Mh=131.8002242038572 Mi=5192.419872560511 Mmean=0.0 Mp=24.898388462189597 Mphi=3530.236487414809 Mput=0.0 Mq=329.37563985139116 Mr=51.45553903262417 Mrp=72.00643910322462 Mrr=141.21131592756802 Mrw=784.1731917632599 Mrx=9888.78948422564 Mw=283.0804631887377 Mwbar=25.782791284504412 Mx=3532.5604857214203
majorant 9 ME=61.83380065366443 Ma=45.125063201216136 Mb=64.4673773305989 McenA=1.0305284763079971e-18 McenR=7.592244606017011e-20 Md=53.95161793889859 Mf=24162.639123380774 Mg=63.92208273175486 Mh=142.40412228757143 Mi=5201.863607789392 Mmean=0.0 Mp=24.825639952291134 Mphi=3528.5972836405413 Mput=0.0 Mq=329.343444513849 Mr=51.579392588626085 Mrp=68.04634220284731 Mrr=147.25945060830927 Mrw=752.5325873139343 Mrx=9884.2959708082 Mw=276.51479193740926 Mwbar=23.92771094739371 Mx=3530.295955571877
majorant 10 ME=60.42177804454759 Ma=49.04865120367647 Mb=58.151611546487196 McenA=1.0305284763079971e-18 McenR=7.592244606017011e-20 Md=61.10799130101854 Mf=24157.847542879816 Mg=62.50214910296812 Mh=133.35928750538824 Mi=5206.074994045575 Mmean=0.0 Mp=24.726217825490618 Mphi=3527.5528796839994 Mput=0.0 Mq=329.3070740993771 Mr=51.34715243368543 Mrp=70.98885882612137 Mrr=141.79602697914103 Mrw=712.9267128277539 Mrx=9883.13411054833 Mw=257.2444271129219 Mwbar=23.428049294063918 Mx=3529.8567137132736
majorant 11 ME=56.86927120120399 Ma=47.328563264744666 Mb=62.19437829224925 McenA=1.0305284763079971e-18 McenR=7.592244606017011e-20 Md=53.959662922817635 Mf=24162.412211388357 Mg=61.592382662209296 Mh=140.48898486401615 Mi=5210.384353662339 Mmean=0.0 Mp=24.636347983886203 Mphi=3527.6728378189105 Mput=0.0 Mq=329.2510918960909 Mr=51.334240108850196 Mrp=67.77080235007263 Mrr=145.7610005174699 Mrw=687.5409052734116 Mrx=9881.854553890787 Mw=251.28713748991677 Mwbar=22.038766230853845 Mx=3529.4660246023864
majorant 12 ME=55.76305873292774 Ma=50.35362862144986 Mb=57.678926833600435 McenA=1.0305284763079971e-18 McenR=7.592244606017011e-20 Md=59.8660155407921 Mf=24155.016802279722 Mg=60.61362796690016 Mh=134.05547504080366 Mi=5216.185548412264 Mmean=0.0 Mp=24.63187566314348 Mphi=3526.5649531165145 Mput=0.0 Mq=329.2093828265675 Mr=51.07749412843406 Mrp=70.28081425806059 Mrr=141.6285859032352 Mrw=657.3916229711713 Mrx=9880.354670618008 Mw=236.8243509863196 Mwbar=21.64819302279538 Mx=3528.8774843350375
majorant 13 ME=53.26461169080331 Ma=48.85399843391501 Mb=60.55341526898099 McenA=1.0305284763079971e-18 McenR=7.592244606017011e-20 Md=54.49755103728331 Mf=24157.800979247673 Mg=60.21932783926601 Mh=138.6947237126389 Mi=5224.660277053813 Mmean=0.0 Mp=24.602984618256695 Mphi=3526.5100930175104 Mput=0.0 Mq=329.1125953238797 Mr=51.055999541910694 Mrp=67.9354291441101 Mrr=144.3969805479516 Mrw=638.3922090021167 Mrx=9878.539226034107 Mw=232.17258948474463 Mwbar=20.636582925088998 Mx=3528.424407785609
majorant 14 ME=52.5392685680645 Ma=51.26197091430546 Mb=57.34524080942289 McenA=1.0305284763079971e-18 McenR=7.592244606017011e-20 Md=59.11293374563232 Mf=24148.047404875262 Mg=59.56485285040667 Mh=134.31012454063963 Mi=5231.84048991813 Mmean=0.0 Mp=24.685024551838524 Mphi=3525.0693601909643 Mput=0.0 Mq=329.1000678155222 Mr=51.01152634512449 Mrp=70.05995980079821 Mrr=141.71639326674742 Mrw=616.6285649986645 Mrx=9876.555205717297 Mw=221.6307977500366 Mwbar=20.374258349223233 Mx=3527.416893574533
majorant 15 ME=50.82429253840979 Ma=50.02073180489098 Mb=59.62461466233107 McenA=1.0305284763079971e-18 McenR=7.592244606017011e-20 Md=55.38683797137523 Mf=24150.962443880355 Mg=59.340022728378564 Mh=138.31096560246777 Mi=5240.230362790558 Mmean=0.0 Mp=24.74888011381209 Mphi=3525.212274114155 Mput=0.0 Mq=328.97014951475296 Mr=51.10636787951481 Mrp=68.53323529545646 Mrr=144.12143663025648 Mrw=603.6554706553178 Mrx=9874.91101308256 Mw=218.46656415441686 Mwbar=19.680995622622248 Mx=3527.2395269264907
majorant 16 ME=50.32929965080383 Ma=51.901279750986866 Mb=57.315264467959 McenA=1.0305284763079971e-18 McenR=7.592244606017011e-20 Md=58.95162519540222 Mf=24139.49946235232 Mg=58.81022223927135 Mh=135.13643916771892 Mi=5246.7803987708785 Mmean=0.0 Mp=24.72899981560343 Mphi=3523.543719964274 Mput=0.0 Mq=328.9984138005219 Mr=51.15279241285517 Mrp=70.0410061462725 Mrr=142.35836865467581 Mrw=588.9230211198401 Mrx=9872.739684332635 Mw=211.24380641243818 Mwbar=19.52441871479117 Mx=3525.908351090433
majorant 17 ME=49.04851686597146 Ma=50.81124532190038 Mb=59.08446210109525 McenA=1.0305284763079971e-18 McenR=7.592244606017011e-20 Md=55.67216193927673 Mf=24144.320166134672 Mg=58.70229456734798 Mh=138.01623915452916 Mi=5254.324472765323 Mmean=0.0 Mp=24.66399636057011 Mphi=3524.048687941754 Mput=0.0 Mq=328.9315547022527 Mr=51.25514342751303 Mrp=68.48573355519032 Mrr=144.26715558374195 Mrw=580.0324577563118 Mrx=9872.473090604324 Mw=209.30675043623157 Mwbar=18.999442861115302 Mx=3526.129847265582
majorant 18 ME=48.56909183882972 Ma=52.300528629638045 Mb=57.40259239320361 McenA=1.0305284763079971e-18 McenR=7.592244606017011e-20 Md=58.24970204005734 Mf=24136.85835376753 Mg=58.29132011216244 Mh=135.64154120254813 Mi=5261.236884886304 Mmean=0.0 Mp=24.678543186396826 Mphi=3523.120740358518 Mput=0.0 Mq=328.9545762987562 Mr=51.32173894207198 Mrp=69.67816209966787 Mrr=143.03037550957328 Mrw=568.4037819354025 Mrx=9871.473170585954 Mw=203.86708645094214 Mwbar=18.83134683337568 Mx=3525.4605000013416
majorant 19 ME=47.44739101450343 Ma=51.49721510454522 Mb=58.77491154699545 McenA=1.0305284763079971e-18 McenR=7.592244606017011e-20 Md=55.879592729006355 Mf=24140.78627529925 Mg=58.21261152328345 Mh=137.8301607017596 Mi=5267.945364870344 Mmean=0.0 Mp=24.69266590595554 Mphi=3523.5494181837403 Mput=0.0 Mq=328.90083671210505 Mr=51.382123879833735 Mrp=68.67000851971767 Mrr=144.46673358118358 Mrw=560.1772268515725 Mrx=9871.300751861949 Mw=201.89520551492888 Mwbar=18.37707040022931 Mx=3525.6617373260947
majorant 20 ME=47.029330756764324 Ma=52.735298688652286 Mb=57.41193748578454 McenA=1.0305284763079971e-18 McenR=7.592244606017011e-20 Md=58.068024211300056 Mf=24134.869013595253 Mg=57.85746796094713 Mh=136.03625235955082 Mi=5273.417775435387 Mmean=0.0 Mp=24.725681785222886 Mphi=3522.797657171908 Mput=0.0 Mq=328.91456393309227 Mr=51.371126351620006 Mrp=69.67379085673063 Mrr=143.35090258310444 Mrw=550.0600855653812 Mrx=9870.450713572123 Mw=197.1744131358783 Mwbar=18.233858271706975 Mx=3525.124813195182
majorant 21 ME=46.13282695093817 Ma=52.07859727472346 Mb=58.41452591153079 McenA=1.0305284763079971e-18 McenR=7.592244606017011e-20 Md=56.31501856253155 Mf=24137.998186050947 Mg=57.78317293911201 Mh=137.75942627027527 Mi=5278.3594686217775 Mmean=0.0 Mp=24.78591429196819 Mphi=3523.091143412961 Mput=0.0 Mq=328.8649983293728 Mr=51.34114646132995 Mrp=68.99407757567859 Mrr=144.25432988852398 Mrw=543.301016483687 Mrx=9870.157191265022 Mw=195.48627264128666 Mwbar=17.872506004138884 Mx=3525.238001640849
majorant 22 ME=45.85760170279126 Ma=53.06545136853241 Mb=57.27411545309538 McenA=1.0305284763079971e-18 McenR=7.592244606017011e-20 Md=58.137952076608165 Mf=24133.010691562617 Mg=57.521125260569136 Mh=136.1713854580637 Mi=5283.060143053816 Mmean=0.0 Mp=24.863993787029706 Mphi=3522.4144769679983 Mput=0.0 Mq=328.92656498060325 Mr=51.28570345450921 Mrp=69.94623502560388 Mrr=143.2277581945707 Mrw=535.3643965166813 Mrx=9869.863583424702 Mw=191.72571890904845 Mwbar=17.7718552545685 Mx=3524.7391204097376
majorant 23 ME=45.188915686547546 Ma=52.54707358969162 Mb=58.04399517664221 McenA=1.0305284763079971e-18 McenR=7.592244606017011e-20 Md=56.81039583004481 Mf=24139.182674380176 Mg=57.47770732003534 Mh=137.272315953826 Mi=5286.914108944263 Mmean=0.0 Mp=24.932922842276508 Mphi=3523.162861487582 Mput=0.0 Mq=328.92185041861694 Mr=51.22376558264794 Mrp=69.48440806261085 Mrr=143.8400125842639 Mrw=530.3717019421898 Mrx=9870.930715012064 Mw=190.51652509063643 Mwbar=17.497074689319312 Mx=3525.3412292197304
majorant 24 ME=45.013912659819944 Ma=53.3851233857778 Mb=57.100877641904255 McenA=1.0305284763079971e-18 McenR=7.592244606017011e-20 Md=58.251195569913584 Mf=24137.814669881664 Mg=57.272906908236536 Mh=135.89251415705837 Mi=5291.639804341299 Mmean=0.0 Mp=24.978663079425758 Mphi=3523.0021386822705 Mput=0.0 Mq=328.97697766176606 Mr=51.178854761415366 Mrp=70.2135497154946 Mrr=142.98912148553447 Mrw=524.39424214359 Mrx=9871.46046265604 Mw=187.6614714388516 Mwbar=17.42504101080349 Mx=3525.3234246322395
majorant 25 ME=44.47967510994065 Ma=53.00487647942554 Mb=57.7293614409947 McenA=1.0305284763079971e-18 McenR=7.592244606017011e-20 Md=57.16714602548922 Mf=24143.302272778325 Mg=57.23658961982069 Mh=136.92004097670508 Mi=5297.590125646978 Mmean=0.0 Mp=25.018717879282857 Mphi=3523.681139235415 Mput=0.0 Mq=328.9780223828774 Mr=51.17400116813654 Mrp=69.7926393359469 Mrr=143.58787196518264 Mrw=520.5772017321833 Mrx=9872.508613211681 Mw=186.78817925095169 Mwbar=17.2074995314586 Mx=3525.883940587661
majorant 26 ME=44.34234314928279 Ma=53.71561179840936 Mb=57.027675404783935 McenA=1.0305284763079971e-18 McenR=7.592244606017011e-20 Md=58.36850536464035 Mf=24142.60324823445 Mg=57.057014962822365 Mh=135.9940605338921 Mi=5302.52146943254 Mmean=0.0 Mp=25.05281112373335 Mphi=3523.6030679214136 Mput=0.0 Mq=329.0307626258834 Mr=51.19761862154541 Mrp=70.36667598102783 Mrr=143.077012810933 Mrw=515.8988565815973 Mrx=9873.118358029427 Mw=184.53056478231483 Mwbar=17.154570499278105 Mx=3525.922645896162
majorant 27 ME=43.928565897399984 Ma=53.41451814128504 Mb=57.57935265134519 McenA=1.0305284763079971e-18 McenR=7.592244606017011e-20 Md=57.44053393950671 Mf=24147.664292694757 Mg=57.0203287720965 Mh=136.9694397536962 Mi=5305.944186188406 Mmean=0.0 Mp=25.076495695329303 Mphi=3524.2380263058567 Mput=0.0 Mq=329.0408683064885 Mr=51.24353664028257 Mrp=70.00987751176228 Mrr=143.70090958850068 Mrw=513.0207085478509 Mrx=9874.218905995736 Mw=183.8816951738267 Mwbar=16.988437396906495 Mx=3526.461664771048
majorant 28 ME=43.83420244979448 Ma=53.97238920228759 Mb=57.04200058228306 McenA=1.0305284763079971e-18 McenR=7.592244606017011e-20 Md=58.41245991839959 Mf=24147.878647710506 Mg=56.88169113708015 Mh=136.34489925023018 Mi=5308.841942913774 Mmean=0.0 Mp=25.094050370799973 Mphi=3524.274674290349 Mput=0.0 Mq=329.088738213792 Mr=51.28976871033995 Mrp=70.44106698809138 Mrr=143.38234264034702 Mrw=509.5033839320185 Mrx=9874.947131754232 Mw=182.15868682023137 Mwbar=16.954722071963985 Mx=3526.59154635021
majorant 29 ME=43.50718513784977 Ma=53.71656489369256 Mb=57.48756209769343 McenA=1.0305284763079971e-18 McenR=7.592244606017011e-20 Md=57.71236501472148 Mf=24152.535780797683 Mg=56.862420151858956 Mh=137.110594001522 Mi=5311.414734227594 Mmean=0.0 Mp=25.129854921064823 Mphi=3524.848095802128 Mput=0.0 Mq=329.0988844656246 Mr=51.3480282884894 Mrp=70.18210638994536 Mrr=143.93676811823576 Mrw=507.3950293952418 Mrx=9875.96460921251 Mw=181.73034536387453 Mwbar=16.823468556726134 Mx=3527.0854887996306
majorant 30 ME=43.42678376060134 Ma=54.18651165827502 Mb=57.0756112457334 McenA=1.0305284763079971e-18 McenR=7.592244606017011e-20 Md=58.605411477138766 Mf=24153.02540898644 Mg=56.747551215197824 Mh=136.6782735748692 Mi=5313.701239991898 Mmean=0.0 Mp=25.175298176800336 Mphi=3524.901189066862 Mput=0.0 Mq=329.1387223252 Mr=51.416894035389426 Mrp=70.62113803926418 Mrr=143.76668415145417 Mrw=504.63327789556365 Mrx=9876.607416332405 Mw=180.37403710918915 Mwbar=16.797113904103515 Mx=3527.2135226801547
majorant 31 ME=43.15362103923163 Ma=54.01435487039624 Mb=57.46080418528249 McenA=1.0305284763079971e-18 McenR=7.592244606017011e-20 Md=58.07826859252158 Mf=24157.067042248727 Mg=56.720561389572296 Mh=137.43626398112156 Mi=5316.217508186645 Mmean=0.0 Mp=25.21460618855776 Mphi=3525.379450257945 Mput=0.0 Mq=329.15057028199686 Mr=51.47285837046966 Mrp=70.45589404903869 Mrr=144.25975874613079 Mrw=502.92846769534174 Mrx=9877.490698592776 Mw=180.03911497747086 Mwbar=16.69040413996756 Mx=3527.6255744970044
majorant 32 ME=43.056268041609684 Ma=54.41865088214218 Mb=57.12568710954988 McenA=1.0305284763079971e-18 McenR=7.592244606017011e-20 Md=58.75761774886685 Mf=24157.7802003183 Mg=56.60759142484697 Mh=137.13604801980074 Mi=5319.265925877318 Mmean=0.0 Mp=25.223445918252583 Mphi=3525.462545960775 Mput=0.0 Mq=329.18841728375037 Mr=51.50504234645823 Mrp=70.75405870688368 Mrr=144.06851510986007 Mrw=500.5987143814093 Mrx=9878.13779896666 Mw=178.93592059629975 Mwbar=16.66051274210387 Mx=3527.766838653667
majorant 33 ME=42.78269723102613 Ma=54.265388047585354 Mb=57.40964383071136 McenA=1.0305284763079971e-18 McenR=7.592244606017011e-20 Md=58.198197337841336 Mf=24161.398601955858 Mg=56.57784248780177 Mh=137.64891215440971 Mi=5322.50643886007 Mmean=0.0 Mp=25.22863213234057 Mphi=3525.9113860876582 Mput=0.0 Mq=329.203800154724 Mr=51.53389529351069 Mrp=70.52509047607693 Mrr=144.40441880895364 Mrw=498.88679602308804 Mrx=9879.02060564437 Mw=178.57762341637084 Mwbar=16.5565531539209 Mx=3528.1592878791084
majorant 34 ME=42.65706670734203 Ma=54.591586543885064 Mb=57.14020610797073 McenA=1.0305284763079971e-18 McenR=7.592244606017011e-20 Md=58.69692951121152 Mf=24162.32447753812 Mg=56.5055991479237 Mh=137.40497691963068 Mi=5326.0702699874455 Mmean=0.0 Mp=25.24066334743888 Mphi=3526.0399425108253 Mput=0.0 Mq=329.2412467678638 Mr=51.57499090653557 Mrp=70.77017253942351 Mrr=144.27833876057824 Mrw=496.4943300176883 Mrx=9879.728199026405 Mw=177.5018871406174 Mwbar=16.51655874671561 Mx=3528.335548771436
majorant 35 ME=42.41984491959619 Ma=54.470185322428414 Mb=57.399209866243865 McenA=1.0305284763079971e-18 McenR=7.592244606017011e-20 Md=58.2976993429445 Mf=24165.590025290938 Mg=56.504209287461244 Mh=137.89602338886945 Mi=5329.545822434586 Mmean=0.0 Mp=25.256166623329136 Mphi=3526.4732839917956 Mput=0.0 Mq=329.25686032093324 Mr=51.622022702588644 Mrp=70.62026036624283 Mrr=144.6209785416603 Mrw=494.708772537726 Mrx=9880.609191873806 Mw=177.04125998684324 Mwbar=16.42408371768588 Mx=3528.7256579210293
majorant 36 ME=42.3255318325959 Ma=54.729228114689995 Mb=57.19984427665362 McenA=1.0305284763079971e-18 McenR=7.592244606017011e-20 Md=58.79240356788988 Mf=24166.598064126447 Mg=56.45157640860833 Mh=137.73184958937568 Mi=5332.405427104554 Mmean=0.0 Mp=25.273825382950402 Mphi=3526.610682015494 Mput=0.0 Mq=329.2892082255451 Mr=51.67818673865945 Mrp=70.84120463355195 Mrr=144.5802825237017 Mrw=492.5847212922997 Mrx=9881.268928193635 Mw=176.0772784858701 Mwbar=16.390208367206032 Mx=3528.904163199421
majorant 37 ME=42.144314813898355 Ma=54.62969648289205 Mb=57.43065604144323 McenA=1.0305284763079971e-18 McenR=7.592244606017011e-20 Md=58.52825736044887 Mf=24169.50839737015 Mg=56.45099970224642 Mh=138.18363160075242 Mi=5335.169679952287 Mmean=0.0 Mp=25.291067501328765 Mphi=3526.9829496954444 Mput=0.0 Mq=329.29593353480766 Mr=51.727065959710835 Mrp=70.73564371786067 Mrr=144.90107367780016 Mrw=491.11698621708734 Mrx=9881.963409438491 Mw=175.6844972043036 Mwbar=16.317025014791742 Mx=3529.242462756322
majorant 38 ME=42.077182976580616 Ma=54.84526832475727 Mb=57.26626919311201 McenA=1.0305284763079971e-18 McenR=7.592244606017011e-20 Md=58.91906618762331 Mf=24169.924616839508 Mg=56.40433921668372 Mh=138.0190437651001 Mi=5337.896261740937 Mmean=0.0 Mp=25.299110109908362 Mphi=3527.035689195122 Mput=0.0 Mq=329.30731230029664 Mr=51.76173962672391 Mrp=70.90393789121224 Mrr=144.84509725666916 Mrw=489.4413962862963 Mrx=9882.237348893914 Mw=174.92000839758694 Mwbar=16.290987474393244 Mx=3529.3278656986604
majorant 39 ME=41.926012428251376 Ma=54.7736209501268 Mb=57.439824374198054 McenA=1.0305284763079971e-18 McenR=7.592244606017011e-20 Md=58.6410044786215 Mf=24171.11064971803 Mg=56.39638482465458 Mh=138.28018673411447 Mi=5340.478711954603 Mmean=0.0 Mp=25.290253166767524 Mphi=3527.184359129303 Mput=0.0 Mq=329.3163841486429 Mr=51.78675659266122 Mrp=70.76260588372355 Mrr=145.06140489016286 Mrw=488.25493192089164 Mrx=9882.552054569393 Mw=174.61697516753765 Mwbar=16.228949971989138 Mx=3529.4480000900317
majorant 40 ME=41.84614561068189 Ma=54.95272220574468 Mb=57.29263924458093 McenA=1.0305284763079971e-18 McenR=7.592244606017011e-20 Md=58.85553579272168 Mf=24171.60529885571 Mg=56.352926545207524 Mh=138.05746741779055 Mi=5342.850902944125 Mmean=0.0 Mp=25.269272260278093 Mphi=3527.2577512413504 Mput=0.0 Mq=329.32894883023266 Mr=51.80870145632046 Mrp=70.81989197172967 Mrr=144.99393925312197 Mrw=486.7555709523624 Mrx=9882.862068031247 Mw=173.9706048145159 Mwbar=16.198822052063285 Mx=3529.5463823437794
majorant 41 ME=41.682692336940065 Ma=54.89489650143893 Mb=57.41941707135301 McenA=1.0305284763079971e-18 McenR=7.592244606017011e-20 Md=58.53902967140094 Mf=24172.845331933608 Mg=56.34268871147649 Mh=138.27615287344375 Mi=5345.222403840034 Mmean=0.0 Mp=25.242573850295816 Mphi=3527.415316075196 Mput=0.0 Mq=329.33849098591395 Mr=51.821038567846514 Mrp=70.64538445949731 Mrr=145.15263772791673 Mrw=485.474219468979 Mrx=9883.205062495661 Mw=173.63175893569021 Mwbar=16.134371825753455 Mx=3529.6792396514966
majorant 42 ME=41.56459662010473 Ma=55.0369204764759 Mb=57.27591918332884 McenA=1.0305284763079971e-18 McenR=7.592244606017011e-20 Md=58.66336273755152 Mf=24173.489112117873 Mg=56.29712615586612 Mh=138.1302782941796 Mi=5347.162611336346 Mmean=0.0 Mp=25.225147536245682 Mphi=3527.500345249167 Mput=0.0 Mq=329.34530414181967 Mr=51.82924443843522 Mrp=70.67808652294805 Mrr=145.06739586616538 Mrw=483.79354014546334 Mrx=9883.466580798058 Mw=172.95872223804804 Mwbar=16.091228521174415 Mx=3529.7830438660103
majorant 43 ME=41.376422980356466 Ma=55.00345023526477 Mb=57.365660524823475 McenA=1.0305284763079971e-18 McenR=7.592244606017011e-20 Md=58.43183668585132 Mf=24174.310011884332 Mg=56.268003969129914 Mh=138.31919291170635 Mi=5348.671214241044 Mmean=0.0 Mp=25.230332939103743 Mphi=3527.5949040513256 Mput=0.0 Mq=329.3397573698575 Mr=51.84439747427078 Mrp=70.59857231175246 Mrr=145.2011068164923 Mrw=482.192956029085 Mrx=9883.548123526702 Mw=172.48607660425787 Mwbar=16.01974738512541 Mx=3529.857613389439
majorant 44 ME=41.24609312302356 Ma=55.15291594611868 Mb=57.256583437594536 McenA=1.0305284763079971e-18 McenR=7.592244606017011e-20 Md=58.64076336069682 Mf=24173.870180873313 Mg=56.217770484297304 Mh=138.23600707160747 Mi=5350.167111846364 Mmean=0.0 Mp=25.248754668156216 Mphi=3527.52510637688 Mput=0.0 Mq=329.34203345057955 Mr=51.86691946798206 Mrp=70.72271338690317 Mrr=145.17508059932925 Mrw=480.31517481526794 Mrx=9883.47377684398 Mw=171.73475551609005 Mwbar=15.971745085338513 Mx=3529.8048700482314
majorant 45 ME=41.07809819443445 Ma=55.15577475654317 Mb=57.34024275280726 McenA=1.0305284763079971e-18 McenR=7.592244606017011e-20 Md=58.53488068541177 Mf=24174.24018988327 Mg=56.18984388480195 Mh=138.43698731142558 Mi=5351.696365811527 Mmean=0.0 Mp=25.267313729512068 Mphi=3527.5602157777944 Mput=0.0 Mq=329.3285497671839 Mr=51.8854646012115 Mrp=70.70898558093639 Mrr=145.31059229577642 Mrw=478.6834575589331 Mrx=9883.374572755863 Mw=171.20850248057366 Mwbar=15.906894871944274 Mx=3529.825411817867
majorant 46 ME=40.96422129998888 Ma=55.28962755228336 Mb=57.245413211337784 McenA=1.0305284763079971e-18 McenR=7.592244606017011e-20 Md=58.7415799250116 Mf=24173.117247779497 Mg=56.14253394844203 Mh=138.37867566656627 Mi=5353.130498554766 Mmean=0.0 Mp=25.282502022774768 Mphi=3527.409187719237 Mput=0.0 Mq=329.3258865148327 Mr=51.89313600467001 Mrp=70.81360392646731 Mrr=145.26668238308105 Mrw=476.9717126783617 Mrx=9883.095406038412 Mw=170.5220501888827 Mwbar=15.863285773585114 Mx=3529.6891553965947
majorant 47 ME=40.82074595458072 Ma=55.29699645653035 Mb=57.293383943663265 McenA=1.0305284763079971e-18 McenR=7.592244606017011e-20 Md=58.68067298637046 Mf=24172.9282398779 Mg=56.1168611589423 Mh=138.53649817493397 Mi=5354.374657559139 Mmean=0.0 Mp=25.293114978541837 Mphi=3527.3867615506506 Mput=0.0 Mq=329.31393266487174 Mr=51.89073615821054 Mrp=70.79157879136176 Mrr=145.3276688898698 Mrw=475.50763283596007 Mrx=9882.910948447141 Mw=170.04387752116253 Mwbar=15.806278761471436 Mx=3529.655227414451
majorant 48 ME=40.71552335557726 Ma=55.40583149917128 Mb=57.19889907525681 McenA=1.0305284763079971e-18 McenR=7.592244606017011e-20 Md=58.8326281983108 Mf=24171.92236443369 Mg=56.07814817576184 Mh=138.48033414734783 Mi=5355.822207879747 Mmean=0.0 Mp=25.30059937423178 Mphi=3527.251813780712 Mput=0.0 Mq=329.31061325545903 Mr=51.88770122725322 Mrp=70.86187244496557 Mrr=145.25877579700682 Mrw=473.9691053298687 Mrx=9882.648870820838 Mw=169.43960248925336 Mwbar=15.76478963704018 Mx=3529.531819527705
majorant 49 ME=40.5836593561767 Ma=55.41406852011568 Mb=57.23627921210885 McenA=1.0305284763079971e-18 McenR=7.592244606017011e-20 Md=58.74967558609534 Mf=24171.674425968933 Mg=56.06096305309769 Mh=138.63280250965815 Mi=5357.748969925823 Mmean=0.0 Mp=25.305063675203712 Mphi=3527.221430060733 Mput=0.0 Mq=329.30013586972564 Mr=51.89220051518194 Mrp=70.83257571209879 Mrr=145.31887606812836 Mrw=472.59496669627754 Mrx=9882.468268291914 Mw=168.98708514774145 Mwbar=15.7120114768208 Mx=3529.491853049899
majorant 50 ME=40.483537380256905 Ma=55.505583709541575 Mb=57.17190754866845 McenA=1.0305284763079971e-18 McenR=7.592244606017011e-20 Md=58.849668742939826 Mf=24170.77648597532 Mg=56.0364109294054 Mh=138.62751934800184 Mi=5359.901828942224 Mmean=0.0 Mp=25.306137983304836 Mphi=3527.1032136801227 Mput=0.0 Mq=329.29739642876723 Mr=51.90573436252104 Mrp=70.87608849907876 Mrr=145.30577323460278 Mrw=471.1658356148601 Mrx=9882.23934727607 Mw=168.4271073049537 Mwbar=15.673295281157925 Mx=3529.383175956331
majorant 51 ME=40.36218692147077 Ma=55.51550925534586 Mb=57.2175163983038 McenA=1.0305284763079971e-18 McenR=7.592244606017011e-20 Md=58.76200168478925 Mf=24170.53151195136 Mg=56.025821616222686 Mh=138.77056460847405 Mi=5362.008737977174 Mmean=0.0 Mp=25.30441985827911 Mphi=3527.077441337893 Mput=0.0 Mq=329.2890643174312 Mr=51.9238867073644 Mrp=70.83737116040908 Mrr=145.39827458676197 Mrw=469.9096281563863 Mrx=9882.09288807404 Mw=168.00498314040877 Mwbar=15.626539809758908 Mx=3529.3498511705093
majorant 52 ME=40.264298063549454 Ma=55.59429608193074 Mb=57.17366121802048 McenA=1.0305284763079971e-18 McenR=7.592244606017011e-20 Md=58.80664612779614 Mf=24169.777305867276 Mg=56.001451601019895 Mh=138.74863839285422 Mi=5363.838286533358 Mmean=0.0 Mp=25.303241415244173 Mphi=3526.9834290907547 Mput=0.0 Mq=329.28604841028886 Mr=51.94286814160164 Mrp=70.86401103624193 Mrr=145.41313241093803 Mrw=468.6202024164408 Mrx=9881.902168113564 Mw=167.5078754370342 Mwbar=15.5901446345154 Mx=3529.2633501774762
majorant 53 ME=40.146858628205656 Ma=55.61142536219895 Mb=57.21212945053304 McenA=1.0305284763079971e-18 McenR=7.592244606017011e-20 Md=58.71946781791119 Mf=24169.5033306704 Mg=55.98942167155333 Mh=138.85575691241687 Mi=5365.4697581699 Mmean=0.0 Mp=25.30274890953689 Mphi=3526.9548214281363 Mput=0.0 Mq=329.2772684636333 Mr=51.95980360146808 Mrp=70.83503621669387 Mrr=145.4968089735986 Mrw=467.4373840482419 Mrx=9881.747986902732 Mw=167.112509552933 Mwbar=15.545713573933783 Mx=3529.2283184995786
majorant 54 ME=40.047543537470396 Ma=55.68214946731493 Mb=57.17288479596653 McenA=1.0305284763079971e-18 McenR=7.592244606017011e-20 Md=58.76670051063302 Mf=24168.749901620988 Mg=55.96363878958571 Mh=138.84121533048048 Mi=5367.080313468447 Mmean=0.0 Mp=25.304373936835958 Mphi=3526.857885852765 Mput=0.0 Mq=329.27241152202646 Mr=51.973473457468934 Mrp=70.86255188362558 Mrr=145.50537477277643 Mrw=466.18137830620935 Mrx=9881.529927429587 Mw=166.64042029593992 Mwbar=15.508090843435774 Mx=3529.1371720017273
majorant 55 ME=39.9345063872832 Ma=55.70009337898822 Mb=57.19874421053272 McenA=1.0305284763079971e-18 McenR=7.592244606017011e-20 Md=58.719443221137524 Mf=24168.36938555526 Mg=55.94417033078014 Mh=138.91477476771357 Mi=5368.679271113323 Mmean=0.0 Mp=25.307965368278076 Mphi=3526.8091804791843 Mput=0.0 Mq=329.26375446082864 Mr=51.986923925991945 Mrp=70.8501059952811 Mrr=145.56993491547416 Mrw=464.9766272120835 Mrx=9881.341883138224 Mw=166.23377996612828 Mwbar=15.463646192667099 Mx=3529.0831627731395
majorant 56 ME=39.83905478002124 Ma=55.76190165798168 Mb=57.16777931352459 McenA=1.0305284763079971e-18 McenR=7.592244606017011e-20 Md=58.76152972887077 Mf=24167.658262436857 Mg=55.91870679134343 Mh=138.8844421436394 Mi=5370.269604394372 Mmean=0.0 Mp=25.311492146831252 Mphi=3526.713508456468 Mput=0.0 Mq=329.2594760088284 Mr=52.00457883871158 Mrp=70.8801975976815 Mrr=145.59133775327942 Mrw=463.71706562416455 Mrx=9881.130269306712 Mw=165.7609213996542 Mwbar=15.425816453033992 Mx=3528.992318167493
majorant 57 ME=39.73387404948611 Ma=55.78272878685698 Mb=57.198002970596164 McenA=1.0305284763079971e-18 McenR=7.592244606017011e-20 Md=58.71992925395902 Mf=24167.322163637902 Mg=55.90066337859379 Mh=138.95740845001762 Mi=5371.809727977121 Mmean=0.0 Mp=25.313433100369057 Mphi=3526.6694483806955 Mput=0.0 Mq=329.2523533120778 Mr=52.02349844730999 Mrp=70.86881427665405 Mrr=145.66838187030345 Mrw=462.53233727915887 Mrx=9880.968755942906 Mw=165.3521231556278 Mwbar=15.383651030707652 Mx=3528.9442139434054
majorant 58 ME=39.64166616701432 Ma=55.83981752031306 Mb=57.17714564661052 McenA=1.0305284763079971e-18 McenR=7.592244606017011e-20 Md=58.75945805696541 Mf=24166.724684071196 Mg=55.87542363572699 Mh=138.9585056088892 Mi=5373.302028851819 Mmean=0.0 Mp=25.31247209414794 Mphi=3526.590356825441 Mput=0.0 Mq=329.24804486682274 Mr=52.04007263320408 Mrp=70.88392332065243 Mrr=145.695227432852 Mrw=461.3335526265223 Mrx=9880.786274360746 Mw=164.90243173175764 Mwbar=15.347573262953272 Mx=3528.869286149305
majorant 59 ME=39.54182744476662 Ma=55.86187436527912 Mb=57.198256133518406 McenA=1.0305284763079971e-18 McenR=7.592244606017011e-20 Md=58.72374952361793 Mf=24166.380230697057 Mg=55.857438518140654 Mh=139.03428675036824 Mi=5374.71090820803 Mmean=0.0 Mp=25.3091797655726 Mphi=3526.545729209048 Mput=0.0 Mq=329.2406278557374 Mr=52.052702594129045 Mrp=70.86083169183829 Mrr=145.75169390746157 Mrw=460.2174765636882 Mrx=9880.6226795965 Mw=164.5126432159694 Mwbar=15.308758721960476 Mx=3528.821671736302
majorant 60 ME=39.454752248503915 Ma=55.91030063022264 Mb=57.173892632901754 McenA=1.0305284763079971e-18 McenR=7.592244606017011e-20 Md=58.7478722108789 Mf=24165.77780304127 Mg=55.833800490640876 Mh=139.03649021741322 Mi=5375.974603481788 Mmean=0.0 Mp=25.30498813954947 Mphi=3526.46416285981 Mput=0.0 Mq=329.2350241223798 Mr=52.06188637834363 Mrp=70.8623180923239 Mrr=145.76151952699573 Mrw=459.11609735198647 Mrx=9880.421520402379 Mw=164.09796290267445 Mwbar=15.275934876332428 Mx=3528.7437724381803
majorant 61 ME=39.364403408616184 Ma=55.92774406235558 Mb=57.18358880590058 McenA=1.0305284763079971e-18 McenR=7.592244606017011e-20 Md=58.71323269917029 Mf=24165.36144287794 Mg=55.81336586495215 Mh=139.08887087069306 Mi=5377.030965510662 Mmean=0.0 Mp=25.304950310422182 Mphi=3526.405458154216 Mput=0.0 Mq=329.2267081260313 Mr=52.07022040082208 Mrp=70.84650124222412 Mrr=145.79991233284568 Mrw=458.11084650621837 Mrx=9880.224092872724 Mw=163.74302069045785 Mwbar=15.241673064715282 Mx=3528.6828215464293
majorant 62 ME=39.286615726234686 Ma=55.97113207974195 Mb=57.16146714307732 McenA=1.0305284763079971e-18 McenR=7.592244606017011e-20 Md=58.747138344477065 Mf=24164.72934569236 Mg=55.78920756908071 Mh=139.0970191913021 Mi=5377.99081040241 Mmean=0.0 Mp=25.309290758840834 Mphi=3526.3147845482595 Mput=0.0 Mq=329.22009787282934 Mr=52.07958372652785 Mrp=70.86883478719545 Mrr=145.81161548010257 Mrw=457.13453226721623 Mrx=9879.994506998828 Mw=163.37643786219843 Mwbar=15.212350741780016 Mx=3528.5951015049873
majorant 63 ME=39.20605754698934 Ma=55.99157410001096 Mb=57.17173517487898 McenA=1.0305284763079971e-18 McenR=7.592244606017011e-20 Md=58.7317201461174 Mf=24164.250166676917 Mg=55.77176077142424 Mh=139.1577346015164 Mi=5378.9919369476265 Mmean=0.0 Mp=25.31480385478774 Mphi=3526.245073412097 Mput=0.0 Mq=329.21211768638926 Mr=52.092437783199586 Mrp=70.87408616618072 Mrr=145.85751557007958 Mrw=456.2308781539865 Mrx=9879.780630699666 Mw=163.05958599079565 Mwbar=15.181123719256732 Mx=3528.523410512036
majorant 64 ME=39.13487407553613 Ma=56.03170150335067 Mb=57.16152042322291 McenA=1.0305284763079971e-18 McenR=7.592244606017011e-20 Md=58.761130828208564 Mf=24163.620818658255 Mg=55.75631717536403 Mh=139.18436337830116 Mi=5380.032278557214 Mmean=0.0 Mp=25.31908373839498 Mphi=3526.15798139002 Mput=0.0 Mq=329.20586983379 Mr=52.109414072887155 Mrp=70.89636974642767 Mrr=145.89241598220994 Mrw=455.32838273331174 Mrx=9879.560073627265 Mw=162.72582713772093 Mwbar=15.15312289656264 Mx=3528.438572749023
majorant 65 ME=39.06006015636039 Ma=56.05085146733169 Mb=57.17935632606065 McenA=1.0305284763079971e-18 McenR=7.592244606017011e-20 Md=58.75000697243318 Mf=24163.1533574734 Mg=55.745852924101854 Mh=139.2547169842642 Mi=5381.030869508664 Mmean=0.0 Mp=25.319985898479626 Mphi=3526.091794392671 Mput=0.0 Mq=329.19886540892367 Mr=52.12666327625482 Mrp=70.89266272574216 Mrr=145.9518147407375 Mrw=454.4659376316114 Mrx=9879.363228237191 Mw=162.4240430027701 Mwbar=15.123256652976119 Mx=3528.370716308353
majorant 66 ME=38.991896365302665 Ma=56.08323200529006 Mb=57.17432626682245 McenA=1.0305284763079971e-18 McenR=7.592244606017011e-20 Md=58.772037986040246 Mf=24162.590470862055 Mg=55.73096906179796 Mh=139.28415170349595 Mi=5381.961350082082 Mmean=0.0 Mp=25.316542012184563 Mphi=3526.0152200463676 Mput=0.0 Mq=329.19308005642995 Mr=52.14142288836983 Mrp=70.89249735576571 Mrr=145.98537720161045 Mrw=453.6000644789319 Mrx=9879.16611160082 Mw=162.10485518701987 Mwbar=15.096208056383029 Mx=3528.2960055427257
majorant 67 ME=38.92104911647727 Ma=56.09736565290889 Mb=57.18666084094415 McenA=1.0305284763079971e-18 McenR=7.592244606017011e-20 Md=58.7529811864382 Mf=24162.152218076862 Mg=55.7162905785513 Mh=139.33889711804406 Mi=5382.8017517981925 Mmean=0.0 Mp=25.310596028910012 Mphi=3525.953818448793 Mput=0.0 Mq=329.1862375951807 Mr=52.1537279576137 Mrp=70.86951953541647 Mrr=146.02900721248977 Mrw=452.7754066462071 Mrx=9878.980557301898 Mw=161.8134886608634 Mwbar=15.068126933027314 Mx=3528.2333643161583
majorant 68 ME=38.85718545838445 Ma=56.12471166822498 Mb=57.17940757995648 McenA=1.0305284763079971e-18 McenR=7.592244606017011e-20 Md=58.760262334549516 Mf=24161.613373435248 Mg=55.69944002019101 Mh=139.35714266113436 Mi=5383.607132511749 Mmean=0.0 Mp=25.304665309911986 Mphi=3525.8792789283393 Mput=0.0 Mq=329.1800424850917 Mr=52.164369235146545 Mrp=70.85860105821243 Mrr=146.05204269528318 Mrw=451.9657718099823 Mrx=9878.782800602898 Mw=161.51302479698884 Mwbar=15.043155760856171 Mx=3528.1605629464343
majorant 69 ME=38.79337641450345 Ma=56.140365793059374 Mb=57.18676158961154 McenA=1.0305284763079971e-18 McenR=7.592244606017011e-20 Md=58.73635773411137 Mf=24161.159324629578 Mg=55.6863286556285 Mh=139.3966395530669 Mi=5384.406415302188 Mmean=0.0 Mp=25.300251621248645 Mphi=3525.8132989620067 Mput=0.0 Mq=329.17291412791997 Mr=52.17391014563325 Mrp=70.83983009071811 Mrr=146.0858328161613 Mrw=451.2141786371731 Mrx=9878.58679439517 Mw=161.24378391259873 Mwbar=15.018236477339693 Mx=3528.093845044822
majorant 70 ME=38.73730856071138 Ma=56.168100529292346 Mb=57.178906412982826 McenA=1.0305284763079971e-18 McenR=7.592244606017011e-20 Md=58.73647559591753 Mf=24160.6220903875 Mg=55.67419988163562 Mh=139.40766116713476 Mi=5385.200787746253 Mmean=0.0 Mp=25.298363255743553 Mphi=3525.7358146590113 Mput=0.0 Mq=329.16645870974486 Mr=52.18286327579467 Mrp=70.83803866320515 Mrr=146.10505509549415 Mrw=450.4975629745673 Mrx=9878.380621746988 Mw=160.9766127687865 Mwbar=14.996411270401346 Mx=3528.017928939986
majorant 71 ME=38.68163292512737 Ma=56.18654159277792 Mb=57.18392414320273 McenA=1.0305284763079971e-18 McenR=7.592244606017011e-20 Md=58.72000221709945 Mf=24160.162781281477 Mg=55.6645774412947 Mh=139.44138003060283 Mi=5386.001735907697 Mmean=0.0 Mp=25.298748836457232 Mphi=3525.6669151303013 Mput=0.0 Mq=329.15944114833394 Mr=52.19047126301726 Mrp=70.8338555874157 Mrr=146.13281418180554 Mrw=449.839863787897 Mrx=9878.180553621023 Mw=160.74102128328326 Mwbar=14.97462755945784 Mx=3527.9484046186217
majorant 72 ME=38.63127150811434 Ma=56.21333399427899 Mb=57.175760424732964 McenA=1.0305284763079971e-18 McenR=7.592244606017011e-20 Md=58.72736583027312 Mf=24159.644337186513 Mg=55.655499841688844 Mh=139.44681475518362 Mi=5386.828935522985 Mmean=0.0 Mp=25.300486770458182 Mphi=3525.5908602340355 Mput=0.0 Mq=329.1530758074711 Mr=52.197192425080665 Mrp=70.84222356713741 Mrr=146.14661145487784 Mrw=449.20597412550137 Mrx=9877.977129988814 Mw=160.50743845170382 Mwbar=14.95479132133066 Mx=3527.873476446277
majorant 73 ME=38.57963834984839 Ma=56.2308054779674 Mb=57.17902345943328 McenA=1.0305284763079971e-18 McenR=7.592244606017011e-20 Md=58.72011619957091 Mf=24159.192372407786 Mg=55.6479089079283 Mh=139.4678140126021 Mi=5387.641440188667 Mmean=0.0 Mp=25.302882342471385 Mphi=3525.5230046790575 Mput=0.0 Mq=329.1462981297294 Mr=52.20352019246546 Mrp=70.8451987254625 Mrr=146.16920231867888 Mrw=448.5999748744956 Mrx=9877.781292559548 Mw=160.29380224850644 Mwbar=14.934075905106729 Mx=3527.8049189981625
majorant 74 ME=38.52963066850331 Ma=56.254341726941796 Mb=57.17256868030842 McenA=1.0305284763079971e-18 McenR=7.592244606017011e-20 Md=58.73034564374104 Mf=24158.69428432826 Mg=55.638378864486164 Mh=139.46966323550842 Mi=5388.371404178738 Mmean=0.0 Mp=25.304183007604106 Mphi=3525.4498866057334 Mput=0.0 Mq=329.14013725212027 Mr=52.209484378855215 Mrp=70.8531974295944 Mrr=146.18184049464242 Mrw=447.9849831261258 Mrx=9877.58455658997 Mw=160.07221086807192 Mwbar=14.913925677142439 Mx=3527.7324816089895
majorant 75 ME=38.47668863783432 Ma=56.269362148470535 Mb=57.17525617915261 McenA=1.0305284763079971e-18 McenR=7.592244606017011e-20 Md=58.72290870029487 Mf=24158.255871763064 Mg=55.629057593121445 Mh=139.4880766669759 Mi=5389.014875309124 Mmean=0.0 Mp=25.303263971901416 Mphi=3525.3842258457944 Mput=0.0 Mq=329.13371540307224 Mr=52.21418338177151 Mrp=70.84869938484299 Mrr=146.19979396910782 Mrw=447.3674427121891 Mrx=9877.39642152201 Mw=159.8559725095651 Mwbar=14.892556950517935 Mx=3527.6661303690416
majorant 76 ME=38.425017070793594 Ma=56.28921983366729 Mb=57.16790081090395 McenA=1.0305284763079971e-18 McenR=7.592244606017011e-20 Md=58.72744126380844 Mf=24157.784105939263 Mg=55.61768323181537 Mh=139.49098274129852 Mi=5389.593708520529 Mmean=0.0 Mp=25.30093065159978 Mphi=3525.314903336479 Mput=0.0 Mq=329.12770910288236 Mr=52.216932948184 Mrp=70.84515444622554 Mrr=146.20492776890478 Mrw=446.7351395979959 Mrx=9877.208164031348 Mw=159.62759070162522 Mwbar=14.871955982186368 Mx=3527.5974261483516
majorant 77 ME=38.3727170584412 Ma=56.30353646397327 Mb=57.16613351660431 McenA=1.0305284763079971e-18 McenR=7.592244606017011e-20 Md=58.71954939394163 Mf=24157.35625879624 Mg=55.606123227594594 Mh=139.50642029287903 Mi=5390.158676334559 Mmean=0.0 Mp=25.2984958585166 Mphi=3525.2506728984163 Mput=0.0 Mq=329.12122947798815 Mr=52.21732601606529 Mrp=70.83573076738303 Mrr=146.2104441030646 Mrw=446.1159740632678 Mrx=9877.022694623427 Mw=159.40641160153677 Mwbar=14.851327214633088 Mx=3527.532835327632
majorant 78 ME=38.3237859796116 Ma=56.32329146785791 Mb=57.15512755937309 McenA=1.0305284763079971e-18 McenR=7.592244606017011e-20 Md=58.72120630578569 Mf=24156.886827176324 Mg=55.59518034206938 Mh=139.50359234135547 Mi=5390.781790517381 Mmean=0.0 Mp=25.29716123822577 Mphi=3525.18078157311 Mput=0.0 Mq=329.1232357255376 Mr=52.217235625647014 Mrp=70.83332957040574 Mrr=146.206647423785 Mrw=445.5125373952714 Mrx=9876.91509459959 Mw=159.1853165717873 Mwbar=14.832218368979674 Mx=3527.463630643289
majorant 79 ME=38.27656750685186 Ma=56.339339555974135 Mb=57.15145929036239 McenA=1.0305284763079971e-18 McenR=7.592244606017011e-20 Md=58.71447042862475 Mf=24157.042259423168 Mg=55.585379529231595 Mh=139.51164954457036 Mi=5391.424403718813 Mmean=0.0 Mp=25.296884460278086 Mphi=3525.1979030706743 Mput=0.0 Mq=329.1191158566484 Mr=52.218367835053236 Mrp=70.8304086245497 Mrr=146.2119057757783 Mrw=444.9450406022881 Mrx=9876.90453952931 Mw=158.9797088591435 Mwbar=14.813830211752567 Mx=3527.480597956664
majorant 80 ME=38.23378332821236 Ma=56.359373728370464 Mb=57.143235158385544 McenA=1.0305284763079971e-18 McenR=7.592244606017011e-20 Md=58.71539873566188 Mf=24156.777290432234 Mg=55.57680907348134 Mh=139.50945008231292 Mi=5392.049801812768 Mmean=0.0 Mp=25.297920784422782 Mphi=3525.1561395081953 Mput=0.0 Mq=329.1201782191485 Mr=52.22086613355968 Mrp=70.8340868123827 Mrr=146.21578477786215 Mrw=444.4093378884145 Mrx=9876.839326087538 Mw=158.78220991863802 Mwbar=14.797098674156253 Mx=3527.4394984062883
majorant 81 ME=38.1931530130119 Ma=56.3765686300306 Mb=57.141824832319955 McenA=1.0305284763079971e-18 McenR=7.592244606017011e-20 Md=58.71348715496959 Mf=24156.876644583022 Mg=55.57070527533938 Mh=139.52001273095757 Mi=5392.643902736228 Mmean=0.0 Mp=25.299843317981384 Mphi=3525.1649917562463 Mput=0.0 Mq=329.11655149803573 Mr=52.22491197601905 Mrp=70.83798135533745 Mrr=146.22852036177596 Mrw=443.9130366456062 Mrx=9876.818611424549 Mw=158.60197764665415 Mwbar=14.78110372609909 Mx=3527.4482606119805
majorant 82 ME=38.155404782350885 Ma=56.397046916693455 Mb=57.13758802267141 McenA=1.0305284763079971e-18 McenR=7.592244606017011e-20 Md=58.720433499302466 Mf=24156.644452294808 Mg=55.565428814691735 Mh=139.52898717319232 Mi=5393.218286648692 Mmean=0.0 Mp=25.300682875315218 Mphi=3525.1280410087434 Mput=0.0 Mq=329.1171646606166 Mr=52.22945427328653 Mrp=70.84261485982762 Mrr=146.23952744273248 Mrw=443.44347662692553 Mrx=9876.757352405986 Mw=158.43010550879208 Mwbar=14.76621661477676 Mx=3527.411771897769
majorant 83 ME=38.11765698218706 Ma=56.413364022522856 Mb=57.13726922406388 McenA=1.0305284763079971e-18 McenR=7.592244606017011e-20 Md=58.71876567181875 Mf=24156.713372948965 Mg=55.56005657435762 Mh=139.54518764220236 Mi=5393.7882427167915 Mmean=0.0 Mp=25.299513372950145 Mphi=3525.132709014433 Mput=0.0 Mq=329.1142466054104 Mr=52.23391482536294 Mrp=70.83907617008992 Mrr=146.25362943076888 Mrw=442.99443317993945 Mrx=9876.735818536166 Mw=158.26993182896064 Mwbar=14.751211739065052 Mx=3527.416190782163
majorant 84 ME=38.08025762073531 Ma=56.43081512319603 Mb=57.133515305093994 McenA=1.0305284763079971e-18 McenR=7.592244606017011e-20 Md=58.71852250877364 Mf=24156.527549241768 Mg=55.55367555611282 Mh=139.55594313751752 Mi=5394.335555218158 Mmean=0.0 Mp=25.297048730606402 Mphi=3525.1030142616055 Mput=0.0 Mq=329.1148091367065 Mr=52.238011648459874 Mrp=70.83357796403206 Mrr=146.26397390040623 Mrw=442.54568456738633 Mrx=9876.686991384822 Mw=158.10914739205518 Mwbar=14.73634630673469 Mx=3527.3867005104707
majorant 85 ME=38.0418893985279 Ma=56.44486147845916 Mb=57.13234128636176 McenA=1.0305284763079971e-18 McenR=7.592244606017011e-20 Md=58.71088011401249 Mf=24156.590768650316 Mg=55.54731482012306 Mh=139.5681289600803 Mi=5394.833740919297 Mmean=0.0 Mp=25.29526010251219 Mphi=3525.107526068446 Mput=0.0 Mq=329.1124189287451 Mr=52.241542968887366 Mrp=70.82671761970389 Mrr=146.27538163701857 Mrw=442.09523616306274 Mrx=9876.67052518683 Mw=157.94975544797774 Mwbar=14.721055668785251 Mx=3527.39095381376
majorant 86 ME=38.00489227399092 Ma=56.46153975338298 Mb=57.12824191088256 McenA=1.0305284763079971e-18 McenR=7.592244606017011e-20 Md=58.71036574270032 Mf=24156.446416382074 Mg=55.54007565132541 Mh=139.57404510228457 Mi=5395.2995270650545 Mmean=0.0 Mp=25.29490867845002 Mphi=3525.083105528894 Mput=0.0 Mq=329.112840459058 Mr=52.244978280098294 Mrp=70.82611570222626 Mrr=146.2837213104652 Mrw=441.6425848645519 Mrx=9876.630189168394 Mw=157.78610569824733 Mwbar=14.706330313253186 Mx=3527.366829724908
majorant 87 ME=37.968865944238004 Ma=56.47596336166054 Mb=57.12724842495578 McenA=1.0305284763079971e-18 McenR=7.592244606017011e-20 Md=58.706388136663364 Mf=24156.499422174118 Mg=55.53306934242318 Mh=139.58339075997233 Mi=5395.760524856443 Mmean=0.0 Mp=25.29497281200189 Mphi=3525.0862088602294 Mput=0.0 Mq=329.1108294511142 Mr=52.248584246483006 Mrp=70.82556735266566 Mrr=146.2948150191292 Mrw=441.2046209048269 Mrx=9876.615423706528 Mw=157.6279942623438 Mwbar=14.692052158111702 Mx=3527.3699156274415
majorant 88 ME=37.93522960906948 Ma=56.49060771743947 Mb=57.1244822621593 McenA=1.0305284763079971e-18 McenR=7.592244606017011e-20 Md=58.7059915905164 Mf=24156.378017407795 Mg=55.5262466500628 Mh=139.58857132962478 Mi=5396.2179620971865 Mmean=0.0 Mp=25.294433153080067 Mphi=3525.065520880673 Mput=0.0 Mq=329.11098596871415 Mr=52.25242182704325 Mrp=70.82523859081154 Mrr=146.30444647217624 Mrw=440.78624437314164 Mrx=9876.579423186544 Mw=157.4747034508657 Mwbar=14.678816299620214 Mx=3527.349594111692
majorant 89 ME=37.902852307018975 Ma=56.501571128272815 Mb=57.124454924997806 McenA=1.0305284763079971e-18 McenR=7.592244606017011e-20 Md=58.7009204394884 Mf=24156.40971299156 Mg=55.520086833401585 Mh=139.5976820619083 Mi=5396.657083839958 Mmean=0.0 Mp=25.293623241902274 Mphi=3525.066086769151 Mput=0.0 Mq=329.10908425112444 Mr=52.256751950912566 Mrp=70.82213762829909 Mrr=146.31712934562148 Mrw=440.39312508743967 Mrx=9876.561129254816 Mw=157.3322705255855 Mwbar=14.666074914269975 Mx=3527.350171734029
majorant 90 ME=37.87204926980417 Ma=56.513212773800035 Mb=57.123527569387015 McenA=1.0305284763079971e-18 McenR=7.592244606017011e-20 Md=58.70051525647436 Mf=24156.296007540517 Mg=55.51412187940719 Mh=139.60521150629506 Mi=5397.071728560012 Mmean=0.0 Mp=25.292988674789715 Mphi=3525.0464970413936 Mput=0.0 Mq=329.1089330316714 Mr=52.26159973618401 Mrp=70.82096197889965 Mrr=146.32973986987045 Mrw=440.01688024838666 Mrx=9876.523821809607 Mw=157.195425620559 Mwbar=14.653976869969386 Mx=3527.330837519291
majorant 91 ME=37.84150730889162 Ma=56.523518366059434 Mb=57.12479213549314 McenA=1.0305284763079971e-18 McenR=7.592244606017011e-20 Md=58.69841625955762 Mf=24156.307640371393 Mg=55.50893115549923 Mh=139.61622329008242 Mi=5397.465438967084 Mmean=0.0 Mp=25.292329169949216 Mphi=3525.044049100192 Mput=0.0 Mq=329.10718349249777 Mr=52.26645358897364 Mrp=70.81861562645561 Mrr=146.34419084307982 Mrw=439.6540632374499 Mrx=9876.501371714787 Mw=157.06540992553695 Mwbar=14.64196663860266 Mx=3527.328331145885
majorant 92 ME=37.811483572436146 Ma=56.5355850398482 Mb=57.1241773393185 McenA=1.0305284763079971e-18 McenR=7.592244606017011e-20 Md=58.69953883597266 Mf=24156.206404056265 Mg=55.50331621452926 Mh=139.62385606238567 Mi=5397.8302401602605 Mmean=0.0 Mp=25.291063136453335 Mphi=3525.0259681993175 Mput=0.0 Mq=329.10693707987764 Mr=52.270876877271135 Mrp=70.81606597140797 Mrr=146.35618340676064 Mrw=439.29617858651767 Mrx=9876.465676166055 Mw=156.93662189279067 Mwbar=14.630221171594423 Mx=3527.3103921821116
majorant 93 ME=37.78118498147731 Ma=56.547004246708454 Mb=57.12415971894847 McenA=1.0305284763079971e-18 McenR=7.592244606017011e-20 Md=58.697312940096694 Mf=24156.21174364236 Mg=55.49751564378965 Mh=139.6320777002837 Mi=5398.161772871761 Mmean=0.0 Mp=25.289872887259524 Mphi=3525.0226573777945 Mput=0.0 Mq=329.1054640639983 Mr=52.274083012252895 Mrp=70.8117519878861 Mrr=146.366609558697 Mrw=438.94242426132206 Mrx=9876.44437793791 Mw=156.81058831479737 Mwbar=14.61837930589751 Mx=3527.3069863165924
majorant 94 ME=37.7514462284895 Ma=56.56028039430716 Mb=57.12116239574398 McenA=1.0305284763079971e-18 McenR=7.592244606017011e-20 Md=58.7001512916344 Mf=24156.12975238414 Mg=55.491768868848595 Mh=139.63396920312314 Mi=5398.473714968114 Mmean=0.0 Mp=25.28925967782067 Mphi=3525.00740599389 Mput=0.0 Mq=329.10525570407617 Mr=52.276364957126674 Mrp=70.81038516988203 Mrr=146.37252759871862 Mrw=438.58864575077035 Mrx=9876.414196515585 Mw=156.68371210368065 Mwbar=14.60668474140186 Mx=3527.291817946463
majorant 95 ME=37.72165040412976 Ma=56.572547457709256 Mb=57.1191967907407 McenA=1.0305284763079971e-18 McenR=7.592244606017011e-20 Md=58.70097656339591 Mf=24156.13714531799 Mg=55.486592150846654 Mh=139.6353793201198 Mi=5398.797570232318 Mmean=0.0 Mp=25.28948729623525 Mphi=3525.004611576046 Mput=0.0 Mq=329.1040612772511 Mr=52.27844124146219 Mrp=70.8099528794955 Mrr=146.37894796400815 Mrw=438.2369452723361 Mrx=9876.396708465589 Mw=156.5582953689409 Mwbar=14.59492759809199 Mx=3527.2889381418813
majorant 96 ME=37.69257388464793 Ma=56.5852954345711 Mb=57.116206324244445 McenA=1.0305284763079971e-18 McenR=7.592244606017011e-20 Md=58.70536594961627 Mf=24156.074436143816 Mg=55.48256162746571 Mh=139.63609185312419 Mi=5399.134049859947 Mmean=0.0 Mp=25.290371673775503 Mphi=3524.992208481019 Mput=0.0 Mq=329.1038468058704 Mr=52.280941268318394 Mrp=70.8128207266709 Mrr=146.3850184550629 Mrw=437.8866132696618 Mrx=9876.371759938296 Mw=156.43231767320924 Mwbar=14.583403683772767 Mx=3527.27663267683
majorant 97 ME=37.664003788988374 Ma=56.596352898905366 Mb=57.11523799847508 McenA=1.0305284763079971e-18 McenR=7.592244606017011e-20 Md=58.70659942681002 Mf=24156.081301283837 Mg=55.47808344996261 Mh=139.64126490229933 Mi=5399.488824088644 Mmean=0.0 Mp=25.291502726969327 Mphi=3524.9894094638375 Mput=0.0 Mq=329.10275695638995 Mr=52.28402932747652 Mrp=70.81541995596464 Mrr=146.39397150293712 Mrw=437.5424119654517 Mrx=9876.355484998809 Mw=156.30868767734387 Mwbar=14.572060283490657 Mx=3527.273833696282
majorant 98 ME=37.63654146869053 Ma=56.607570722263674 Mb=57.11379184147119 McenA=1.0305284763079971e-18 McenR=7.592244606017011e-20 Md=58.71019098295451 Mf=24156.026398443257 Mg=55.47305452267912 Mh=139.6475553305136 Mi=5399.856511346386 Mmean=0.0 Mp=25.292427171710134 Mphi=3524.978008498347 Mput=0.0 Mq=329.10239093037177 Mr=52.287578950138524 Mrp=70.81869334732752 Mrr=146.40321870610546 Mrw=437.206914773233 Mrx=9876.330970416706 Mw=156.18700975032908 Mwbar=14.561219497592662 Mx=3527.2625969791447
majorant 99 ME=37.61012149674389 Ma=56.61739040139998 Mb=57.1139126865151 McenA=1.0305284763079971e-18 McenR=7.592244606017011e-20 Md=58.71197963221604 Mf=24156.02314918422 Mg=55.467592689780204 Mh=139.65708116269997 Mi=5400.21049787256 Mmean=0.0 Mp=25.292752444215722 Mphi=3524.9736462838664 Mput=0.0 Mq=329.1012727218012 Mr=52.29143365062725 Mrp=70.8195159301918 Mrr=146.41436060797136 Mrw=436.8855750335194 Mrx=9876.311651177086 Mw=156.0705448425055 Mwbar=14.550820801603507 Mx=3527.2583083092118
recordbound 0 Dabs=0.0 Lcen=0.0 Lzeta=0.0 P=26648.787178991428 Zdot=0.0
recordbound 10 Dabs=11535.630025711509 Lcen=0.00014796042537818958 Lzeta=0.00014796042537818958 P=11114.123443528899 Zdot=1336561.1089263964
recordbound 20 Dabs=18469.6221493077 Lcen=0.00016182459539609178 Lzeta=0.00016182459539609178 P=9654.13144606669 Zdot=3200309.6696219766
recordbound 30 Dabs=18008.8976655185 Lcen=0.0001688032665450017 Lzeta=0.0001688032665450017 P=9203.57883762894 Zdot=3905349.669080607
recordbound 40 Dabs=17666.780193233244 Lcen=0.00017365562991144813 Lzeta=0.00017365562991144813 P=9015.11087769247 Zdot=4605327.825751392
recordbound 50 Dabs=17583.833787224175 Lcen=0.00017561282182162745 Lzeta=0.00017561282182162745 P=8918.068203406245 Zdot=4804982.978447986
recordbound 60 Dabs=17537.388117200004 Lcen=0.0001768291549713041 Lzeta=0.0001768291549713041 P=8871.476685795162 Zdot=5055665.410709435
recordbound 70 Dabs=17610.522556219017 Lcen=0.00017780680194425517 Lzeta=0.00017780680194425517 P=8842.195302291024 Zdot=5232016.370616047
recordbound 80 Dabs=17320.971914282025 Lcen=0.00017878952016011244 Lzeta=0.00017878952016011244 P=8827.542923440882 Zdot=5217373.867245553
recordbound 90 Dabs=17591.8500757534 Lcen=0.0001793149946883034 Lzeta=0.0001793149946883034 P=8818.835697220764 Zdot=5341789.670289429
recordbound 100 Dabs=17586.668484660622 Lcen=0.00017964806846657255 Lzeta=0.00017964806846657255 P=8812.625544865863 Zdot=5368546.947601723
stop 100 iterations
tolerance canvas 5.382016607655506e-07
tolerance record 0 2.659911196921428e-08 9.264045973026584e-08 -1.0
tolerance record 10 1.2416774977316144e-05 8.462408137060502e-08 -1.0
tolerance record 20 2.5333841056157983e-05 8.387067927236606e-08 -1.0
tolerance record 30 3.827054682749463e-05 8.363817986061994e-08 -1.0
tolerance record 40 5.123069137354007e-05 8.354092442585469e-08 -1.0
tolerance record 50 6.42051396272226e-05 8.349084733327265e-08 -1.0
tolerance record 60 7.7184663858949e-05 8.346680463496379e-08 -1.0
tolerance record 70 9.016715512161193e-05 8.345169451394277e-08 -1.0
tolerance record 80 0.00010315076828688645 8.344413342251963e-08 -1.0
tolerance record 90 0.00011613585246174693 8.343964021809419e-08 -1.0
tolerance record 100 0.00012912243020606016 8.343643558284777e-08 -1.0
