# A conformance case of JPEG-Unround, written by conformance/generate.py: the quantized
# coefficients of a picture and the options of its reconstruction; what the Python
# implementation made of them; the exact centres; and what bounds the rounding of that
# run, from which conformance/bounds.py computes the tolerances at the end (docs/math.md, 9).
# Each line is a keyword and its values. Numbers are decimal, each double the shortest
# decimal that reads back as it; an exact centre is hi:lo, two doubles whose sum is the
# value to about 2^-106 of it.
name grey-tv-step
picture 21 30 grayscale
component 0 1 1 3 4
table 0 32 22 20 32 48 80 102 122 24 24 28 38 52 116 120 110 28 26 32 48 80 114 138 112 28 34 44 58 102 174 160 124 36 44 74 112 136 218 206 154 48 70 110 128 162 208 226 184 98 128 156 174 206 242 240 202 144 184 190 196 224 200 206 198
levels 0 0 -6 7 -2 1 0 0 0 0 1 4 -1 1 0 0 0 0 0 -1 0 0 0 0 0 0 -1 0 0 0 0 0 0 0 1 0 0 0 0 0 0 0 0 0 0 0 0 0 0 0 0 0 0 0 0 0 0 0 0 0 0 0 0 0 0 0 -6 -9 1 0 0 0 0 0 -5 0 0 -1 0 0 0 0 2 0 0 0 0 0 0 0 0 0 0 0 0 0 0 0 -1 1 0 0 0 0 0 0 0 0 0 0 0 0 0 0 0 0 0 0 0 0 0 0 0 0 0 0 0 0 0 0 9 -2 -3 0 0 0 0 0 8 -4 -3 -1 0 0 0 0 -3 2 1 0 0 0 0 0 0 1 0 0 0 0 0 0 0 -1 0 0 0 0 0 0 0 0 0 0 0 0 0 0 0 0 0 0 0 0 0 0 0 0 0 0 0 0 0 0 -6 4 2 0 0 0 0 0 -2 5 -1 0 0 0 0 0 1 -2 0 0 0 0 0 0 0 0 0 0 0 0 0 0 0 0 0 0 0 0 0 0 0 0 0 0 0 0 0 0 0 0 0 0 0 0 0 0 0 0 0 0 0 0 0 0
levels 0 1 5 -7 1 -1 0 0 0 0 -5 1 0 0 0 0 0 0 -1 3 -1 0 0 0 0 0 -2 0 0 0 0 0 0 0 0 1 0 0 0 0 0 0 0 0 0 0 0 0 0 0 0 0 0 0 0 0 0 0 0 0 0 0 0 0 0 0 4 10 -1 0 0 0 0 0 0 -5 1 1 0 0 0 0 -2 -5 0 1 0 0 0 0 1 0 0 0 0 0 0 0 -1 -1 0 0 0 0 0 0 1 1 0 0 0 0 0 0 0 0 0 0 0 0 0 0 0 0 0 0 0 0 0 0 -12 2 2 0 0 0 0 0 2 2 1 1 0 0 0 0 4 0 0 0 0 0 0 0 -1 1 0 0 0 0 0 0 1 0 0 0 0 0 0 0 -1 0 0 0 0 0 0 0 0 0 0 0 0 0 0 0 0 0 0 0 0 0 0 0 3 -5 -2 0 0 0 0 0 -1 -1 1 0 0 0 0 0 -4 -1 2 0 0 0 0 0 1 0 0 0 0 0 0 0 -1 0 0 0 0 0 0 0 1 1 0 0 0 0 0 0 0 0 0 0 0 0 0 0 0 0 0 0 0 0 0 0
levels 0 2 -3 4 -1 1 0 0 0 0 12 -1 -2 0 0 0 0 0 0 0 0 0 0 0 0 0 -1 -1 0 0 0 0 0 0 0 0 0 0 0 0 0 0 1 0 0 0 0 0 0 0 0 0 0 0 0 0 0 0 0 0 0 0 0 0 0 0 -3 -5 0 1 0 0 0 0 0 8 -1 -1 0 0 0 0 0 0 0 0 0 0 0 0 1 0 0 0 0 0 0 0 0 0 0 0 0 0 0 0 0 0 0 0 0 0 0 0 0 0 0 0 0 0 0 0 0 0 0 0 0 0 0 0 3 0 -1 0 0 0 0 0 -5 -4 -2 -1 0 0 0 0 0 0 0 0 0 0 0 0 -1 1 1 0 0 0 0 0 0 0 0 0 0 0 0 0 0 0 0 0 0 0 0 0 0 0 0 0 0 0 0 0 0 0 0 0 0 0 0 0 -4 0 2 -1 0 0 0 0 0 -2 -1 0 0 0 0 0 0 0 0 0 0 0 0 0 0 -1 1 0 0 0 0 0 0 0 0 0 0 0 0 0 0 0 0 0 0 0 0 0 0 0 0 0 0 0 0 0 0 0 0 0 0 0 0 0
options --method tv --alpha 1.0 --alpha1 1.0 --alpha0 2.0 --channels coupled --mu 0.001 --mu-scale 1.0 --mu-power 1.0 --weight-power 2.0 --dc-weight 0.0 --centres mmse --slack 0.0 --slack-cost 0.0 --relative-tolerance 0.0 --partial-tolerance 0.0 --step-product 0.99 --record-every 1 --free-radius 255.0 --iterations 1 --tolerance 0.0 --step-ratio 4.0 --relaxation 1.0 --subgradient-iterations 50 --subgradient-record-every 1 --subgradient-step 0.5 --subgradient-decay 0.5
steps 0.7035623639735145 0.17589059099337861
weights 0 0.0 2.066115702479339e-06 2.5e-06 9.765625e-07 4.340277777777778e-07 1.5625e-07 9.611687812379854e-08 6.718624025799516e-08 1.7361111111111112e-06 1.7361111111111112e-06 1.2755102040816327e-06 6.925207756232687e-07 3.698224852071006e-07 7.431629013079668e-08 6.944444444444444e-08 8.264462809917355e-08 1.2755102040816327e-06 1.4792899408284024e-06 9.765625e-07 4.340277777777778e-07 1.5625e-07 7.694675284702986e-08 5.2509976895610165e-08 7.971938775510204e-08 1.2755102040816327e-06 8.650519031141868e-07 5.165289256198347e-07 2.972651605231867e-07 9.611687812379854e-08 3.3029462280354074e-08 3.90625e-08 6.503642039542144e-08 7.71604938271605e-07 5.165289256198347e-07 1.8261504747991236e-07 7.971938775510204e-08 5.4065743944636676e-08 2.1041999831664e-08 2.3564897728343858e-08 4.2165626581210995e-08 4.340277777777778e-07 2.0408163265306124e-07 8.264462809917355e-08 6.103515625e-08 3.8103947568968145e-08 2.3113905325443787e-08 1.95786670843449e-08 2.953686200378072e-08 1.0412328196584757e-07 6.103515625e-08 4.10913872452334e-08 3.3029462280354074e-08 2.3564897728343858e-08 1.707533638412677e-08 1.736111111111111e-08 2.450740123517302e-08 4.822530864197531e-08 2.953686200378072e-08 2.7700831024930747e-08 2.6030820491461892e-08 1.992984693877551e-08 2.5e-08 2.3564897728343858e-08 2.5507601265177022e-08
lower 0 0 816.0 143.0 -50.0 16.0 -24.0 -40.0 -51.0 -61.0 12.0 84.0 -42.0 19.0 -26.0 -58.0 -60.0 -55.0 -14.0 -39.0 -16.0 -24.0 -40.0 -57.0 -69.0 -56.0 -42.0 -17.0 -22.0 -29.0 -51.0 -87.0 -80.0 -62.0 18.0 -22.0 -37.0 -56.0 -68.0 -109.0 -103.0 -77.0 -24.0 -35.0 -55.0 -64.0 -81.0 -104.0 -113.0 -92.0 -49.0 -64.0 -78.0 -87.0 -103.0 -121.0 -120.0 -101.0 -72.0 -92.0 -95.0 -98.0 -112.0 -100.0 -103.0 -99.0 816.0 -209.0 10.0 -16.0 -24.0 -40.0 -51.0 -61.0 -132.0 -12.0 -14.0 -57.0 -26.0 -58.0 -60.0 -55.0 42.0 -13.0 -16.0 -24.0 -40.0 -57.0 -69.0 -56.0 -14.0 -17.0 -22.0 -29.0 -51.0 -87.0 -80.0 -62.0 -54.0 22.0 -37.0 -56.0 -68.0 -109.0 -103.0 -77.0 -24.0 -35.0 -55.0 -64.0 -81.0 -104.0 -113.0 -92.0 -49.0 -64.0 -78.0 -87.0 -103.0 -121.0 -120.0 -101.0 -72.0 -92.0 -95.0 -98.0 -112.0 -100.0 -103.0 -99.0 1296.0 -55.0 -70.0 -16.0 -24.0 -40.0 -51.0 -61.0 180.0 -108.0 -98.0 -57.0 -26.0 -58.0 -60.0 -55.0 -98.0 39.0 16.0 -24.0 -40.0 -57.0 -69.0 -56.0 -14.0 17.0 -22.0 -29.0 -51.0 -87.0 -80.0 -62.0 -18.0 -66.0 -37.0 -56.0 -68.0 -109.0 -103.0 -77.0 -24.0 -35.0 -55.0 -64.0 -81.0 -104.0 -113.0 -92.0 -49.0 -64.0 -78.0 -87.0 -103.0 -121.0 -120.0 -101.0 -72.0 -92.0 -95.0 -98.0 -112.0 -100.0 -103.0 -99.0 816.0 77.0 30.0 -16.0 -24.0 -40.0 -51.0 -61.0 -60.0 108.0 -42.0 -19.0 -26.0 -58.0 -60.0 -55.0 14.0 -65.0 -16.0 -24.0 -40.0 -57.0 -69.0 -56.0 -14.0 -17.0 -22.0 -29.0 -51.0 -87.0 -80.0 -62.0 -18.0 -22.0 -37.0 -56.0 -68.0 -109.0 -103.0 -77.0 -24.0 -35.0 -55.0 -64.0 -81.0 -104.0 -113.0 -92.0 -49.0 -64.0 -78.0 -87.0 -103.0 -121.0 -120.0 -101.0 -72.0 -92.0 -95.0 -98.0 -112.0 -100.0 -103.0 -99.0
lower 0 1 1168.0 -165.0 10.0 -48.0 -24.0 -40.0 -51.0 -61.0 -132.0 12.0 -14.0 -19.0 -26.0 -58.0 -60.0 -55.0 -42.0 65.0 -48.0 -24.0 -40.0 -57.0 -69.0 -56.0 -70.0 -17.0 -22.0 -29.0 -51.0 -87.0 -80.0 -62.0 -18.0 22.0 -37.0 -56.0 -68.0 -109.0 -103.0 -77.0 -24.0 -35.0 -55.0 -64.0 -81.0 -104.0 -113.0 -92.0 -49.0 -64.0 -78.0 -87.0 -103.0 -121.0 -120.0 -101.0 -72.0 -92.0 -95.0 -98.0 -112.0 -100.0 -103.0 -99.0 1136.0 209.0 -30.0 -16.0 -24.0 -40.0 -51.0 -61.0 -12.0 -132.0 14.0 19.0 -26.0 -58.0 -60.0 -55.0 -70.0 -143.0 -16.0 24.0 -40.0 -57.0 -69.0 -56.0 14.0 -17.0 -22.0 -29.0 -51.0 -87.0 -80.0 -62.0 -54.0 -66.0 -37.0 -56.0 -68.0 -109.0 -103.0 -77.0 24.0 35.0 -55.0 -64.0 -81.0 -104.0 -113.0 -92.0 -49.0 -64.0 -78.0 -87.0 -103.0 -121.0 -120.0 -101.0 -72.0 -92.0 -95.0 -98.0 -112.0 -100.0 -103.0 -99.0 624.0 33.0 30.0 -16.0 -24.0 -40.0 -51.0 -61.0 36.0 36.0 14.0 19.0 -26.0 -58.0 -60.0 -55.0 98.0 -13.0 -16.0 -24.0 -40.0 -57.0 -69.0 -56.0 -42.0 17.0 -22.0 -29.0 -51.0 -87.0 -80.0 -62.0 18.0 -22.0 -37.0 -56.0 -68.0 -109.0 -103.0 -77.0 -72.0 -35.0 -55.0 -64.0 -81.0 -104.0 -113.0 -92.0 -49.0 -64.0 -78.0 -87.0 -103.0 -121.0 -120.0 -101.0 -72.0 -92.0 -95.0 -98.0 -112.0 -100.0 -103.0 -99.0 1104.0 -121.0 -50.0 -16.0 -24.0 -40.0 -51.0 -61.0 -36.0 -36.0 14.0 -19.0 -26.0 -58.0 -60.0 -55.0 -126.0 -39.0 48.0 -24.0 -40.0 -57.0 -69.0 -56.0 14.0 -17.0 -22.0 -29.0 -51.0 -87.0 -80.0 -62.0 -54.0 -22.0 -37.0 -56.0 -68.0 -109.0 -103.0 -77.0 24.0 35.0 -55.0 -64.0 -81.0 -104.0 -113.0 -92.0 -49.0 -64.0 -78.0 -87.0 -103.0 -121.0 -120.0 -101.0 -72.0 -92.0 -95.0 -98.0 -112.0 -100.0 -103.0 -99.0
lower 0 2 912.0 77.0 -30.0 16.0 -24.0 -40.0 -51.0 -61.0 276.0 -36.0 -70.0 -19.0 -26.0 -58.0 -60.0 -55.0 -14.0 -13.0 -16.0 -24.0 -40.0 -57.0 -69.0 -56.0 -42.0 -51.0 -22.0 -29.0 -51.0 -87.0 -80.0 -62.0 -18.0 -22.0 -37.0 -56.0 -68.0 -109.0 -103.0 -77.0 24.0 -35.0 -55.0 -64.0 -81.0 -104.0 -113.0 -92.0 -49.0 -64.0 -78.0 -87.0 -103.0 -121.0 -120.0 -101.0 -72.0 -92.0 -95.0 -98.0 -112.0 -100.0 -103.0 -99.0 912.0 -121.0 -10.0 16.0 -24.0 -40.0 -51.0 -61.0 -12.0 180.0 -42.0 -57.0 -26.0 -58.0 -60.0 -55.0 -14.0 -13.0 -16.0 -24.0 -40.0 -57.0 -69.0 -56.0 14.0 -17.0 -22.0 -29.0 -51.0 -87.0 -80.0 -62.0 -18.0 -22.0 -37.0 -56.0 -68.0 -109.0 -103.0 -77.0 -24.0 -35.0 -55.0 -64.0 -81.0 -104.0 -113.0 -92.0 -49.0 -64.0 -78.0 -87.0 -103.0 -121.0 -120.0 -101.0 -72.0 -92.0 -95.0 -98.0 -112.0 -100.0 -103.0 -99.0 1104.0 -11.0 -30.0 -16.0 -24.0 -40.0 -51.0 -61.0 -132.0 -108.0 -70.0 -57.0 -26.0 -58.0 -60.0 -55.0 -14.0 -13.0 -16.0 -24.0 -40.0 -57.0 -69.0 -56.0 -42.0 17.0 22.0 -29.0 -51.0 -87.0 -80.0 -62.0 -18.0 -22.0 -37.0 -56.0 -68.0 -109.0 -103.0 -77.0 -24.0 -35.0 -55.0 -64.0 -81.0 -104.0 -113.0 -92.0 -49.0 -64.0 -78.0 -87.0 -103.0 -121.0 -120.0 -101.0 -72.0 -92.0 -95.0 -98.0 -112.0 -100.0 -103.0 -99.0 880.0 -11.0 30.0 -48.0 -24.0 -40.0 -51.0 -61.0 -12.0 -60.0 -42.0 -19.0 -26.0 -58.0 -60.0 -55.0 -14.0 -13.0 -16.0 -24.0 -40.0 -57.0 -69.0 -56.0 -14.0 -51.0 22.0 -29.0 -51.0 -87.0 -80.0 -62.0 -18.0 -22.0 -37.0 -56.0 -68.0 -109.0 -103.0 -77.0 -24.0 -35.0 -55.0 -64.0 -81.0 -104.0 -113.0 -92.0 -49.0 -64.0 -78.0 -87.0 -103.0 -121.0 -120.0 -101.0 -72.0 -92.0 -95.0 -98.0 -112.0 -100.0 -103.0 -99.0
upper 0 0 848.0 165.0 -30.0 48.0 24.0 40.0 51.0 61.0 36.0 108.0 -14.0 57.0 26.0 58.0 60.0 55.0 14.0 -13.0 16.0 24.0 40.0 57.0 69.0 56.0 -14.0 17.0 22.0 29.0 51.0 87.0 80.0 62.0 54.0 22.0 37.0 56.0 68.0 109.0 103.0 77.0 24.0 35.0 55.0 64.0 81.0 104.0 113.0 92.0 49.0 64.0 78.0 87.0 103.0 121.0 120.0 101.0 72.0 92.0 95.0 98.0 112.0 100.0 103.0 99.0 848.0 -187.0 30.0 16.0 24.0 40.0 51.0 61.0 -108.0 12.0 14.0 -19.0 26.0 58.0 60.0 55.0 70.0 13.0 16.0 24.0 40.0 57.0 69.0 56.0 14.0 17.0 22.0 29.0 51.0 87.0 80.0 62.0 -18.0 66.0 37.0 56.0 68.0 109.0 103.0 77.0 24.0 35.0 55.0 64.0 81.0 104.0 113.0 92.0 49.0 64.0 78.0 87.0 103.0 121.0 120.0 101.0 72.0 92.0 95.0 98.0 112.0 100.0 103.0 99.0 1328.0 -33.0 -50.0 16.0 24.0 40.0 51.0 61.0 204.0 -84.0 -70.0 -19.0 26.0 58.0 60.0 55.0 -70.0 65.0 48.0 24.0 40.0 57.0 69.0 56.0 14.0 51.0 22.0 29.0 51.0 87.0 80.0 62.0 18.0 -22.0 37.0 56.0 68.0 109.0 103.0 77.0 24.0 35.0 55.0 64.0 81.0 104.0 113.0 92.0 49.0 64.0 78.0 87.0 103.0 121.0 120.0 101.0 72.0 92.0 95.0 98.0 112.0 100.0 103.0 99.0 848.0 99.0 50.0 16.0 24.0 40.0 51.0 61.0 -36.0 132.0 -14.0 19.0 26.0 58.0 60.0 55.0 42.0 -39.0 16.0 24.0 40.0 57.0 69.0 56.0 14.0 17.0 22.0 29.0 51.0 87.0 80.0 62.0 18.0 22.0 37.0 56.0 68.0 109.0 103.0 77.0 24.0 35.0 55.0 64.0 81.0 104.0 113.0 92.0 49.0 64.0 78.0 87.0 103.0 121.0 120.0 101.0 72.0 92.0 95.0 98.0 112.0 100.0 103.0 99.0
upper 0 1 1200.0 -143.0 30.0 -16.0 24.0 40.0 51.0 61.0 -108.0 36.0 14.0 19.0 26.0 58.0 60.0 55.0 -14.0 91.0 -16.0 24.0 40.0 57.0 69.0 56.0 -42.0 17.0 22.0 29.0 51.0 87.0 80.0 62.0 18.0 66.0 37.0 56.0 68.0 109.0 103.0 77.0 24.0 35.0 55.0 64.0 81.0 104.0 113.0 92.0 49.0 64.0 78.0 87.0 103.0 121.0 120.0 101.0 72.0 92.0 95.0 98.0 112.0 100.0 103.0 99.0 1168.0 231.0 -10.0 16.0 24.0 40.0 51.0 61.0 12.0 -108.0 42.0 57.0 26.0 58.0 60.0 55.0 -42.0 -117.0 16.0 72.0 40.0 57.0 69.0 56.0 42.0 17.0 22.0 29.0 51.0 87.0 80.0 62.0 -18.0 -22.0 37.0 56.0 68.0 109.0 103.0 77.0 72.0 105.0 55.0 64.0 81.0 104.0 113.0 92.0 49.0 64.0 78.0 87.0 103.0 121.0 120.0 101.0 72.0 92.0 95.0 98.0 112.0 100.0 103.0 99.0 656.0 55.0 50.0 16.0 24.0 40.0 51.0 61.0 60.0 60.0 42.0 57.0 26.0 58.0 60.0 55.0 126.0 13.0 16.0 24.0 40.0 57.0 69.0 56.0 -14.0 51.0 22.0 29.0 51.0 87.0 80.0 62.0 54.0 22.0 37.0 56.0 68.0 109.0 103.0 77.0 -24.0 35.0 55.0 64.0 81.0 104.0 113.0 92.0 49.0 64.0 78.0 87.0 103.0 121.0 120.0 101.0 72.0 92.0 95.0 98.0 112.0 100.0 103.0 99.0 1136.0 -99.0 -30.0 16.0 24.0 40.0 51.0 61.0 -12.0 -12.0 42.0 19.0 26.0 58.0 60.0 55.0 -98.0 -13.0 80.0 24.0 40.0 57.0 69.0 56.0 42.0 17.0 22.0 29.0 51.0 87.0 80.0 62.0 -18.0 22.0 37.0 56.0 68.0 109.0 103.0 77.0 72.0 105.0 55.0 64.0 81.0 104.0 113.0 92.0 49.0 64.0 78.0 87.0 103.0 121.0 120.0 101.0 72.0 92.0 95.0 98.0 112.0 100.0 103.0 99.0
upper 0 2 944.0 99.0 -10.0 48.0 24.0 40.0 51.0 61.0 300.0 -12.0 -42.0 19.0 26.0 58.0 60.0 55.0 14.0 13.0 16.0 24.0 40.0 57.0 69.0 56.0 -14.0 -17.0 22.0 29.0 51.0 87.0 80.0 62.0 18.0 22.0 37.0 56.0 68.0 109.0 103.0 77.0 72.0 35.0 55.0 64.0 81.0 104.0 113.0 92.0 49.0 64.0 78.0 87.0 103.0 121.0 120.0 101.0 72.0 92.0 95.0 98.0 112.0 100.0 103.0 99.0 944.0 -99.0 10.0 48.0 24.0 40.0 51.0 61.0 12.0 204.0 -14.0 -19.0 26.0 58.0 60.0 55.0 14.0 13.0 16.0 24.0 40.0 57.0 69.0 56.0 42.0 17.0 22.0 29.0 51.0 87.0 80.0 62.0 18.0 22.0 37.0 56.0 68.0 109.0 103.0 77.0 24.0 35.0 55.0 64.0 81.0 104.0 113.0 92.0 49.0 64.0 78.0 87.0 103.0 121.0 120.0 101.0 72.0 92.0 95.0 98.0 112.0 100.0 103.0 99.0 1136.0 11.0 -10.0 16.0 24.0 40.0 51.0 61.0 -108.0 -84.0 -42.0 -19.0 26.0 58.0 60.0 55.0 14.0 13.0 16.0 24.0 40.0 57.0 69.0 56.0 -14.0 51.0 66.0 29.0 51.0 87.0 80.0 62.0 18.0 22.0 37.0 56.0 68.0 109.0 103.0 77.0 24.0 35.0 55.0 64.0 81.0 104.0 113.0 92.0 49.0 64.0 78.0 87.0 103.0 121.0 120.0 101.0 72.0 92.0 95.0 98.0 112.0 100.0 103.0 99.0 912.0 11.0 50.0 -16.0 24.0 40.0 51.0 61.0 12.0 -36.0 -14.0 19.0 26.0 58.0 60.0 55.0 14.0 13.0 16.0 24.0 40.0 57.0 69.0 56.0 14.0 -17.0 66.0 29.0 51.0 87.0 80.0 62.0 18.0 22.0 37.0 56.0 68.0 109.0 103.0 77.0 24.0 35.0 55.0 64.0 81.0 104.0 113.0 92.0 49.0 64.0 78.0 87.0 103.0 121.0 120.0 101.0 72.0 92.0 95.0 98.0 112.0 100.0 103.0 99.0
centres 0 0 832.0 153.60255580020547 -38.87336483449439 26.69226062420509 -0.0 -0.0 -0.0 -0.0 23.42270543668469 95.35154304291041 -25.988355002375418 32.91254725390694 -0.0 -0.0 -0.0 -0.0 -0.0 -24.28539510050995 -0.0 -0.0 -0.0 -0.0 -0.0 -0.0 -24.986518189902093 -0.0 -0.0 -0.0 -0.0 -0.0 -0.0 -0.0 30.028793202230727 -0.0 -0.0 -0.0 -0.0 -0.0 -0.0 -0.0 -0.0 -0.0 -0.0 -0.0 -0.0 -0.0 -0.0 -0.0 -0.0 -0.0 -0.0 -0.0 -0.0 -0.0 -0.0 -0.0 -0.0 -0.0 -0.0 -0.0 -0.0 -0.0 -0.0 -0.0 832.0 -197.6025558002055 18.87336483449439 -0.0 -0.0 -0.0 -0.0 -0.0 -119.42270543668468 -0.0 -0.0 -32.91254725390694 -0.0 -0.0 -0.0 -0.0 54.43783125476628 -0.0 -0.0 -0.0 -0.0 -0.0 -0.0 -0.0 -0.0 -0.0 -0.0 -0.0 -0.0 -0.0 -0.0 -0.0 -30.028793202230727 35.73027445971005 -0.0 -0.0 -0.0 -0.0 -0.0 -0.0 -0.0 -0.0 -0.0 -0.0 -0.0 -0.0 -0.0 -0.0 -0.0 -0.0 -0.0 -0.0 -0.0 -0.0 -0.0 -0.0 -0.0 -0.0 -0.0 -0.0 -0.0 -0.0 -0.0 -0.0 1312.0 -43.60255580020548 -58.87336483449439 -0.0 -0.0 -0.0 -0.0 -0.0 191.42270543668468 -95.35154304291041 -81.98835500237543 -32.91254725390694 -0.0 -0.0 -0.0 -0.0 -82.43783125476628 50.28539510050995 26.43440848163393 -0.0 -0.0 -0.0 -0.0 -0.0 -0.0 28.36052691321791 -0.0 -0.0 -0.0 -0.0 -0.0 -0.0 -0.0 -35.73027445971005 -0.0 -0.0 -0.0 -0.0 -0.0 -0.0 -0.0 -0.0 -0.0 -0.0 -0.0 -0.0 -0.0 -0.0 -0.0 -0.0 -0.0 -0.0 -0.0 -0.0 -0.0 -0.0 -0.0 -0.0 -0.0 -0.0 -0.0 -0.0 -0.0 -0.0 832.0 87.60255580020548 38.87336483449439 -0.0 -0.0 -0.0 -0.0 -0.0 -47.422705436684694 119.35154304291041 -25.988355002375418 -0.0 -0.0 -0.0 -0.0 -0.0 26.437831254766284 -50.28539510050995 -0.0 -0.0 -0.0 -0.0 -0.0 -0.0 -0.0 -0.0 -0.0 -0.0 -0.0 -0.0 -0.0 -0.0 -0.0 -0.0 -0.0 -0.0 -0.0 -0.0 -0.0 -0.0 -0.0 -0.0 -0.0 -0.0 -0.0 -0.0 -0.0 -0.0 -0.0 -0.0 -0.0 -0.0 -0.0 -0.0 -0.0 -0.0 -0.0 -0.0 -0.0 -0.0 -0.0 -0.0 -0.0 -0.0
centres 0 1 1184.0 -153.60255580020547 18.87336483449439 -26.69226062420509 -0.0 -0.0 -0.0 -0.0 -119.42270543668468 23.3515430429104 -0.0 -0.0 -0.0 -0.0 -0.0 -0.0 -26.437831254766284 76.28539510050996 -26.43440848163393 -0.0 -0.0 -0.0 -0.0 -0.0 -52.98651818990209 -0.0 -0.0 -0.0 -0.0 -0.0 -0.0 -0.0 -0.0 35.73027445971005 -0.0 -0.0 -0.0 -0.0 -0.0 -0.0 -0.0 -0.0 -0.0 -0.0 -0.0 -0.0 -0.0 -0.0 -0.0 -0.0 -0.0 -0.0 -0.0 -0.0 -0.0 -0.0 -0.0 -0.0 -0.0 -0.0 -0.0 -0.0 -0.0 -0.0 1152.0 219.6025558002055 -18.87336483449439 -0.0 -0.0 -0.0 -0.0 -0.0 -0.0 -119.35154304291041 25.988355002375418 32.91254725390694 -0.0 -0.0 -0.0 -0.0 -54.43783125476628 -128.28539510050996 -0.0 33.2823531006096 -0.0 -0.0 -0.0 -0.0 24.986518189902093 -0.0 -0.0 -0.0 -0.0 -0.0 -0.0 -0.0 -30.028793202230727 -35.73027445971005 -0.0 -0.0 -0.0 -0.0 -0.0 -0.0 38.978481228774605 52.23324117812485 -0.0 -0.0 -0.0 -0.0 -0.0 -0.0 -0.0 -0.0 -0.0 -0.0 -0.0 -0.0 -0.0 -0.0 -0.0 -0.0 -0.0 -0.0 -0.0 -0.0 -0.0 -0.0 640.0 43.60255580020548 38.87336483449439 -0.0 -0.0 -0.0 -0.0 -0.0 47.422705436684694 47.3515430429104 25.988355002375418 32.91254725390694 -0.0 -0.0 -0.0 -0.0 110.43783125476628 -0.0 -0.0 -0.0 -0.0 -0.0 -0.0 -0.0 -24.986518189902093 28.36052691321791 -0.0 -0.0 -0.0 -0.0 -0.0 -0.0 30.028793202230727 -0.0 -0.0 -0.0 -0.0 -0.0 -0.0 -0.0 -38.978481228774605 -0.0 -0.0 -0.0 -0.0 -0.0 -0.0 -0.0 -0.0 -0.0 -0.0 -0.0 -0.0 -0.0 -0.0 -0.0 -0.0 -0.0 -0.0 -0.0 -0.0 -0.0 -0.0 -0.0 1120.0 -109.60255580020548 -38.87336483449439 -0.0 -0.0 -0.0 -0.0 -0.0 -23.42270543668469 -23.3515430429104 25.988355002375418 -0.0 -0.0 -0.0 -0.0 -0.0 -110.43783125476628 -24.28539510050995 58.43440848163393 -0.0 -0.0 -0.0 -0.0 -0.0 24.986518189902093 -0.0 -0.0 -0.0 -0.0 -0.0 -0.0 -0.0 -30.028793202230727 -0.0 -0.0 -0.0 -0.0 -0.0 -0.0 -0.0 38.978481228774605 52.23324117812485 -0.0 -0.0 -0.0 -0.0 -0.0 -0.0 -0.0 -0.0 -0.0 -0.0 -0.0 -0.0 -0.0 -0.0 -0.0 -0.0 -0.0 -0.0 -0.0 -0.0 -0.0 -0.0
centres 0 2 928.0 87.60255580020548 -18.87336483449439 26.69226062420509 -0.0 -0.0 -0.0 -0.0 287.4227054366847 -23.3515430429104 -53.988355002375414 -0.0 -0.0 -0.0 -0.0 -0.0 -0.0 -0.0 -0.0 -0.0 -0.0 -0.0 -0.0 -0.0 -24.986518189902093 -28.36052691321791 -0.0 -0.0 -0.0 -0.0 -0.0 -0.0 -0.0 -0.0 -0.0 -0.0 -0.0 -0.0 -0.0 -0.0 38.978481228774605 -0.0 -0.0 -0.0 -0.0 -0.0 -0.0 -0.0 -0.0 -0.0 -0.0 -0.0 -0.0 -0.0 -0.0 -0.0 -0.0 -0.0 -0.0 -0.0 -0.0 -0.0 -0.0 -0.0 928.0 -109.60255580020548 -0.0 26.69226062420509 -0.0 -0.0 -0.0 -0.0 -0.0 191.3515430429104 -25.988355002375418 -32.91254725390694 -0.0 -0.0 -0.0 -0.0 -0.0 -0.0 -0.0 -0.0 -0.0 -0.0 -0.0 -0.0 24.986518189902093 -0.0 -0.0 -0.0 -0.0 -0.0 -0.0 -0.0 -0.0 -0.0 -0.0 -0.0 -0.0 -0.0 -0.0 -0.0 -0.0 -0.0 -0.0 -0.0 -0.0 -0.0 -0.0 -0.0 -0.0 -0.0 -0.0 -0.0 -0.0 -0.0 -0.0 -0.0 -0.0 -0.0 -0.0 -0.0 -0.0 -0.0 -0.0 -0.0 1120.0 -0.0 -18.87336483449439 -0.0 -0.0 -0.0 -0.0 -0.0 -119.42270543668468 -95.35154304291041 -53.988355002375414 -32.91254725390694 -0.0 -0.0 -0.0 -0.0 -0.0 -0.0 -0.0 -0.0 -0.0 -0.0 -0.0 -0.0 -24.986518189902093 28.36052691321791 32.83232302624991 -0.0 -0.0 -0.0 -0.0 -0.0 -0.0 -0.0 -0.0 -0.0 -0.0 -0.0 -0.0 -0.0 -0.0 -0.0 -0.0 -0.0 -0.0 -0.0 -0.0 -0.0 -0.0 -0.0 -0.0 -0.0 -0.0 -0.0 -0.0 -0.0 -0.0 -0.0 -0.0 -0.0 -0.0 -0.0 -0.0 -0.0 896.0 -0.0 38.87336483449439 -26.69226062420509 -0.0 -0.0 -0.0 -0.0 -0.0 -47.3515430429104 -25.988355002375418 -0.0 -0.0 -0.0 -0.0 -0.0 -0.0 -0.0 -0.0 -0.0 -0.0 -0.0 -0.0 -0.0 -0.0 -28.36052691321791 32.83232302624991 -0.0 -0.0 -0.0 -0.0 -0.0 -0.0 -0.0 -0.0 -0.0 -0.0 -0.0 -0.0 -0.0 -0.0 -0.0 -0.0 -0.0 -0.0 -0.0 -0.0 -0.0 -0.0 -0.0 -0.0 -0.0 -0.0 -0.0 -0.0 -0.0 -0.0 -0.0 -0.0 -0.0 -0.0 -0.0 -0.0 -0.0
exact-centres 0 0 832.0:0.0 153.60255580020547:1.2404569734847118e-14 -38.87336483449439:-1.370217104995141e-15 26.69226062420509:9.637418503739353e-16 0.0:0.0 0.0:0.0 0.0:0.0 0.0:0.0 23.42270543668469:-6.723371064939219e-16 95.35154304291041:-6.410752176652355e-15 -25.988355002375418:3.1319374914243737e-17 32.91254725390694:1.8472168117940735e-15 0.0:0.0 0.0:0.0 0.0:0.0 0.0:0.0 0.0:0.0 -24.28539510050995:2.178036119819037e-16 0.0:0.0 0.0:0.0 0.0:0.0 0.0:0.0 0.0:0.0 0.0:0.0 -24.986518189902093:7.127319884511698e-16 0.0:0.0 0.0:0.0 0.0:0.0 0.0:0.0 0.0:0.0 0.0:0.0 0.0:0.0 30.028793202230727:1.084209581670677e-15 0.0:0.0 0.0:0.0 0.0:0.0 0.0:0.0 0.0:0.0 0.0:0.0 0.0:0.0 0.0:0.0 0.0:0.0 0.0:0.0 0.0:0.0 0.0:0.0 0.0:0.0 0.0:0.0 0.0:0.0 0.0:0.0 0.0:0.0 0.0:0.0 0.0:0.0 0.0:0.0 0.0:0.0 0.0:0.0 0.0:0.0 0.0:0.0 0.0:0.0 0.0:0.0 0.0:0.0 0.0:0.0 0.0:0.0 0.0:0.0 0.0:0.0 832.0:0.0 -197.60255580020547:-1.2404569734847118e-14 18.87336483449439:1.370217104995141e-15 0.0:0.0 0.0:0.0 0.0:0.0 0.0:0.0 0.0:0.0 -119.4227054366847:4.225050785294423e-15 0.0:0.0 0.0:0.0 -32.91254725390694:-1.8472168117940735e-15 0.0:0.0 0.0:0.0 0.0:0.0 0.0:0.0 54.43783125476628:6.11395795280649e-16 0.0:0.0 0.0:0.0 0.0:0.0 0.0:0.0 0.0:0.0 0.0:0.0 0.0:0.0 0.0:0.0 0.0:0.0 0.0:0.0 0.0:0.0 0.0:0.0 0.0:0.0 0.0:0.0 0.0:0.0 -30.028793202230727:-1.084209581670677e-15 35.73027445971005:3.1679168624970802e-15 0.0:0.0 0.0:0.0 0.0:0.0 0.0:0.0 0.0:0.0 0.0:0.0 0.0:0.0 0.0:0.0 0.0:0.0 0.0:0.0 0.0:0.0 0.0:0.0 0.0:0.0 0.0:0.0 0.0:0.0 0.0:0.0 0.0:0.0 0.0:0.0 0.0:0.0 0.0:0.0 0.0:0.0 0.0:0.0 0.0:0.0 0.0:0.0 0.0:0.0 0.0:0.0 0.0:0.0 0.0:0.0 0.0:0.0 0.0:0.0 1312.0:0.0 -43.60255580020548:1.8062849803548854e-15 -58.87336483449439:-1.370217104995141e-15 0.0:0.0 0.0:0.0 0.0:0.0 0.0:0.0 0.0:0.0 191.42270543668468:9.98580392990758e-15 -95.35154304291041:6.410752176652355e-15 -81.98835500237541:-3.5213943038862572e-15 -32.91254725390694:-1.8472168117940735e-15 0.0:0.0 0.0:0.0 0.0:0.0 0.0:0.0 -82.43783125476628:-6.11395795280649e-16 50.28539510050995:-2.178036119819037e-16 26.43440848163393:1.2810950553296044e-15 0.0:0.0 0.0:0.0 0.0:0.0 0.0:0.0 0.0:0.0 0.0:0.0 28.36052691321791:-7.523811233779443e-16 0.0:0.0 0.0:0.0 0.0:0.0 0.0:0.0 0.0:0.0 0.0:0.0 0.0:0.0 -35.73027445971005:-3.1679168624970802e-15 0.0:0.0 0.0:0.0 0.0:0.0 0.0:0.0 0.0:0.0 0.0:0.0 0.0:0.0 0.0:0.0 0.0:0.0 0.0:0.0 0.0:0.0 0.0:0.0 0.0:0.0 0.0:0.0 0.0:0.0 0.0:0.0 0.0:0.0 0.0:0.0 0.0:0.0 0.0:0.0 0.0:0.0 0.0:0.0 0.0:0.0 0.0:0.0 0.0:0.0 0.0:0.0 0.0:0.0 0.0:0.0 0.0:0.0 0.0:0.0 832.0:0.0 87.60255580020548:-1.8062849803548854e-15 38.87336483449439:1.370217104995141e-15 0.0:0.0 0.0:0.0 0.0:0.0 0.0:0.0 0.0:0.0 -47.42270543668469:-2.880376572306579e-15 119.35154304291041:-6.410752176652355e-15 -25.988355002375418:3.1319374914243737e-17 0.0:0.0 0.0:0.0 0.0:0.0 0.0:0.0 0.0:0.0 26.43783125476628:6.11395795280649e-16 -50.28539510050995:2.178036119819037e-16 0.0:0.0 0.0:0.0 0.0:0.0 0.0:0.0 0.0:0.0 0.0:0.0 0.0:0.0 0.0:0.0 0.0:0.0 0.0:0.0 0.0:0.0 0.0:0.0 0.0:0.0 0.0:0.0 0.0:0.0 0.0:0.0 0.0:0.0 0.0:0.0 0.0:0.0 0.0:0.0 0.0:0.0 0.0:0.0 0.0:0.0 0.0:0.0 0.0:0.0 0.0:0.0 0.0:0.0 0.0:0.0 0.0:0.0 0.0:0.0 0.0:0.0 0.0:0.0 0.0:0.0 0.0:0.0 0.0:0.0 0.0:0.0 0.0:0.0 0.0:0.0 0.0:0.0 0.0:0.0 0.0:0.0 0.0:0.0 0.0:0.0 0.0:0.0 0.0:0.0 0.0:0.0
exact-centres 0 1 1184.0:0.0 -153.60255580020547:-1.2404569734847118e-14 18.87336483449439:1.370217104995141e-15 -26.69226062420509:-9.637418503739353e-16 0.0:0.0 0.0:0.0 0.0:0.0 0.0:0.0 -119.4227054366847:4.225050785294423e-15 23.3515430429104:6.946751809486472e-16 0.0:0.0 0.0:0.0 0.0:0.0 0.0:0.0 0.0:0.0 0.0:0.0 -26.43783125476628:-6.11395795280649e-16 76.28539510050994:6.887623745619098e-15 -26.43440848163393:-1.2810950553296044e-15 0.0:0.0 0.0:0.0 0.0:0.0 0.0:0.0 0.0:0.0 -52.98651818990209:7.127319884511698e-16 0.0:0.0 0.0:0.0 0.0:0.0 0.0:0.0 0.0:0.0 0.0:0.0 0.0:0.0 0.0:0.0 35.73027445971005:3.1679168624970802e-15 0.0:0.0 0.0:0.0 0.0:0.0 0.0:0.0 0.0:0.0 0.0:0.0 0.0:0.0 0.0:0.0 0.0:0.0 0.0:0.0 0.0:0.0 0.0:0.0 0.0:0.0 0.0:0.0 0.0:0.0 0.0:0.0 0.0:0.0 0.0:0.0 0.0:0.0 0.0:0.0 0.0:0.0 0.0:0.0 0.0:0.0 0.0:0.0 0.0:0.0 0.0:0.0 0.0:0.0 0.0:0.0 0.0:0.0 0.0:0.0 1152.0:0.0 219.60255580020547:1.2404569734847118e-14 -18.87336483449439:-1.370217104995141e-15 0.0:0.0 0.0:0.0 0.0:0.0 0.0:0.0 0.0:0.0 0.0:0.0 -119.35154304291041:6.410752176652355e-15 25.988355002375418:-3.1319374914243737e-17 32.91254725390694:1.8472168117940735e-15 0.0:0.0 0.0:0.0 0.0:0.0 0.0:0.0 -54.43783125476628:-6.11395795280649e-16 -128.28539510050996:7.323230969582905e-15 0.0:0.0 33.2823531006096:7.106336015543602e-16 0.0:0.0 0.0:0.0 0.0:0.0 0.0:0.0 24.986518189902093:-7.127319884511698e-16 0.0:0.0 0.0:0.0 0.0:0.0 0.0:0.0 0.0:0.0 0.0:0.0 0.0:0.0 -30.028793202230727:-1.084209581670677e-15 -35.73027445971005:-3.1679168624970802e-15 0.0:0.0 0.0:0.0 0.0:0.0 0.0:0.0 0.0:0.0 0.0:0.0 38.978481228774605:1.518065479741996e-15 52.23324117812485:3.0337138856844447e-15 0.0:0.0 0.0:0.0 0.0:0.0 0.0:0.0 0.0:0.0 0.0:0.0 0.0:0.0 0.0:0.0 0.0:0.0 0.0:0.0 0.0:0.0 0.0:0.0 0.0:0.0 0.0:0.0 0.0:0.0 0.0:0.0 0.0:0.0 0.0:0.0 0.0:0.0 0.0:0.0 0.0:0.0 0.0:0.0 640.0:0.0 43.60255580020548:-1.8062849803548854e-15 38.87336483449439:1.370217104995141e-15 0.0:0.0 0.0:0.0 0.0:0.0 0.0:0.0 0.0:0.0 47.42270543668469:2.880376572306579e-15 47.3515430429104:6.946751809486472e-16 25.988355002375418:-3.1319374914243737e-17 32.91254725390694:1.8472168117940735e-15 0.0:0.0 0.0:0.0 0.0:0.0 0.0:0.0 110.43783125476628:6.11395795280649e-16 0.0:0.0 0.0:0.0 0.0:0.0 0.0:0.0 0.0:0.0 0.0:0.0 0.0:0.0 -24.986518189902093:7.127319884511698e-16 28.36052691321791:-7.523811233779443e-16 0.0:0.0 0.0:0.0 0.0:0.0 0.0:0.0 0.0:0.0 0.0:0.0 30.028793202230727:1.084209581670677e-15 0.0:0.0 0.0:0.0 0.0:0.0 0.0:0.0 0.0:0.0 0.0:0.0 0.0:0.0 -38.978481228774605:-1.518065479741996e-15 0.0:0.0 0.0:0.0 0.0:0.0 0.0:0.0 0.0:0.0 0.0:0.0 0.0:0.0 0.0:0.0 0.0:0.0 0.0:0.0 0.0:0.0 0.0:0.0 0.0:0.0 0.0:0.0 0.0:0.0 0.0:0.0 0.0:0.0 0.0:0.0 0.0:0.0 0.0:0.0 0.0:0.0 0.0:0.0 0.0:0.0 1120.0:0.0 -109.60255580020548:1.8062849803548854e-15 -38.87336483449439:-1.370217104995141e-15 0.0:0.0 0.0:0.0 0.0:0.0 0.0:0.0 0.0:0.0 -23.42270543668469:6.723371064939219e-16 -23.3515430429104:-6.946751809486472e-16 25.988355002375418:-3.1319374914243737e-17 0.0:0.0 0.0:0.0 0.0:0.0 0.0:0.0 0.0:0.0 -110.43783125476628:-6.11395795280649e-16 -24.28539510050995:2.178036119819037e-16 58.43440848163393:1.2810950553296044e-15 0.0:0.0 0.0:0.0 0.0:0.0 0.0:0.0 0.0:0.0 24.986518189902093:-7.127319884511698e-16 0.0:0.0 0.0:0.0 0.0:0.0 0.0:0.0 0.0:0.0 0.0:0.0 0.0:0.0 -30.028793202230727:-1.084209581670677e-15 0.0:0.0 0.0:0.0 0.0:0.0 0.0:0.0 0.0:0.0 0.0:0.0 0.0:0.0 38.978481228774605:1.518065479741996e-15 52.23324117812485:3.0337138856844447e-15 0.0:0.0 0.0:0.0 0.0:0.0 0.0:0.0 0.0:0.0 0.0:0.0 0.0:0.0 0.0:0.0 0.0:0.0 0.0:0.0 0.0:0.0 0.0:0.0 0.0:0.0 0.0:0.0 0.0:0.0 0.0:0.0 0.0:0.0 0.0:0.0 0.0:0.0 0.0:0.0 0.0:0.0 0.0:0.0
exact-centres 0 2 928.0:0.0 87.60255580020548:-1.8062849803548854e-15 -18.87336483449439:-1.370217104995141e-15 26.69226062420509:9.637418503739353e-16 0.0:0.0 0.0:0.0 0.0:0.0 0.0:0.0 287.4227054366847:9.98580392990758e-15 -23.3515430429104:-6.946751809486472e-16 -53.988355002375414:-3.5213943038862572e-15 0.0:0.0 0.0:0.0 0.0:0.0 0.0:0.0 0.0:0.0 0.0:0.0 0.0:0.0 0.0:0.0 0.0:0.0 0.0:0.0 0.0:0.0 0.0:0.0 0.0:0.0 -24.986518189902093:7.127319884511698e-16 -28.36052691321791:7.523811233779443e-16 0.0:0.0 0.0:0.0 0.0:0.0 0.0:0.0 0.0:0.0 0.0:0.0 0.0:0.0 0.0:0.0 0.0:0.0 0.0:0.0 0.0:0.0 0.0:0.0 0.0:0.0 0.0:0.0 38.978481228774605:1.518065479741996e-15 0.0:0.0 0.0:0.0 0.0:0.0 0.0:0.0 0.0:0.0 0.0:0.0 0.0:0.0 0.0:0.0 0.0:0.0 0.0:0.0 0.0:0.0 0.0:0.0 0.0:0.0 0.0:0.0 0.0:0.0 0.0:0.0 0.0:0.0 0.0:0.0 0.0:0.0 0.0:0.0 0.0:0.0 0.0:0.0 0.0:0.0 928.0:0.0 -109.60255580020548:1.8062849803548854e-15 0.0:0.0 26.69226062420509:9.637418503739353e-16 0.0:0.0 0.0:0.0 0.0:0.0 0.0:0.0 0.0:0.0 191.3515430429104:-6.410752176652355e-15 -25.988355002375418:3.1319374914243737e-17 -32.91254725390694:-1.8472168117940735e-15 0.0:0.0 0.0:0.0 0.0:0.0 0.0:0.0 0.0:0.0 0.0:0.0 0.0:0.0 0.0:0.0 0.0:0.0 0.0:0.0 0.0:0.0 0.0:0.0 24.986518189902093:-7.127319884511698e-16 0.0:0.0 0.0:0.0 0.0:0.0 0.0:0.0 0.0:0.0 0.0:0.0 0.0:0.0 0.0:0.0 0.0:0.0 0.0:0.0 0.0:0.0 0.0:0.0 0.0:0.0 0.0:0.0 0.0:0.0 0.0:0.0 0.0:0.0 0.0:0.0 0.0:0.0 0.0:0.0 0.0:0.0 0.0:0.0 0.0:0.0 0.0:0.0 0.0:0.0 0.0:0.0 0.0:0.0 0.0:0.0 0.0:0.0 0.0:0.0 0.0:0.0 0.0:0.0 0.0:0.0 0.0:0.0 0.0:0.0 0.0:0.0 0.0:0.0 0.0:0.0 0.0:0.0 1120.0:0.0 0.0:0.0 -18.87336483449439:-1.370217104995141e-15 0.0:0.0 0.0:0.0 0.0:0.0 0.0:0.0 0.0:0.0 -119.4227054366847:4.225050785294423e-15 -95.35154304291041:6.410752176652355e-15 -53.988355002375414:-3.5213943038862572e-15 -32.91254725390694:-1.8472168117940735e-15 0.0:0.0 0.0:0.0 0.0:0.0 0.0:0.0 0.0:0.0 0.0:0.0 0.0:0.0 0.0:0.0 0.0:0.0 0.0:0.0 0.0:0.0 0.0:0.0 -24.986518189902093:7.127319884511698e-16 28.36052691321791:-7.523811233779443e-16 32.83232302624991:-2.1533383333417784e-15 0.0:0.0 0.0:0.0 0.0:0.0 0.0:0.0 0.0:0.0 0.0:0.0 0.0:0.0 0.0:0.0 0.0:0.0 0.0:0.0 0.0:0.0 0.0:0.0 0.0:0.0 0.0:0.0 0.0:0.0 0.0:0.0 0.0:0.0 0.0:0.0 0.0:0.0 0.0:0.0 0.0:0.0 0.0:0.0 0.0:0.0 0.0:0.0 0.0:0.0 0.0:0.0 0.0:0.0 0.0:0.0 0.0:0.0 0.0:0.0 0.0:0.0 0.0:0.0 0.0:0.0 0.0:0.0 0.0:0.0 0.0:0.0 0.0:0.0 896.0:0.0 0.0:0.0 38.87336483449439:1.370217104995141e-15 -26.69226062420509:-9.637418503739353e-16 0.0:0.0 0.0:0.0 0.0:0.0 0.0:0.0 0.0:0.0 -47.3515430429104:-6.946751809486472e-16 -25.988355002375418:3.1319374914243737e-17 0.0:0.0 0.0:0.0 0.0:0.0 0.0:0.0 0.0:0.0 0.0:0.0 0.0:0.0 0.0:0.0 0.0:0.0 0.0:0.0 0.0:0.0 0.0:0.0 0.0:0.0 0.0:0.0 -28.36052691321791:7.523811233779443e-16 32.83232302624991:-2.1533383333417784e-15 0.0:0.0 0.0:0.0 0.0:0.0 0.0:0.0 0.0:0.0 0.0:0.0 0.0:0.0 0.0:0.0 0.0:0.0 0.0:0.0 0.0:0.0 0.0:0.0 0.0:0.0 0.0:0.0 0.0:0.0 0.0:0.0 0.0:0.0 0.0:0.0 0.0:0.0 0.0:0.0 0.0:0.0 0.0:0.0 0.0:0.0 0.0:0.0 0.0:0.0 0.0:0.0 0.0:0.0 0.0:0.0 0.0:0.0 0.0:0.0 0.0:0.0 0.0:0.0 0.0:0.0 0.0:0.0 0.0:0.0 0.0:0.0 0.0:0.0
first-coefficients 0 0 848.0 143.0 -30.0 16.0 7.422671114532923 -12.253669981083998 2.7333929760215807 -4.345193873886937 12.0 84.0 -15.0331616301919 19.0 3.497957240453843 -13.727436303559973 2.6191514034983414 -4.390851480716912 13.07600920958899 -16.43684447782877 -0.8671187142082895 2.3888091956261133 0.14378788560840977 -5.170391403244312 2.052443802829362 -1.495850678760258 -14.0 1.7099168983812914 -1.6922104370285773 -1.5404668933180745 0.08792680624906363 -0.29123413140802984 0.4601935178294825 -0.41107764772167127 18.0 -3.9577644162139585 4.401552294127963 2.475437110358625 -1.1429925705390562 -0.7200911463986319 1.1272421161941881 0.5786935880310016 -2.543483397757655 3.8703086551517516 -1.5527726879408212 0.6717337723908744 -0.645085009137222 -1.4678121747094863 0.21608193684818702 -0.5541433075997139 -1.3634550063099835 -4.06010404137778 -2.8602075032831156 0.5733814334499813 -1.8677153671795443 -0.07647854615122533 -0.1648288963740887 -0.4930460972661273 -0.04566337449583905 3.88436931425453 0.8634301251970321 0.09943118795127472 -0.09109586099403917 -0.8700299523690396 0.07408693768505245 0.21229267175052108 845.0489611378362 -187.0 19.491824232291513 -1.0984275977732616 -0.14878388106580864 -0.8449027672343727 1.7007778897289154 1.197375564206422 -108.0 -12.0 12.589862119476965 -19.0 2.4123489109503073 4.611110831315837 -0.4356685198154212 -0.9498503821603649 42.0 6.287881550811665 -10.581758142991816 0.8284678100885553 1.3858169922228345 -0.5430396665556457 0.1454649235118867 1.7606234809959456 -6.429670695831162 -11.580407234767591 0.2759744008924977 0.6777239328242134 0.29193507631761684 0.03109729486571332 1.0362130571947827 -0.7720154137067331 -18.0 22.0 6.469029289258341 -5.489431601366017 4.357427374126451 -0.1622894509891166 0.05193642087555929 0.20258030349254572 1.3550376847233294 -1.606700842578065 -2.1877246334684632 -1.1537346811516904 1.4961304286543593 -1.6756988701682354 -0.23358710204134875 0.3068764705006191 3.9482941633420205 -4.760325923165967 0.19338668944344695 1.5990133347329358 -1.2499286665197344 0.4214120647686373 0.76669586133465 -0.603198508107241 -5.533398206278871 6.176146383877345 0.1597194869607536 -1.7203049455666402 1.9363473048437148 -0.768571296031234 -0.4552608949075971 0.3804269786372731 1296.0 -33.0 -50.71569752968444 -6.07945589848228 -14.80333682319798 2.8365411514680288 -0.8692786235371419 1.6558605027801752 181.02720814881687 -84.11475585035711 -70.0 -19.60691607579383 -5.673576057679398 4.448939501158349 5.008325096004132 2.133423508725459 -70.31704334201319 39.0 20.28352987564784 -6.0187581174933396 -5.474092347226049 -1.2833088393978294 1.4464086108222438 0.7508327705557618 1.418242686646291 17.0 -6.731622253968925 3.363123265255659 -4.284727186143859 2.1596868629384627 1.294896237075236 2.0780613004131987 8.920801106060441 -22.0 2.894525357151877 9.305560531863073 0.5779150415322198 -0.2298021733571471 -3.3016764998483725 -0.44195836997313026 -2.4070604175415036 5.655692696230274 -2.072469838519009 -9.816731324906254 1.624811705612537 -2.2054270279363446 1.8200750065543916 0.18920149980689863 -3.4948330194931865 -0.05679763006253554 -1.1385922550211498 1.309439778238252 2.9024712936474057 1.498473183027397 0.23977550174760084 -0.810479915161532 5.0233780189965955 -1.6975062629364175 4.571257716036705 1.5733161933443307 -2.032113760065165 0.47813476942345234 1.0638426465610025 0.6530879845682487 848.0 77.0 30.02451726568305 -3.2763794594403817 5.104308455694569 1.9973832606900124 -1.0803537033353297 0.8331458096514348 -39.14571291477367 108.0 -14.0 0.3268515049483948 1.1110522530796587 -3.820119334266988 0.7239347077492355 0.09838244921371082 21.333130399425944 -39.0 9.31524356981663 -12.582200414211606 -3.9625562510325825 3.348861009263933 -1.4174783966520736 0.5741490082240603 -3.8892232388233565 1.3976523915401589 -5.281539699549417 2.951261134979605 4.843134660082872 -0.13190208178183901 0.3940606213257287 0.3557536870441635 0.06799448892721183 3.3723652711158354 -0.751501988965269 4.130780192253969 -2.3024300461882934 0.24343911748755306 -0.2473471023620384 -1.2889585883245935 -1.877825842137706 0.7440072195604756 1.2165027227044891 -3.8688828630917063 1.630883900332052 -0.6186512699609611 -0.6604186306793312 1.4532584753620115 1.8190443275830246 -1.7954303798622182 -0.9812363427860781 1.9407112246852884 -0.9170572661816541 -0.19996023800525184 1.525032757412573 -0.9067926570035505 -0.34281953990602865 0.348887275784667 0.986941004570602 -0.736455089330369 0.2845843179126949 0.5010737807642668 -1.3559798692126188 0.5303999809038397
first-coefficients 0 1 1168.0 -143.0 22.529010911803834 -16.0 3.7927659659632202 3.5163878818415832 -0.527448125098409 1.3718965377284666 -118.64126496666327 12.0 9.676490563946768 0.5796626638452921 -0.23881228230087903 1.7601219348758697 -1.0333126344447867 0.20333776134511283 -34.02841318851166 65.0 -16.0 0.7767283559786542 2.2169566553855278 -5.9380521028972915 0.40044863905470696 -1.6687483225647106 -42.0 0.03402416950300413 -7.473978630821163 -0.5611004636465852 0.3430647476976381 -1.6402893306342243 1.0525748905196324 0.056579770155155897 -8.649115979692112 22.38949303995631 2.0200194005832635 4.433871903991661 -0.3422577537764335 1.04437309384775 0.8896046059024162 -0.07052848812745426 -4.298325651686321 -5.4571682989057075 -2.0467098574133433 -4.353797795103055 -0.011465091136513908 -1.0496541397376908 0.2742326774041422 0.05159895489761283 -0.1631443054566355 3.8551016307719936 5.756732173545527 1.7696935398358387 0.635369389030312 0.5990210972495721 0.3891742450925744 -0.05779780616300301 0.5459878284430176 -2.4670688311677007 0.6810381232315521 -2.9608157569875053 0.2122770514445193 0.07250396640890922 -0.08651772777906147 0.09051643641549387 1136.0 209.0 -23.054654562227896 -15.602927642978583 1.7641345504894865 2.9338587454665763 2.8429662433664906 3.448814867369847 6.8670263835127106 -108.0 14.0 19.0 -2.6341662838272395 -0.8044490062866793 -0.28345358268560494 0.5118489510962354 -54.84003787069628 -117.0 8.705629535357728 24.0 6.001094331552849 -2.112999233385797 -2.9713038503350457 -0.8193666449784331 14.0 0.5895264280498429 -2.9813280417941916 -12.771194564732594 0.8579649203277631 3.21650873042136 -2.390686304315982 1.025003690429619 -23.242512042508466 -22.0 -0.7632664382559451 -3.6601709530066846 2.956926364851972 -3.15390671163155 0.6651268790250159 1.7083271963239766 24.0 35.0 0.9949837730052455 -6.355533563950985 -6.458161530077613 -5.124708092972264 2.3652468650417036 1.8734558415875526 -1.653510587347928 4.6866584699820635 -1.7051220411587802 3.372273284643769 -2.831011278478469 -2.1028850227584197 0.961763336940002 -0.9323592158655605 9.993269809842564 13.537095211658793 3.414224834665408 2.080786337402459 -5.374320388869708 -1.9413128274046585 0.2210386186814374 -0.7771060552235902 656.0 33.0 35.88390043838069 7.148657889398707 10.931945127083756 0.5423373230035157 2.4457989847896258 -1.1032728709143493 36.0 36.0 16.87182567819387 19.0 2.2401160218585083 1.5538041705714036 -0.8961220421026522 0.032813958141830975 98.0 2.888706228102596 11.409948724096349 0.8059526932737474 4.033322618333927 -1.3867335237067677 -1.3092458249481878 -1.275212139604349 -14.0 17.93708084390375 1.576120025179428 2.2285677648648834 -2.5458328821118386 -1.5234972941120697 0.6314255267256003 0.14604009842004928 25.789913248179207 -3.0289683370914626 -6.1682997713143894 0.8421724030085113 -2.8618342144539914 2.4400817995165616 -2.3722865999146685 0.7697832278265773 -24.0 3.591770431563094 6.008819572034431 -5.027947940538279 2.3650498401662086 -2.110191830972124 2.504348888125455 -0.7199282718446111 7.0490478915625685 -5.173086828713234 -0.7309064640390965 2.09695474869657 -0.7665087416355038 1.419442657298376 -2.618363977452922 0.009363323466140439 -6.7042652808529 -2.8040837295194043 6.100032565841231 -3.0462099848894617 2.5716336201775705 -2.253719931964828 0.5759018998085048 -1.0781260117175173 1104.0 -99.0 -30.0 -16.0 -11.985487406032405 -2.2845957987264995 0.7927773458618895 -0.3175191941931576 -30.188588106621413 -33.908551632874605 14.0 10.475170931930574 -5.0091531140849 -0.7645875324599333 1.196064701601301 -1.1265123089031823 -98.0 -13.0 48.0 13.585646715959168 0.504677031296236 4.10039232704047 -1.5322412355395199 -0.4288963911778959 14.0 -2.3067767750397916 -2.7523101234387046 -4.534777440617044 -3.100904622544624 1.0304617839990897 0.6971274941929944 -0.0719883858950718 -19.55320945152565 2.2304021785373025 13.602859971358802 -3.9841558818677627 -2.6991181366551236 2.7764296652450757 0.07857993965036338 1.0542739410133877 24.0 35.0 -4.190692079670172 -8.972691239797907 5.999663772341429 2.9147880099985746 -3.2628025987205227 0.05519774465344784 3.0645171485136276 -1.1189044021066936 2.849196381261797 -1.4307572392082957 3.373756920983214 3.69834914673751 -1.4083817887626127 -0.05156648178851788 1.133250269645769 4.429336233830103 -7.005746471708742 -6.368075053255544 3.713908232726771 3.1469553494690037 -1.263004952696027 0.45493293471033525
first-coefficients 0 2 935.4034327048812 77.0 -10.0 16.0 -3.3867873627719494 -2.878213548732312 -1.4331232075665503 -1.7809728394779811 276.0 -12.0 -42.0 8.310789207804172 -1.5263407606731212 4.9775072017585416 2.850328333134948 0.8265423029781868 4.6607466377015285 -13.0 7.408710884857867 4.77820197228119 -5.973621180050123 1.245599706824589 -2.275552934533952 -0.4403470431790212 -42.0 -17.0 9.829809220564332 -3.312076659862256 -3.913231981387465 2.611450104889128 -1.4767582100030245 0.5769029268658598 2.0846555971860994 -7.037752383513141 3.630060714528913 1.8798945773904643 -1.4486896456869462 2.711117776066817 -1.3565941071027872 2.288968109375148 24.0 7.349492433399156 -0.012040836358044907 0.2159305675391453 -0.07087710610227543 2.9563567561959223 -3.1395903255873656 0.8439108325359115 2.5381857397984855 -1.937753636904562 -0.5780179052941657 -1.0655279325481133 -0.4780986741395443 0.2871451511536567 -2.6459165055434553 1.5399719202900861 -13.311423427418273 -6.0304798753432385 0.045204537459149284 -2.119930698187404 0.7370610110654068 1.559583097919166 -0.21192459586650794 0.9214137103771691 934.4102004479338 -102.81276908432456 1.9859796992481578 16.0 -2.170468782617064 -3.0885191721077456 0.6240039884676556 -1.4397843192127557 1.2887714002941724 180.0 -16.470727115648863 -19.0 0.4760959328547823 5.306414921386516 -0.1638466056729351 0.6202697287853824 3.5179239607581683 -4.099255714502946 2.855194279792265 12.960981989510442 -0.9972438651873158 -4.190479052824535 1.1972862616448856 0.5018256584955825 15.102849146607625 -6.3058365377082595 -0.6680779677450644 -10.145037529054875 2.020036821728187 2.5446507556308204 0.37844193479789057 -2.07617105150913 2.8401413902448533 5.965861121302806 1.3348597554098007 -4.174514659380731 1.5605289094429668 0.186787714902647 -0.10735393795301575 -0.00013277276340402345 -0.02834928315788379 0.98532684920614 -2.577196911952441 1.467361480877984 1.4198406488866713 0.5565231203166745 -0.1950226168990182 0.1559342236802246 0.9659766279154295 -0.8043915332542139 -0.7362571246157017 1.263742613792627 0.4670290368737065 0.3440985022120511 0.12233691413077641 -0.660925808904594 -1.2066745847738507 -1.4826121277275026 0.10911692496587656 0.2566442807630123 0.35685730400873034 0.7672934227552158 -0.6233265870816143 -0.1159453247489193 1104.0 6.1980872543437115 -16.358212020921542 0.9047012542293892 -6.462106968398296 -1.0837294199411132 -0.47598079558135864 -0.4829990381615043 -108.0 -84.0 -42.0 -19.0 3.9994508700488263 10.887246638516029 7.744465859867245 5.037459764836412 -14.0 1.6037078534749727 -1.583953807238763 6.357813563526635 1.8829755300329805 2.2919923555781905 0.45299986295213407 -0.2054869557993764 -14.0 17.0 22.0 11.688421812923734 6.573203054053253 0.8815070519994287 -3.7735605445132583 -1.8972198523197423 -7.307346717493655 2.6478871822296326 6.572777290518647 3.7946231199475484 0.18494779198254468 -1.3631568525546058 -1.0124667206203164 -0.9711698003046273 -7.1251367429149886 2.3495143402614667 3.4173912273501443 -3.474482908570636 -3.404912511514881 -3.4038568226274184 -2.2872544790416143 -0.5525090251873614 -5.059000887154016 -0.5898673410836804 2.494131209152805 -1.3250042040953527 -2.5543565147450513 -0.9830287263171348 1.1134158966330907 1.1017404845920706 -0.7909834547126616 1.1220898776894894 1.0870556717243351 -0.7769174049761601 -0.014148829153456303 0.5694163799492454 1.0345536546529133 1.0177099382074193 912.0 11.0 30.0 -16.0 -0.34071822972962806 -1.6807495231208889 1.520852663040361 3.510109132529265 4.809938721016274 -36.0 -14.0 5.072942880068729 4.413118116319649 3.236280526869855 -4.468533458414845 -1.6273266099233716 5.37215410097469 0.9012431893750662 0.508080876946154 -4.108625502404126 -2.0542524221761287 0.6983813679148692 0.874178910474954 0.8421675667168848 9.009332084550348 -17.0 22.0 -6.108470322130487 4.704344286190937 -1.9180637971443388 -1.315287565284835 1.5743267014139233 2.618674576154985 -3.049304311105295 1.2849569629474316 -0.3621814466893856 0.028957334127441444 2.196367323594267 -0.7191971711974235 0.34067204177167004 7.447660672688615 -8.03164978273072 4.255562847594967 -3.4182851182853975 2.1038923494282855 -0.4931419809083642 -1.4616149565609073 -0.6027481962972046 1.614590891729863 -2.5132999076389977 1.4386657815376207 -0.16324328561826543 -0.8304672374714835 1.1347259442946434 -2.3311558513842425 0.2884914271423936 2.13243257061257 -4.553473966432703 5.0762531902605765 -2.638920787529252 0.8279598182397159 -2.5866928551832244 1.218367383464782 0.3049666765851341
first-p 0 0 0 -0.6709481095950454 -0.967416781914007 -0.9586900939449814 -0.6584606267537536 -0.9673607627951545 -0.9852628725801666 -0.9471749862887755 0.6685633602631915 0.9994645661696315 0.9943245974793277 0.9963657031554902 0.9803054475044127 0.9088320150101168 0.8608536435281147 0.8350582620914694 0.7857037819878329 0.999275592165597 0.9998936366853789 0.8971658435384494 0.2567049266947658 -0.35270118105278203 -0.9996794429076464 -0.9986038007877865 -0.9991532880906423 -0.9974267661966376 -0.9998612001000752 -0.9988695832720311 -0.9962398665315894 -0.9988796612412233 -0.9875202852427519 -0.9418442242502935 0.0
first-p 0 0 1 -0.6904673210532564 -0.983233612398787 -0.9844911883829814 -0.9486350710075478 -0.9887444671693202 -0.9992594118929217 -0.6770433368072218 0.9902009805918208 0.8681101367019768 0.9696256482326325 0.9999965962409937 0.9988255506303935 0.9985569560344678 0.9992007456519142 0.9945826074744398 0.9828864247538176 0.9991419655432312 0.9913278033203367 0.7300189575116899 0.1168585920385082 -0.5844703178586349 -0.9993596035361673 -0.9953018280915799 -0.9804656691645669 -0.9993095829777042 -0.9977955876060144 -0.9887477640888309 -0.9888163823056045 -0.9994828032477833 -0.9345672430671697 -0.732699477753165 0.0
first-p 0 0 2 -0.8080778169521758 -0.954340269709236 -0.9905015259669717 -0.9792914915115071 -0.994174009213674 -0.9985091792271946 -0.5383225098066616 0.2853050166891277 0.6153273810471674 0.9079564734648634 0.9988194502110981 0.9897635671378144 0.9786701586017356 0.9451950666550781 0.8354899843971032 0.6885262046449594 0.9973697987777911 0.9944513033182238 0.7254807341534019 0.080633337663759 -0.6845665558835796 -0.9247871962253263 -0.9793064052437465 -0.9993521724809459 -0.9819197240121146 -0.9587656322961332 -0.9479855477176742 -0.9946806507110153 -0.9709351667161603 -0.8161595809176059 -0.3539062459968172 0.0
first-p 0 0 3 -0.4741585315187929 -0.749802866887266 -0.7916252609772496 -0.8373603603041554 -0.9394878690670063 -0.98918399123775 -0.7335645909329989 -0.14858628091695075 0.3458677571057052 0.7298271967477231 0.9091066658959904 0.9399894246586804 0.9452604035344523 0.9556460773113503 0.981330853034591 0.9800071001874042 0.7948122725299186 0.9999667804205833 0.8084038815659117 0.3077540728204074 -0.11431976834959151 -0.3355526661301493 -0.4747676772290124 -0.9329317626885355 -0.8447375339805225 -0.8562109355825768 -0.85500969959389 -0.9932582543209149 -0.8795409367141406 -0.6498904043211109 -0.11409961824975243 0.0
first-p 0 0 4 -0.23817613134654697 -0.3642377656835023 -0.5363706650626358 -0.8969475645311973 -0.9426117958394526 -0.9970658580273555 -0.7916817030621972 -0.4026809906022289 0.09301639512707995 0.4652958579412233 0.5609007098580877 0.5680174199121385 0.4716108357570668 0.36155460402424655 0.3583895478864792 0.6642161768124336 0.8581411977790845 0.9561707277450506 0.7884811550668972 0.46482756438880074 0.1427937465378599 -0.07195021452003739 -0.34851642825331586 -0.7135911200644721 -0.6779320190132164 -0.7476353341133125 -0.8282669625630069 -0.940301274035777 -0.7615335954836513 -0.46895022967782624 -0.15252654785727693 0.0
first-p 0 0 5 0.033223458936658595 -0.21277393175579215 -0.9999719015246583 -0.9986183142442141 -0.9608539172249425 -0.8473370716955084 -0.5076711076161873 -0.13556264553676742 0.216347020684528 0.43934570498047787 0.6390123914964196 0.830230945534689 0.8281587598508349 0.8926429236824456 0.9969067932833755 0.9675068304579902 0.34159441568273624 -0.17339622104251262 -0.17471363999800268 -0.11910145505059663 -0.11205478053513201 -0.19263086818375205 -0.38868755451460874 -0.6703145260648081 -0.6755253569013709 -0.6678270709127411 -0.3189938458459596 0.14069216507671206 0.6437424676831175 0.402172507961206 0.21580878793846323 0.0
first-p 0 0 6 0.6005579111503337 0.4300792443502306 -0.4510235593599318 -0.8437608537906989 -0.6344988035247239 -0.26518658935522793 0.022549931044276914 0.076202514533721 0.24526040784604825 0.4727915458403907 0.7488653014813174 0.9624355924274688 0.9903295467746612 0.9208627720995222 0.5576366092412649 0.11288294774248107 0.005816050639257414 -0.6667236078328652 -0.5600478739064589 -0.3598795027592556 -0.14967498790564226 -0.048504192576262525 -0.13367744153960656 -0.9512274700221982 -0.6212037860698368 0.16614805327419094 0.24900382063408824 0.9000446038789561 0.9768123590446415 0.7929818007512107 0.4988099843950668 0.0
first-p 0 0 7 0.7400643299762828 0.9071086249831538 0.58195680511117 -0.3625519066272736 -0.4441540165754251 0.062240110186109414 0.229001559537069 -0.16588900235717394 0.023102722353696314 0.30887021299243256 0.6107210356512409 0.9354956733593341 0.9216441929108314 0.926690077933679 0.7835970633264815 0.6131656491926252 -0.6468702513742977 -0.7713387159930976 -0.5156117186690573 -0.05225154556493146 0.2903834934349749 0.28527985862445276 -0.08870374371821027 -0.4556032789070589 0.3018938509611487 0.5215038441169625 0.8794529599642387 0.9936019640976511 0.9739334405435782 0.9531963847797756 0.8166871547948623 0.0
first-p 0 0 8 0.30075481140326277 0.24139073663307012 0.08035325124288059 -0.030555059455254198 -0.014358795287385286 0.12788959961752686 0.20392754215209868 0.1346300035256866 -0.1009240456391005 0.12449750230907927 0.8148075910990564 0.838656841864806 0.9422998499510002 0.4577091658472984 -0.05035808658453002 -0.5523828085584394 -0.781502404511025 -0.8215219108547301 -0.5847731059377105 -0.20772505852723272 -0.035711216188895535 0.06027851528052549 0.33985394350880105 0.7568881792063347 0.029879577405041494 0.05656730619235845 0.7676419794921366 0.8971686577477294 0.6988297354810873 0.5827864756204645 0.2765851344525522 0.0
first-p 0 0 9 0.34070822838002657 0.6259380756766607 0.6307270596693573 0.47735826092907463 0.5076849588870672 0.5325503712315267 0.2116444821041953 -0.37716422842585695 -0.2316206907973233 -0.008434689980153133 0.20995471682563135 0.21028162083429944 0.3969566520097162 0.14006558269655825 -0.19981286494704023 -0.321674908080784 -0.5451844297398251 -0.5288658775211788 -0.19460640171340038 0.02812815405722276 0.01075694001694605 -0.104473422242388 0.04874759147570859 0.5563624845645887 0.3937330355625204 0.14371064631947908 0.10631726921609604 0.45396805905632615 0.693234705735021 0.12544211027595464 0.15723650857689023 0.0
first-p 0 0 10 0.3638999321207773 0.9837465539124631 0.9028194591616148 0.8450105578324713 0.9085539680721556 0.9333900896726889 0.8251527267392296 -0.1448153118157397 -0.5484780918011887 -0.716662807844471 -0.7169986501809783 -0.704862844559351 -0.9702473604472008 -0.6673107074244344 -0.5331265406205515 -0.5818870580719762 -0.6588056390452119 -0.7304144878263202 -0.4304869182888529 -0.044017206823379645 0.20772517716465538 0.39683474031790295 0.6206719463464699 0.8832878083378006 0.7102083177642715 0.5948716198063163 0.5296895665751551 0.3173811009996909 -0.1273235977553766 -0.054971389572197354 -0.6102338559337065 0.0
first-p 0 0 11 0.7215966854934788 0.9993606429525035 0.9722759196951533 0.952227147205884 0.9798177014316314 0.994367543800074 0.9995282543323032 0.9319563572127092 0.4520442956919529 -0.6125328257122027 -0.9999886780572527 -0.9854478493504643 -0.9911539868990058 -0.9395425536016437 -0.7465462587382007 -0.944791093573681 -0.891263531489098 -0.999741424043418 -0.9732693810206289 -0.9660463348547026 -0.45305325559032 0.1301187834121853 0.3150631904248432 0.9999727698296477 0.7694549067291099 0.7878017885764758 0.7513427667822579 -0.48010377012437383 -0.9181919980906227 -0.7158571642029126 -0.07207761364633805 0.0
first-p 0 0 12 0.837246419466952 0.9452995053085581 0.9077331465130068 0.8681264363924232 0.9230860333977283 0.9889976167201858 0.9706903251500766 0.89983194099103 0.4163099558099441 -0.23768991310989734 -0.9986255533704902 -0.9949774858714314 -0.9984214904409476 -0.9995484342130272 -0.900112614224293 -0.9390726232098265 -0.9788641299333596 -0.8987505310479048 -0.9296481615709725 -0.9142243656885597 -0.6136544506281912 -0.09524300578304683 0.2297172720217712 0.9995990418507262 0.9062301607636923 0.9805208486407532 0.8597604581749558 0.8727963040266172 -0.17481194275077713 -0.9978102947604397 -0.9762760962332794 0.0
first-p 0 0 13 0.5830811728260931 0.6538155720069632 0.5816809349325204 0.6233318330285766 0.7984224446969655 0.9944192709106586 0.9301990681365283 0.6844272271448484 0.11441955318183095 -0.3039689783229889 -0.9569722382424978 -0.9653475751071543 -0.9984754575719735 -0.9835693401872001 -0.993770452513642 -0.9794872357141936 -0.7281150577734868 -0.5798038717744404 -0.592392406048126 -0.4786450474142813 -0.3897559248073901 -0.046667096051323895 0.6115312487899024 0.9310232546846726 0.9290334506227761 0.9979725583271573 0.7953735005188463 0.2853993863428385 -0.005975874514679624 -0.1613201121594 -0.037910257819469356 0.0
first-p 0 0 14 0.32227116565574226 0.49205667708344036 0.619600326435682 0.7276835312274426 0.920387121365119 0.9934111995104656 0.8081026473787868 0.3030909121126195 -0.0029592358965700198 -0.1093112006006018 -0.4322434991422776 -0.7165184611585946 -0.9624228441417398 -0.990415074955747 -0.8556110387458529 -0.5598650638394239 -0.2424784210733779 -0.10869907210913077 -0.23105503012662992 -0.13598689672045272 -0.008064210605174586 0.044246569536625015 0.4576225865393317 0.8457276762368449 0.5672491992280128 0.3533649874987161 0.12859159138645648 -0.13026636861989188 -0.24815149385601457 0.03232497071888303 0.5644296031413224 0.0
first-p 0 0 15 0.3844876360716075 0.8170285364912946 0.9179586158952875 0.9750669620009753 0.9991859190260356 0.8936473016809449 0.5458108207372789 -0.6216883201157709 -0.6540912224862818 -0.7986066921720799 -0.7940293592818961 -0.8210542757389173 -0.860726628448425 -0.9737780072352752 -0.8944511508578067 -0.4825764302732433 0.07698139649479108 0.9864020701626435 0.34482923767060625 -0.075910993953875 0.0025772797547856875 0.31302050097646256 0.30678144268684826 -0.2984219460986465 0.1520189371612815 0.5268247209147423 0.7918862246053886 0.9571837105777298 0.960980545305085 0.6925708342346968 0.3905983903339399 0.0
first-p 0 0 16 0.8188357696821851 0.9656279002419498 0.8914712600074427 0.6354932239540704 0.15690465988566848 -0.6351507970457265 -0.6784258242305149 -0.11625138325727884 -0.21995369666991926 -0.32935256091322257 -0.6043996299501674 -0.7960793359543735 -0.9737818805310329 -0.9747817402056365 -0.735561697443479 -0.33816630411007803 0.9062922921099854 0.9706870400904848 0.4839178499827658 0.11303987759539176 0.0773151300087142 0.08969626023097174 -0.2495083137991846 -0.74159779533753 0.051259888223357655 0.632064773913982 0.5324972370401096 0.420711092013844 0.9925728173669707 0.9964156133973215 0.4703389013400605 0.0
first-p 0 0 17 0.2740992490573808 0.6538692846847151 0.6674538550565232 0.3175520440228926 -0.429053587197598 -0.830431620344384 -0.6892513534234249 0.08998514730716171 -0.03840225136544341 -0.2679425132697272 -0.5699936860505671 -0.7769555937855469 -0.9855016813662892 -0.8667495318281209 -0.6056828410031394 -0.2609175021048048 0.8644740412768482 0.8943228422675625 0.6662659570494347 -0.21904154237716983 -0.6548860667642771 -0.7396153633673408 -0.7844714122671985 -0.9528221507750879 0.4700686213094226 0.7476099819740573 -0.004048293969134826 -0.5447681800904056 -0.5814805688351384 0.6162265282655413 0.5269113528107746 0.0
first-p 0 0 18 -0.08528476087945441 0.0929599655442409 0.1717111013907854 -0.12364040765398589 -0.5309152538429931 -0.6957697805862127 -0.5631181919991078 -0.04338232704461443 -0.12114594214196665 -0.22913738962422128 -0.2494415112839252 -0.45797019629227476 -0.7756843198330583 -0.7142712196576998 -0.5032094191438273 -0.2760407318654786 0.5582009859378538 0.7895278053013861 0.10841567400545644 -0.21110513842411194 -0.9146880640001017 -0.9998835696432951 -0.9888347389210481 -0.9990837587967403 0.4678749299725546 0.35747463772305105 -0.26590647485041224 -0.9823715337047046 -0.32915930979372393 0.3332063561309397 0.718807598749441 0.0
first-p 0 0 19 -0.09358537710753041 -0.08977298788423052 -0.029985851770039398 -0.07802383693438446 -0.22460545679423707 -0.3350186367360943 -0.2788115417078809 0.02487772099163831 0.0956716894372751 0.21691514461031194 0.30259620470325593 0.648712160007766 0.4169248310239179 0.12919390006937054 -0.00493027931752281 0.0035395371431134067 0.3799118357479426 0.3643610594810354 -0.20531860732002888 -0.9504168388381763 -0.748504884649799 -0.9923023372343046 -0.9950876184873261 -0.9992824975643991 -0.15750986957300855 -0.19284872592676428 -0.6559557908327295 -0.30235909850218284 -0.11767336896482546 0.5306700938392847 0.36810840296216474 0.0
first-p 0 0 20 -0.3558285491720292 -0.5466074553912765 -0.32234987625814515 -0.14052107829057198 -0.18867102822188825 -0.24890689782485226 -0.020267059495881326 0.36634463398342104 0.33021998356852184 0.43755710420343685 0.5962940161185355 0.6863396691140352 0.8342209404486829 0.4985650499092848 0.3337584998464377 0.4513180697836461 -0.22069487966869653 -0.48069912582184876 -0.34605391531539526 -0.5709392300061987 -0.9295301385797605 -0.9909851792734159 -0.9987983965270318 -0.9966899356544995 -0.6394335685973371 -0.6235996695172258 -0.9760448077956524 -0.8399334534827612 0.37377881322311624 0.9270949274688325 0.9977116308138999 0.0
first-p 0 0 21 -0.36719801813543945 -0.9615922846457181 -0.7363073171393735 -0.4402640843502 -0.2525412047936541 -0.13216454856898915 0.11260915466909593 0.48457119360683815 0.44164246170791616 0.559080531368737 0.7668361193386009 0.8623842967600884 0.9842564918928248 0.7209481079613943 0.6088692329936533 0.7896639669999588 -0.576569346016596 -0.8888783513026534 -0.5711449144879623 -0.06924277217281372 -0.06438957742994592 -0.48001637716205325 -0.8977449492454571 -0.999882641058036 -0.8944097084393111 -0.8828006113740938 -0.8814505965356395 -0.8372636848053169 0.21729959942605906 0.9999878266731886 0.8834590439030967 0.0
first-p 0 0 22 -0.759852970861131 -0.9817170966117091 -0.8222666505398293 -0.6319648833960496 -0.5377500091354592 -0.11291507714075419 0.3686344607056869 0.8271758367000945 0.7600975469185263 0.8449488152835463 0.9479470275841015 0.9710427997862621 0.9999157827690262 0.9149836651602029 0.8814903556488168 0.9571664730637643 -0.4424395632562483 -0.9999999461736451 -0.8414838108434881 -0.49658217521466064 -0.3518204221781811 -0.5095850885463109 -0.8268580292056974 -0.9946621402986773 -0.895380083989587 -0.9820148762733185 -0.9640812887198456 -0.7308269814435823 -0.1460545530505471 0.9962669419061222 0.9154342961820707 0.0
first-p 0 0 23 -1.0 -1.0 -1.0 -0.6060572660123082 -0.3297153172648515 -0.3260296680053522 -0.028970850351228476 1.0 0.6352389061713594 0.6441435955357384 1.0 1.0 1.0 1.0 1.0 1.0 -0.07434536020080358 -1.0 -1.0 -0.7212938410844458 -0.7394807479961899 -1.0 -1.0 -1.0 0.014693155113431467 -0.16248364995707368 -1.0 -1.0 -0.3606215958558221 0.5168184185892695 0.9443401016113229 0.0
first-p 1 0 0 -0.74150430493075 -0.25318919817232793 -0.2844526388904885 -0.4448943799089112 -0.2534031463979421 -0.17104698744812225 0.32071723581506806 -0.06828846748350924 -0.03271973366869621 0.10638888498134061 0.08517855114678677 0.1974872897003077 0.4171622807645133 0.5088526352730911 0.5501615207489298 0.6186029154231462 0.03805641735759209 0.0145847631481474 -0.44169384101200965 -0.5356447379626775 -0.462008125339816 0.02531820348795892 0.052824701155677424 0.04114251934019245 0.07169271981532052 0.016660748315652948 -0.047534783200922366 -0.08663791510142128 -0.04732253542044316 0.157491860850248 0.3356641009184609 -0.39621069071192794
first-p 1 0 1 -0.723363586695888 -0.1823503864795239 -0.1754340331756211 -0.3163724103876708 -0.14961409907511117 -0.03847892596490154 0.7359431500360221 0.13964962597514038 0.49637162545342484 0.24459374948973492 0.002609119856816715 -0.048451206464764834 0.05370293804977246 0.03997336474027165 -0.10394920350509818 -0.18421258381190495 0.0414165750685494 -0.13141227630657593 -0.6834268956322582 -0.9931485636433138 -0.6984152486230962 -0.035782437312667434 0.09682081902958398 0.1966902935827748 0.037153160954713556 -0.06636237905597099 -0.14959230932550557 -0.14913806383367242 0.03215782971459729 0.35578654862969417 0.6805523310519473 -0.40630287652270625
first-p 1 0 2 -0.5890757521319356 -0.29872169256902453 -0.1375017347421493 -0.20245536459468755 -0.10778700943995835 0.054584054439316604 0.8427389129709489 0.9584367727982982 0.7882716626478679 0.41906448464794643 0.04857680392944296 -0.14271678656215966 -0.2054378754330709 -0.32650618060138187 -0.5495056741946602 -0.7252114626212187 -0.07248092497994578 -0.10519793405141534 -0.6882424749841012 -0.9967438311106833 -0.728950362209728 -0.38048474568331886 -0.202383212368445 -0.035989378399937905 -0.18929779606739336 -0.28419792808498084 -0.3183133696821756 -0.1030068109452541 0.2393426456648751 0.577826564356813 0.9352809038168374 0.16808045436918106
first-p 1 0 3 -0.8804394851367934 -0.661661288581731 -0.6110069117307114 -0.5466512846333528 -0.3425821709837444 -0.14668003094816573 0.679619739949703 0.988899447427932 0.9382832699108882 0.6836316719457638 0.41656340456583074 0.34120357783857297 0.3263169770482135 0.29451752905290485 0.1923272130573358 0.19896251803361123 0.606855379341591 0.008150954256564785 -0.5886282054651876 -0.9514659377310631 -0.9934440047453583 -0.9420214478731089 -0.8801111592626061 -0.36005322685245056 -0.5351808093387745 -0.5166263967208881 -0.5186120068031265 0.11592256132163724 0.4758232241536894 0.7600279352572135 0.9934693136253685 1.0
first-p 1 0 4 -0.9712219779518957 -0.931305991632122 -0.8439825292387667 -0.4421369318226579 -0.33389070418974254 -0.07654851243605791 0.6109337779469549 0.9153403846698821 0.9956645771732381 0.8851552206154244 0.8278830797163893 0.823016531229086 0.8818067926686213 0.9323509362406789 0.9335721353841518 0.7475405477033831 0.5134137558288425 -0.29280973242619585 -0.6150589143361567 -0.8854012284746253 -0.9897524670086362 -0.9974082246655683 -0.937302672159613 -0.7005624264582936 -0.7351246000486338 -0.6641094843361866 -0.5603336851614852 0.34034322976474013 0.6481254376659988 0.8832245932293291 0.988299373772311 1.0
first-p 1 0 5 -0.15729374035145785 -0.25411353767078126 0.0074964098846981644 -0.0525496189904756 0.27705549941028623 0.5310554461922791 0.8615509540890508 0.9907687768269005 0.9763165299435058 0.8983180681224255 0.7691964401334854 0.557419570051659 0.5604935936139925 0.4507644737550373 -0.07859291002028994 -0.2528448793571542 0.08045403215566305 -0.5662207329614116 -0.9846192888617653 -0.992882089376594 -0.9937020308720433 -0.981271292060852 -0.9213696245076961 -0.7420771092996413 -0.7373367562947579 -0.7443164672074027 -0.7359767116178215 0.04713899796209885 0.1880803786562043 0.9155639102980162 0.976435644089528 1.0
first-p 1 0 6 0.4125886741500471 0.475585711260035 0.8925120441217016 0.5367193136178264 0.7729238438071979 0.9641971130563199 0.9997457179752751 0.9970923612076958 0.9694572359538042 0.8811743040862312 0.6627222346030769 0.27151009268310267 0.1387349587706507 -0.38988684892053443 -0.8300851836009995 -0.9936082930959103 -0.9999830866344498 -0.7453050588573297 -0.8284602458373335 -0.932998790724699 -0.9887352517208263 -0.9988229789620006 -0.9910248945528185 -0.30849035685928305 -0.7836490644239298 -0.9861008185744481 -0.32274672678921446 -0.2446727254871196 0.21409720973810598 0.6092453230656492 0.866711370334896 1.0
first-p 1 0 7 0.4734137974060588 0.4208965935727827 0.6293356776061586 0.9319635802974968 0.8718576653556969 0.818220590386217 0.9734260556044256 0.9861444310530489 0.9997330964911826 0.951104195935445 0.7918458288158597 0.35333814558573484 0.3880360571825022 -0.3758264219813075 -0.6212693798555615 -0.7899543573208434 -0.7626000772927793 -0.6364248464745226 -0.8568223594019597 -0.9986339549535034 -0.9569103545998967 -0.9584442614274511 -0.9960580534539009 -0.8901829319017168 -0.8194773805445447 -0.4716153382621401 -0.007453176753965202 0.1129386423740335 0.22683397759363172 0.3023518679333173 0.5770806626400442 1.0
first-p 1 0 8 0.9537014959712434 0.9704280046802771 0.9967664495832003 0.999533085166112 0.9998969071848831 0.9917884100500817 0.9789859843490121 0.9908959391130199 0.9948941335699175 0.9922199211459125 0.5797314805039941 0.5446601707425921 -0.3347700595667453 -0.8891019736224693 -0.9987312266648845 -0.8335905666507333 -0.6239022293144064 -0.5701769462066952 -0.8111969024669431 -0.9781872520432157 -0.9993621510935412 -0.9981815970030581 -0.9404782278615048 -0.6535444010759478 -0.9995535057484898 -0.9983987879951277 -0.6408789209526196 0.44168812476128183 0.715288054428028 0.8126253280780005 0.9609894189843423 1.0
first-p 1 0 9 0.9401690821943379 0.7798727623261367 0.7760047526921771 0.8787087633128338 0.8615427920421811 0.846398311731045 0.9773467210743826 0.9261463949052159 0.9728061757588563 0.9999644273697633 0.9777111111584387 0.9776408542707797 -0.6091667703353639 -0.9901422284418908 -0.9798340772812792 -0.9468501747960019 -0.8383161322372734 -0.8487054162627652 -0.9808814140415562 -0.9996043251953911 -0.9999421424469876 -0.9945276788732246 -0.9988111294560736 -0.8309397004410837 0.919224834687751 0.9896197502750426 0.9943322574805828 0.8910179579316189 0.7207118999742399 0.9921009409175636 -0.14257671959019494 -0.30545765016203674
first-p 1 0 10 0.9314380491489993 0.1795625731196603 0.4300197950782373 0.5347496209925312 0.4177675036432828 0.35886340089344554 0.5649097074354575 0.9894587032634107 0.8361649256062628 0.6974198304124128 0.6970745552942348 0.7093436193832297 -0.24211579780187673 -0.7447794436990731 -0.8460355144353949 -0.8132696057571195 -0.7523131860882339 -0.6830041551655557 -0.9025968165145314 -0.9990307730512948 -0.978187226849703 -0.9178900745061047 -0.7840703635634271 -0.46883115046016816 0.7039915804741158 0.8038207237618408 0.848191583936922 0.9482980737765019 0.9918612309464602 0.9984879299863878 0.7922213333862451 -0.34706144023168256
first-p 1 0 11 0.5913216310013089 0.03575339588848739 0.2338365582644084 0.3053906680370964 0.19989315136150773 0.10598673425013148 0.030712681280194165 0.1588111446503105 0.5823731813454034 0.7904451514336868 0.0047585457135852485 0.16997804626052376 -0.1327168951347396 -0.34243216842420393 -0.6653335130323704 -0.3276732969038641 -0.4534857411623672 -0.02273950420828287 -0.22966652339364169 -0.25836888147336107 -0.6578769320648795 -0.6231438793739662 0.03475198686920318 0.007379674736914222 -0.6387011402138693 -0.6159288448479305 -0.6599121508231087 0.5949398164207723 0.3961356518193607 0.6982467475465706 0.9973990262733612 1.0
first-p 1 0 12 0.5468257794670699 0.3262036867716172 0.41954801241526096 0.496343117648056 0.38459351911602463 0.14793145075267966 -0.24033371103538256 -0.43623672240231637 0.9092227563658548 0.9713410859249233 0.05241187036809667 0.10009896407538649 0.05616517983303083 -0.030048754754325578 -0.4356572984747404 -0.34371879252932197 0.20451165035226448 0.4384603550392088 0.36844849801255947 0.40520835280303735 -0.15868174922051614 -0.24349238947088778 0.6022594010288614 0.028315287939735898 0.4227846919203823 0.1964150334898458 -0.5106975176743959 -0.48808463577281036 -0.11213145701699355 -0.06614087745172663 -0.21652940660221845 -0.6680794656344204
first-p 1 0 13 0.8124139006047026 0.7566539485135907 0.813417045516031 0.781957432302574 0.6020976663333958 0.10550030161811923 -0.36705543673665225 -0.7290811825460963 0.3671002762004717 0.26764891624937803 -0.29017948796071724 -0.26096754440875775 -0.055197469384367634 0.18053075373386068 0.11144634453776933 0.201506215966078 0.685454931154129 0.814756080232218 0.8056495747262032 0.8780084957366759 0.5597719660266688 0.3439888211724766 0.791220280170739 0.3649598597604388 0.36999574000782476 0.06364568191125464 -0.6061196207617741 -0.9584086760224633 -0.9999821443024796 -0.9869021336550442 -0.9992811478017891 -1.0
first-p 1 0 14 0.9466473978134039 0.8705631663110971 0.7849174704902397 0.6859130253759289 0.3910083718096453 -0.11460448807606927 -0.5890416889316037 -0.9529616461299689 -0.9999956214518685 -0.9940075761397671 -0.9017569281404163 -0.6975681291593814 -0.2715552781186999 0.13812305853984772 0.5176193102814488 0.8285837979903287 0.9701567993441893 0.9940747012788395 0.9729406832141321 0.9907106358167055 0.9999674837250035 0.9990206409700656 0.8891465392661952 0.5336147464669867 -0.8235462014818467 -0.9354855346877536 -0.9916976366941178 -0.9914790331653951 -0.9687212375585809 -0.9994774115846857 -0.8254812069924605 0.4402340761598843
first-p 1 0 15 0.9231301412629029 0.576597234262265 0.39667616452669296 0.22191083708144654 -0.040342275841808516 -0.4487699858483925 -0.8379084365049072 -0.7832647270442037 -0.7564156745245311 -0.6018532638591974 -0.6078794095858004 -0.570850134703358 -0.5090674523870161 -0.22750031346109484 0.44716567257465695 0.8758538627789075 0.3917950559823129 -0.1643501018522698 0.9386654339260121 0.9971145977253241 0.9999966788090175 0.9497463692841602 0.9517799884547773 0.9544340428163155 0.9883775810611825 0.849973948679078 0.6106686558848619 0.2894811638166613 -0.2766159640099271 -0.7213498732012478 -0.920561186162297 0.19091314660057665
first-p 1 0 16 -0.5740278584607053 -0.25992837143013653 -0.453077247917772 -0.7721064449338976 -0.987613754311959 -0.772388156960073 -0.7346689057100121 -0.9932198225422051 -0.9755103132828669 -0.9442070168241188 -0.7966812959497046 -0.605192275947441 -0.2274837338128708 0.22316038842427022 0.6774577398288899 0.9410863673247692 0.1985411421934722 0.24034697876273292 0.875113429486748 0.9935904518830779 0.9970067054296754 0.9959691666415069 0.9683726562357529 0.6708447733645355 0.9927024945208137 0.6162428861828178 0.8464317412199576 0.9071946742880046 0.12165197172341316 -0.0845927028651962 -0.8824858740434459 -1.0
first-p 1 0 17 -0.9617014098285287 -0.7566075327049679 -0.7446511608600269 -0.948240844583739 -0.9032790373483008 -0.557120564987688 -0.7245223059395597 -0.9959431074434465 -0.9992623614897467 -0.9634349015801233 -0.8216490722093511 -0.6295554028720177 0.16966565953137638 0.49874367071245446 0.7957061619180572 0.96536110191751 0.5026774631495569 0.44742223212360427 0.7457142042880778 0.9757155337048963 0.7557276225982579 0.6730298019189022 0.6201649807394054 0.3035291567417137 0.8327155611360118 0.6641380239473944 0.9757202997171349 0.8385866860146229 0.2343309905982578 -0.7875689594326316 -0.6612443569935978 -0.8444634341534766
first-p 1 0 18 -0.996356617663442 -0.9956698472917684 -0.985147348196788 -0.9923270880083624 -0.8474249189378551 -0.7182648623056911 -0.8263763681517375 -0.9990585436800958 -0.9926347065776692 -0.9733940911451013 -0.9683898659364375 -0.4510146297273767 0.6311210945334703 0.6998690054350901 0.8641644985099377 0.9611459381130271 0.8297057667016712 0.6137147909705097 0.7761951982420778 0.11206014729035839 0.4041605443085031 0.015259330174745761 0.14901630482246747 0.042797697468169305 0.8837946876414098 0.9339228465910734 0.4511854827228004 0.18693894662874969 -0.9442744033257067 -0.9428539251835044 -0.27846383564181026 0.547461777602928
first-p 1 0 19 -0.9956112580679476 -0.9959622536252756 -0.9995503232422194 -0.996951493739809 -0.9744497877152275 -0.9422115012243742 -0.9603458357333958 -0.9996905016045027 -0.9954129433758723 -0.9761904629931023 -0.9531188472059426 -0.7610338582862517 0.9089409690819736 0.9916193504489844 0.999987846099067 0.9999937358187864 0.9250227008342164 0.9312577614891903 0.9786951872202927 0.24191661387971375 -0.35106714023647906 -0.12383889340323007 -0.09899813903918392 -0.03787466252597716 0.9875174130044967 0.9812284998451807 0.043796429757370914 -0.9531940912285113 -0.9930523542273428 -0.8475784633322185 0.4181297058043307 1.0
first-p 1 0 20 -0.9345512525239742 -0.8373889715721563 -0.9466205983794979 -0.9900776871316992 -0.9820403469866681 -0.9685274163466971 -0.9997946020555375 -0.9304792362817954 -0.9439040006547303 -0.8991906252631322 -0.8027661218195669 -0.7272811413754909 0.5514303423977637 0.8668522890371534 0.9426586146533937 0.8923631547115579 0.9753428987223004 0.876885597118638 0.9382146277344461 0.8209923237399537 0.3687461477383742 0.13397154347261833 -0.04900778606537923 -0.08129681522070724 0.7688463509381277 0.7817438533036295 0.21756960535687864 -0.5426894081521421 -0.9275178697930939 -0.37482662053482846 0.0676128814551518 0.3912878345367753
first-p 1 0 21 -0.8887128848438498 -0.2744818356646364 -0.6766472749719887 -0.8978683288942094 -0.9675861408067861 -0.9912277902185528 -0.9936393602734906 -0.8747518267065489 -0.8971911368357202 -0.8291133574152878 -0.6418429450244937 -0.5062542095643332 0.17674602730140646 0.6929890515923652 0.7932706077460075 0.6135395824410091 0.8170482172026293 0.4581432926339499 0.8208492472156736 0.997599838864173 0.9979248380105553 0.8772595269680561 0.44051561391654603 -0.015320055835627292 0.4472485589127221 0.46974789042371023 0.47227623893963294 0.5467993435495537 -0.19988659550092222 -0.004934217813693658 -0.46850839666523203 -1.0
first-p 1 0 22 -0.6500949643502195 -0.1903458489704365 -0.5691024120578037 -0.774997023319585 -0.8431043397319299 -0.9936046423775896 -0.9295744372454674 -0.5619431778921233 -0.6498089866787307 -0.5348471740141585 -0.31842806549433833 -0.2389055901046634 0.012977957058245775 0.4034908827842357 0.47220202551251567 0.2895381543815495 0.48876232642813294 0.0003281047195271855 0.5402823299797253 0.8679897137979666 0.9360675138783348 0.8604202679686529 0.5624107036126447 0.10318539943448585 0.4453027118655355 0.18880355605204863 0.2656073582193871 0.6825627613590284 0.36483736398152583 -0.08632601267881858 -0.4024674513220129 -1.0
first-p 1 0 23 0.0 0.0 0.0 0.0 0.0 0.0 0.0 0.0 0.0 0.0 0.0 0.0 0.0 0.0 0.0 0.0 0.0 0.0 0.0 0.0 0.0 0.0 0.0 0.0 0.0 0.0 0.0 0.0 0.0 0.0 0.0 0.0
record 0 9365.34894415115 6750.513210548072 nan nan
record 1 9358.388590033761 6844.562258885166 nan nan
canvas 0 0 147.3262230790136 145.37401841903107 125.96986086682257 118.98324419081865 119.17568459085211 102.31876607163603 61.76018743425679 59.876434890713135 60.006487506432286 63.491725558000944 75.21055517650787 84.1440324843359 90.49733664823387 100.72959661542829 118.43547327280744 134.1167518792008 137.91627368674625 161.74249201943456 194.75028003953364 199.06246070637056 199.03501626852344 198.9355687350371 192.36409701741115 179.1761164555159 134.76796899972268 129.51056614550095 120.37435942743642 107.62297593871624 92.76443033042152 79.52236523887748 76.00260418348218 75.95557943985766
canvas 0 1 145.11301556033376 140.28038501792182 123.8607508927928 118.93473756090644 114.80092661623799 95.26360982618199 62.57010854750678 59.74752736710298 59.88204940552279 64.7859231200345 75.99164380717853 85.43937652912078 95.20820754390235 111.20518124748487 128.76261854636925 137.19662194569537 138.8164279933393 162.21995382040873 192.55838148423254 199.1440791379631 199.19541500522536 199.13950462512537 193.0480374985494 181.01142669770178 135.16247922423483 129.66966072720243 119.77036852001162 106.33717787082337 92.15674235703769 80.09755299502949 76.11041186287856 75.96470624049381
canvas 0 2 139.98134880671608 137.21638180652656 122.97279250878414 117.55034172339923 111.83764611334 93.99566993283302 65.91943350851872 59.63444989710562 62.74341114294363 67.63894331548653 76.02356730851795 84.96569583822762 96.06666958767738 111.90585244300394 127.89039612121644 136.91165996401136 139.8067034585837 158.2138906632141 186.30037073013813 198.90125731915052 199.40692310245552 198.90635542034096 194.1817496510538 190.18512470385073 135.38905238198797 129.01892511548508 117.7353233178482 104.20886809129557 92.57104504197788 81.64885944175721 76.37664144505634 76.05043688919528
canvas 0 3 137.89524109112847 132.74421998385648 122.21259544903057 116.35602244487382 109.90427673531715 95.52810876514653 76.02454566635159 70.02670913058226 68.99045086616961 71.516683091286 76.45099307576731 83.35271460172116 92.72907883550862 106.37270853507215 121.96458756891035 133.8340213457112 138.5276356599717 155.2721587820685 174.32459730816012 192.12644894711107 198.8019969598964 196.89355774955 193.31962603606647 188.20022201014783 134.17567094732829 125.67044540156613 113.17334199790106 103.0034951866615 95.27258550246543 85.43123014638054 77.40250959326283 76.11703405377799
canvas 0 4 128.29638359801538 123.43779684607019 117.6865309931091 112.16931590971959 104.69171139223047 92.64073599091145 81.68524463944699 77.37223070581963 75.78079131126077 76.14233590483526 79.59269619936263 86.75100368264948 97.43130616439193 111.1694665211039 124.30040192476254 134.81284634280675 151.35316148077712 155.4095759266213 161.36974755770672 171.54594290867294 182.0241113085978 186.89550575947658 183.89437606220594 167.34495430947268 128.77995246062758 118.10818428736667 106.96283005425595 103.86879671971755 100.55416699976439 94.85284036476257 89.13173567558934 86.34906006601207
canvas 0 5 108.47507238362019 108.67920707654122 108.91286809421776 108.53784946040533 100.44444096537599 91.8058063718078 85.07334284359683 81.09124608318359 79.5634405008893 82.71057488453243 90.16846157849449 102.25135925723755 123.13038935957901 145.016766388599 151.64315494293464 153.42080710976632 153.7003880015172 153.60671898553952 153.46749126870577 151.64108601103214 148.46569327010644 145.0346957069941 139.3787824539094 129.49097669083366 117.19773929916606 108.16892863898029 104.83465274990338 105.01028031355035 105.24643426219983 105.42153006232685 106.84056080097626 111.43052486413164
canvas 0 6 108.50015587065185 108.67194620814723 108.95199645137235 108.0581247915777 102.92185681636268 96.02773855431089 91.8647708521822 92.304451490439 93.7948331292649 97.95290160334618 104.72469866683093 116.28210287980981 137.9413513686982 148.30916505403601 151.54882730686893 153.3439797359546 153.76835007557517 153.71501676344644 143.44426830081866 125.26921140226219 117.99361672943206 116.16527773117839 115.92781390623736 115.92452810985029 107.34994637843191 104.4986388024748 104.66582179914357 104.88660128591297 105.13006640677636 108.18903996787168 127.51930958845196 136.55193111980645
canvas 0 7 108.54036934688635 108.58848609859616 111.04952310538145 111.25076213850274 111.18104783897674 111.06338338815682 111.11070922313705 111.75962997560951 110.18808210424932 110.55427605480209 114.95111532494909 122.39047725228934 139.3729149424661 146.9125462260408 148.90034898244858 149.32682563372336 150.15153134026446 142.20590033609685 116.60654790923918 106.48763977483648 105.82348766887617 109.94340512681025 115.26932244324982 113.19672498678013 103.64871359770864 103.91829355686684 104.34164106150692 104.67115311515565 105.77532241457723 123.0452423022071 143.23597520768996 148.7786717204139
canvas 0 8 108.68250127104908 109.76639079357787 110.9706119778325 111.48728012528613 111.10182635663833 110.87413248501119 114.03181391356293 120.98942715102122 125.4880040376053 124.0586199167028 124.54332082161694 128.77971019778568 142.46687782125127 146.11120135232724 148.58400140828098 148.35438560758496 140.665275874604 121.04423626665168 99.79640305454788 93.6793724397556 92.3065164823352 92.11444090582691 92.35047829292411 94.53532443238353 103.50103163753336 103.82648975594245 104.05166582195211 104.82517575342715 109.80380524676426 129.52697517848952 147.17653588848788 149.05564256452385
canvas 0 9 111.97263440050968 114.49594742687712 118.54360129242802 124.59090222685289 129.28271254993703 135.56512543746132 147.39711817400905 154.03239817440885 139.6698885077672 128.0124766332204 127.54127324637386 137.67575975219268 141.13508253033848 141.33354598373586 142.66749401220986 136.72017674471465 124.99721136100833 106.29181120155924 91.28756932226047 87.34414822985596 87.79641474507633 87.96394171044834 86.25932168306575 86.81217533137145 90.22503528435017 99.7290685306297 103.32231878606532 107.1581339765547 129.94104320283756 154.2032508610372 154.086775971309 153.94122090784504
canvas 0 10 118.98795857368549 119.64149781226666 125.98259759611273 133.2142263987101 139.92937792738124 154.35306120014616 178.08590289410634 189.32011870051264 188.60090730247927 184.9373946780054 174.7674095512867 153.86012368651546 140.91465980202264 132.42127873852806 113.44574204636343 102.22106754090963 96.23789250572736 82.16416970144769 71.35596317368267 70.888848140178 70.71808882923236 71.81549117961042 74.52674888828267 81.6774880490076 112.53078118363794 124.63984870027751 139.06852424677365 151.73785756075378 155.13945775446663 154.31559247220932 154.02944710417978 153.8154640286863
canvas 0 11 120.80499298635854 120.78423064695815 129.42260204383393 137.4706889750872 146.57161779891433 163.48130419818006 185.77459739812193 194.11195497825886 194.25020095783765 194.820096991843 195.0192098882974 166.93696306999388 138.78330128563746 111.23933729630579 95.65004742526243 93.88074724468237 80.15871109994433 72.05458154621286 70.36471660916825 67.49679516757023 65.56600378729563 65.59408838756858 65.5422502737047 65.3547336746817 124.62534969468575 144.22241102022147 159.28902481941708 161.703614636661 161.7819193802969 158.75509757411072 154.13100301001222 153.66815608133072
canvas 0 12 120.70462260189741 121.03754739132494 131.35831336304597 140.40886541980734 150.038767159577 165.86025430496056 186.00173278010922 194.0664309835325 194.10077237615232 195.16405126652174 195.16061061263588 171.82459191558883 135.10555209524 105.54060320116524 94.00442333466272 89.11071754625361 76.0938136589089 72.07191532104058 69.67022108857874 67.0043560790275 65.80696977359429 65.79331312987453 65.7615837841171 65.76677255567093 108.32944031791685 132.4091703351622 157.13650658589276 161.69609754999283 163.07517930628364 163.1489583547653 159.36156903922446 158.48663808281376
canvas 0 13 120.76823416547117 124.57971489876694 135.55142406361685 145.93454137863986 156.64460020051936 168.86239791073288 183.98125087402676 193.98173593640584 196.18463245358768 196.1831361570588 196.39530514168825 175.51159168247872 136.76140954591855 105.19235550789539 91.60158481258951 84.33945122705789 76.95232433274478 73.2783390339066 70.692012759238 67.50335968867088 65.97565848332047 65.88358421886389 65.85984688378699 66.96322323632396 119.56030852102725 137.34101767022617 154.32471709942848 160.94441216963955 163.02408807235392 162.95040816980708 159.220785986794 158.47966670677113
canvas 0 14 126.02105702223491 137.2518952712592 150.05958099802385 159.3624827448965 165.85583048517714 170.4604297663598 180.02704268019406 191.5152564309014 196.1347169227144 196.0141464989756 190.06668368363864 165.01298540804112 135.0165447905925 107.69954994545462 92.41579146359565 85.86822961052746 80.39313257996743 76.934976064473 75.01336335759632 70.18487315480141 66.04091537299382 65.79362145265242 67.24615064784106 87.5636403041611 126.64865788987771 138.38574818880997 149.1888424851553 154.21565070430555 148.63014142171474 140.34164320924583 140.72165077611797 141.9084544132512
canvas 0 15 158.98831660580586 159.9001344811569 161.8409702185531 165.49377288383067 167.7986979054051 169.36781404949673 171.67238755416088 176.88274358501317 149.41315282091642 142.04822019592646 137.78996301660266 135.80910955329486 127.32347259566293 109.84184795795356 96.40782495124304 94.06666562868708 94.13511432443691 94.26947706403323 95.34052242827411 100.33531568252613 98.96652731562804 99.02684467835786 106.7126463785932 112.20437281900665 109.5928734404866 109.77848427659518 110.56368882977804 111.2270114487072 116.1701354636568 126.86723818102388 138.74001766340731 141.7030790042984
canvas 0 16 161.1127358072048 161.43688324891494 163.45497330041115 166.02001687454035 167.6767517507527 168.18266038221532 163.68328581657764 142.24425545928094 140.90920661757173 138.8475338689682 136.2324294340295 129.89084296712284 116.98225596774854 106.7337379655637 97.67452323114165 94.30539975683112 93.98248853244338 94.07401741673038 108.86327501372551 118.64486550616698 120.96503491324276 122.33832973485343 123.70256317958038 120.93008809809079 110.84300382776354 110.97311132223075 111.12940880808243 112.74913107330373 113.08821577069644 114.43560288134022 131.67968659916738 141.6097848988687
canvas 0 17 160.6837476460469 160.82748162322795 162.15594561856858 164.0502547759055 164.55929336598842 162.61578191287606 140.45995827191624 130.95629566947136 131.9033510189961 131.44409738747586 127.8965013875039 120.0715947882091 114.62035501141281 108.81557841961283 100.82101107394524 95.23706575230553 93.69530110587287 97.68479104925439 126.56059282014449 139.12676182736084 138.7683842176272 137.41270240753354 134.5259704350922 130.09143249571525 110.83681462516715 110.88926609652529 113.69869320492126 113.56843426722295 113.18370743862903 112.97103715787634 113.08827470650067 113.00460054156137
canvas 0 18 159.5620906842519 159.03735951910122 159.9341555176271 162.49954507297005 160.22808445487132 147.75202355893842 130.42271185968897 120.75968174179377 120.2504956837257 118.78979218169987 116.66428562495364 115.67310136710645 115.63197355205966 113.40820298980734 108.20028907377495 101.31544306868669 95.97425651767453 112.12260322973819 140.64168309402334 140.48848256981495 140.3045960224934 140.05965123952 138.02828431140736 136.22636417249493 110.84050211398741 113.31914949904929 113.88276088226063 113.96002575321391 113.20886249029779 112.5912058285037 113.25298330305684 113.19756185282688
canvas 0 19 153.44396722686324 149.22607704871723 145.2756274057539 143.98965265423922 140.3430302884981 129.88392895393625 116.23721231323593 107.79608755040665 108.34592175601887 109.92906202873839 112.84559697514023 115.7249244981467 117.40480184235604 118.46130424094004 119.97332290117517 119.87325167781555 119.97035475305994 134.29911448197126 140.80761797406342 140.5022268323393 140.33443385113398 140.15127876732237 138.31920271855003 137.31171636585896 115.52344916535323 114.65999646207922 114.05399061701078 114.1093832402273 111.2240171348571 110.47235186541297 113.36782668639873 113.33789076735154
canvas 0 20 108.58149789786428 105.38489944569272 102.10781286026695 97.37177951336078 94.98711301584878 91.52357431575776 87.14659128957078 86.86513952057665 91.85916174822344 96.69439784295362 103.67854723648719 113.78884856058691 119.67326943846238 130.10273174965917 140.03125953817985 145.997610545203 154.8329428606028 151.06802453182377 142.27502458297178 140.58687830846273 140.34305965708623 139.9351680894538 138.2496222851288 136.4791795885134 121.20862927558709 117.95194983140493 114.19307178275187 104.89975495004335 104.8672187551497 105.7811885073981 113.40180763788305 124.30904361719276
canvas 0 21 100.26581758078157 100.34855369100924 88.25272133627175 80.62373018978798 76.96678770622964 74.47815908375276 73.42415814111277 74.16034296291087 78.05344106089754 82.32894591947078 90.01506041019854 107.52816469558354 126.61196889592964 147.34728247478472 156.83615717790522 163.44800670676554 171.4296957097905 167.10128028290148 146.8513782012593 140.99085983522508 140.53685340520087 140.2269468672107 138.16471435513347 135.2321077526854 125.20800921903337 122.6846157589661 116.33684678835075 104.86061181595831 102.59334631388298 102.6679056389521 114.12656380711819 124.29316288342206
canvas 0 22 100.31611750628731 96.89723852421102 81.20416806630543 73.07928321443161 67.40603587381322 66.66913956810522 66.71121064310088 67.10804137651822 69.4163275779992 70.98519743225282 75.3615208562581 96.29264962427162 130.36699789994287 156.49873990123197 165.46315295754601 169.60671750340796 177.57519897798656 177.53594742760637 155.25428576703493 147.87587111781377 146.0952742615933 144.11200538639318 139.61994871437773 135.08208847452718 126.55279798355274 126.09309172874686 122.49284425070888 106.33565247857769 102.47226954948798 102.59045311951735 108.74159141977893 123.9864096959292
canvas 0 23 97.30575628184553 93.85269162012841 75.55780279594877 66.24702651631443 66.1560264973985 66.0336364413504 65.86942755038513 65.66067979177694 68.16855747821454 68.26431456144935 68.35141422230657 87.89961414757221 130.72776982954542 160.48024967552004 167.68882443301766 171.9939557270518 177.60163186872742 177.56374923748405 159.98354849603052 151.05644854561942 151.28768666893515 151.53835346476112 142.6525594343239 135.9532001884359 126.81580008092156 126.82084405587736 126.8820941483126 109.91876896991647 102.20824715999498 102.08465924420378 102.04025816364191 101.82976048599382
constants method=tv centres_tested=8.627622486870601e-13 centres_reference=4.510791180808633e-14 tau=0.7035623639735145 sigma=0.17589059099337861 rho=1.0 root=0.9949874371066201 gamma_max=1.0 lipschitz=78.38367176906178 dual_lipschitz=11528.111033469459 dual_centres=0.0005274300502137627 weight_max=2.5e-06 dual_reach=4075.802743018852 dual_fixed=0.3780000000000001 xi_bound=78.38367176906178 xi_terms_bound=78.38367176906178 one_step=1.0 cells=1 vector_terms=2 tensor_terms=3 primal_terms=2324 dual_terms=776 dual_rounding=4
start SI0=5225.495230099904 Sp0=26.77330169981759 Sr0=0.0
majorant 0 Ma=103.7337951137601 McenA=7.770857869983916e-19 McenR=5.725048630334757e-20 Md=47.05303046897899 Mf=24150.721844966643 Mg=82.21318685211234 Mi=5230.201649760111 Mmean=0.0 Mp=26.78235805245484 Mphi=3522.9744534028414 Mput=0.0 Mq=620.0635429111688 Mx=3524.821497073535
recordbound 0 Dabs=23475.181090604165 Lcen=0.000169817316097241 Lzeta=0.000169817316097241 P=9365.34894415115 Zdot=1056337.1091648329
recordbound 1 Dabs=23333.543833513286 Lcen=0.00017049442204606009 Lzeta=0.00017049442204606009 P=9358.388590033761 Zdot=1056780.873427854
stop 1 iterations
tolerance canvas 1.224413658628239e-10
tolerance record 0 6.197295019404138e-09 3.689708665117212e-08 7.073651765338797e-08
tolerance record 1 1.4426904579850885e-08 3.68934948880627e-08 1.5890394443486734e-06
