# A conformance case of JPEG-Unround, written by conformance/generate.py: the quantized
# coefficients of a picture and the options of its reconstruction; what the Python
# implementation made of them; the exact centres; and what bounds the rounding of that
# run, from which conformance/bounds.py computes the tolerances at the end (docs/math.md, 9).
# Each line is a keyword and its values. Numbers are decimal, each double the shortest
# decimal that reads back as it; an exact centre is hi:lo, two doubles whose sum is the
# value to about 2^-106 of it.
name grey-subgradient
picture 21 30 grayscale
component 0 1 1 3 4
table 0 32 22 20 32 48 80 102 122 24 24 28 38 52 116 120 110 28 26 32 48 80 114 138 112 28 34 44 58 102 174 160 124 36 44 74 112 136 218 206 154 48 70 110 128 162 208 226 184 98 128 156 174 206 242 240 202 144 184 190 196 224 200 206 198
levels 0 0 -6 7 -2 1 0 0 0 0 1 4 -1 1 0 0 0 0 0 -1 0 0 0 0 0 0 -1 0 0 0 0 0 0 0 1 0 0 0 0 0 0 0 0 0 0 0 0 0 0 0 0 0 0 0 0 0 0 0 0 0 0 0 0 0 0 0 -6 -9 1 0 0 0 0 0 -5 0 0 -1 0 0 0 0 2 0 0 0 0 0 0 0 0 0 0 0 0 0 0 0 -1 1 0 0 0 0 0 0 0 0 0 0 0 0 0 0 0 0 0 0 0 0 0 0 0 0 0 0 0 0 0 0 9 -2 -3 0 0 0 0 0 8 -4 -3 -1 0 0 0 0 -3 2 1 0 0 0 0 0 0 1 0 0 0 0 0 0 0 -1 0 0 0 0 0 0 0 0 0 0 0 0 0 0 0 0 0 0 0 0 0 0 0 0 0 0 0 0 0 0 -6 4 2 0 0 0 0 0 -2 5 -1 0 0 0 0 0 1 -2 0 0 0 0 0 0 0 0 0 0 0 0 0 0 0 0 0 0 0 0 0 0 0 0 0 0 0 0 0 0 0 0 0 0 0 0 0 0 0 0 0 0 0 0 0 0
levels 0 1 5 -7 1 -1 0 0 0 0 -5 1 0 0 0 0 0 0 -1 3 -1 0 0 0 0 0 -2 0 0 0 0 0 0 0 0 1 0 0 0 0 0 0 0 0 0 0 0 0 0 0 0 0 0 0 0 0 0 0 0 0 0 0 0 0 0 0 4 10 -1 0 0 0 0 0 0 -5 1 1 0 0 0 0 -2 -5 0 1 0 0 0 0 1 0 0 0 0 0 0 0 -1 -1 0 0 0 0 0 0 1 1 0 0 0 0 0 0 0 0 0 0 0 0 0 0 0 0 0 0 0 0 0 0 -12 2 2 0 0 0 0 0 2 2 1 1 0 0 0 0 4 0 0 0 0 0 0 0 -1 1 0 0 0 0 0 0 1 0 0 0 0 0 0 0 -1 0 0 0 0 0 0 0 0 0 0 0 0 0 0 0 0 0 0 0 0 0 0 0 3 -5 -2 0 0 0 0 0 -1 -1 1 0 0 0 0 0 -4 -1 2 0 0 0 0 0 1 0 0 0 0 0 0 0 -1 0 0 0 0 0 0 0 1 1 0 0 0 0 0 0 0 0 0 0 0 0 0 0 0 0 0 0 0 0 0 0
levels 0 2 -3 4 -1 1 0 0 0 0 12 -1 -2 0 0 0 0 0 0 0 0 0 0 0 0 0 -1 -1 0 0 0 0 0 0 0 0 0 0 0 0 0 0 1 0 0 0 0 0 0 0 0 0 0 0 0 0 0 0 0 0 0 0 0 0 0 0 -3 -5 0 1 0 0 0 0 0 8 -1 -1 0 0 0 0 0 0 0 0 0 0 0 0 1 0 0 0 0 0 0 0 0 0 0 0 0 0 0 0 0 0 0 0 0 0 0 0 0 0 0 0 0 0 0 0 0 0 0 0 0 0 0 0 3 0 -1 0 0 0 0 0 -5 -4 -2 -1 0 0 0 0 0 0 0 0 0 0 0 0 -1 1 1 0 0 0 0 0 0 0 0 0 0 0 0 0 0 0 0 0 0 0 0 0 0 0 0 0 0 0 0 0 0 0 0 0 0 0 0 0 -4 0 2 -1 0 0 0 0 0 -2 -1 0 0 0 0 0 0 0 0 0 0 0 0 0 0 -1 1 0 0 0 0 0 0 0 0 0 0 0 0 0 0 0 0 0 0 0 0 0 0 0 0 0 0 0 0 0 0 0 0 0 0 0 0 0
options --method subgradient --alpha 1.0 --alpha1 1.0 --alpha0 2.0 --channels coupled --mu 0.001 --mu-scale 1.0 --mu-power 1.0 --weight-power 2.0 --dc-weight 0.0 --centres mmse --slack 0.0 --slack-cost 0.0 --relative-tolerance 0.0 --partial-tolerance 0.0 --step-product 0.99 --record-every 10 --free-radius 255.0 --subgradient-iterations 15 --subgradient-record-every 1 --subgradient-step 0.5 --subgradient-decay 0.5
weights 0 0.0 2.066115702479339e-06 2.5e-06 9.765625e-07 4.340277777777778e-07 1.5625e-07 9.611687812379854e-08 6.718624025799516e-08 1.7361111111111112e-06 1.7361111111111112e-06 1.2755102040816327e-06 6.925207756232687e-07 3.698224852071006e-07 7.431629013079668e-08 6.944444444444444e-08 8.264462809917355e-08 1.2755102040816327e-06 1.4792899408284024e-06 9.765625e-07 4.340277777777778e-07 1.5625e-07 7.694675284702986e-08 5.2509976895610165e-08 7.971938775510204e-08 1.2755102040816327e-06 8.650519031141868e-07 5.165289256198347e-07 2.972651605231867e-07 9.611687812379854e-08 3.3029462280354074e-08 3.90625e-08 6.503642039542144e-08 7.71604938271605e-07 5.165289256198347e-07 1.8261504747991236e-07 7.971938775510204e-08 5.4065743944636676e-08 2.1041999831664e-08 2.3564897728343858e-08 4.2165626581210995e-08 4.340277777777778e-07 2.0408163265306124e-07 8.264462809917355e-08 6.103515625e-08 3.8103947568968145e-08 2.3113905325443787e-08 1.95786670843449e-08 2.953686200378072e-08 1.0412328196584757e-07 6.103515625e-08 4.10913872452334e-08 3.3029462280354074e-08 2.3564897728343858e-08 1.707533638412677e-08 1.736111111111111e-08 2.450740123517302e-08 4.822530864197531e-08 2.953686200378072e-08 2.7700831024930747e-08 2.6030820491461892e-08 1.992984693877551e-08 2.5e-08 2.3564897728343858e-08 2.5507601265177022e-08
lower 0 0 816.0 143.0 -50.0 16.0 -24.0 -40.0 -51.0 -61.0 12.0 84.0 -42.0 19.0 -26.0 -58.0 -60.0 -55.0 -14.0 -39.0 -16.0 -24.0 -40.0 -57.0 -69.0 -56.0 -42.0 -17.0 -22.0 -29.0 -51.0 -87.0 -80.0 -62.0 18.0 -22.0 -37.0 -56.0 -68.0 -109.0 -103.0 -77.0 -24.0 -35.0 -55.0 -64.0 -81.0 -104.0 -113.0 -92.0 -49.0 -64.0 -78.0 -87.0 -103.0 -121.0 -120.0 -101.0 -72.0 -92.0 -95.0 -98.0 -112.0 -100.0 -103.0 -99.0 816.0 -209.0 10.0 -16.0 -24.0 -40.0 -51.0 -61.0 -132.0 -12.0 -14.0 -57.0 -26.0 -58.0 -60.0 -55.0 42.0 -13.0 -16.0 -24.0 -40.0 -57.0 -69.0 -56.0 -14.0 -17.0 -22.0 -29.0 -51.0 -87.0 -80.0 -62.0 -54.0 22.0 -37.0 -56.0 -68.0 -109.0 -103.0 -77.0 -24.0 -35.0 -55.0 -64.0 -81.0 -104.0 -113.0 -92.0 -49.0 -64.0 -78.0 -87.0 -103.0 -121.0 -120.0 -101.0 -72.0 -92.0 -95.0 -98.0 -112.0 -100.0 -103.0 -99.0 1296.0 -55.0 -70.0 -16.0 -24.0 -40.0 -51.0 -61.0 180.0 -108.0 -98.0 -57.0 -26.0 -58.0 -60.0 -55.0 -98.0 39.0 16.0 -24.0 -40.0 -57.0 -69.0 -56.0 -14.0 17.0 -22.0 -29.0 -51.0 -87.0 -80.0 -62.0 -18.0 -66.0 -37.0 -56.0 -68.0 -109.0 -103.0 -77.0 -24.0 -35.0 -55.0 -64.0 -81.0 -104.0 -113.0 -92.0 -49.0 -64.0 -78.0 -87.0 -103.0 -121.0 -120.0 -101.0 -72.0 -92.0 -95.0 -98.0 -112.0 -100.0 -103.0 -99.0 816.0 77.0 30.0 -16.0 -24.0 -40.0 -51.0 -61.0 -60.0 108.0 -42.0 -19.0 -26.0 -58.0 -60.0 -55.0 14.0 -65.0 -16.0 -24.0 -40.0 -57.0 -69.0 -56.0 -14.0 -17.0 -22.0 -29.0 -51.0 -87.0 -80.0 -62.0 -18.0 -22.0 -37.0 -56.0 -68.0 -109.0 -103.0 -77.0 -24.0 -35.0 -55.0 -64.0 -81.0 -104.0 -113.0 -92.0 -49.0 -64.0 -78.0 -87.0 -103.0 -121.0 -120.0 -101.0 -72.0 -92.0 -95.0 -98.0 -112.0 -100.0 -103.0 -99.0
lower 0 1 1168.0 -165.0 10.0 -48.0 -24.0 -40.0 -51.0 -61.0 -132.0 12.0 -14.0 -19.0 -26.0 -58.0 -60.0 -55.0 -42.0 65.0 -48.0 -24.0 -40.0 -57.0 -69.0 -56.0 -70.0 -17.0 -22.0 -29.0 -51.0 -87.0 -80.0 -62.0 -18.0 22.0 -37.0 -56.0 -68.0 -109.0 -103.0 -77.0 -24.0 -35.0 -55.0 -64.0 -81.0 -104.0 -113.0 -92.0 -49.0 -64.0 -78.0 -87.0 -103.0 -121.0 -120.0 -101.0 -72.0 -92.0 -95.0 -98.0 -112.0 -100.0 -103.0 -99.0 1136.0 209.0 -30.0 -16.0 -24.0 -40.0 -51.0 -61.0 -12.0 -132.0 14.0 19.0 -26.0 -58.0 -60.0 -55.0 -70.0 -143.0 -16.0 24.0 -40.0 -57.0 -69.0 -56.0 14.0 -17.0 -22.0 -29.0 -51.0 -87.0 -80.0 -62.0 -54.0 -66.0 -37.0 -56.0 -68.0 -109.0 -103.0 -77.0 24.0 35.0 -55.0 -64.0 -81.0 -104.0 -113.0 -92.0 -49.0 -64.0 -78.0 -87.0 -103.0 -121.0 -120.0 -101.0 -72.0 -92.0 -95.0 -98.0 -112.0 -100.0 -103.0 -99.0 624.0 33.0 30.0 -16.0 -24.0 -40.0 -51.0 -61.0 36.0 36.0 14.0 19.0 -26.0 -58.0 -60.0 -55.0 98.0 -13.0 -16.0 -24.0 -40.0 -57.0 -69.0 -56.0 -42.0 17.0 -22.0 -29.0 -51.0 -87.0 -80.0 -62.0 18.0 -22.0 -37.0 -56.0 -68.0 -109.0 -103.0 -77.0 -72.0 -35.0 -55.0 -64.0 -81.0 -104.0 -113.0 -92.0 -49.0 -64.0 -78.0 -87.0 -103.0 -121.0 -120.0 -101.0 -72.0 -92.0 -95.0 -98.0 -112.0 -100.0 -103.0 -99.0 1104.0 -121.0 -50.0 -16.0 -24.0 -40.0 -51.0 -61.0 -36.0 -36.0 14.0 -19.0 -26.0 -58.0 -60.0 -55.0 -126.0 -39.0 48.0 -24.0 -40.0 -57.0 -69.0 -56.0 14.0 -17.0 -22.0 -29.0 -51.0 -87.0 -80.0 -62.0 -54.0 -22.0 -37.0 -56.0 -68.0 -109.0 -103.0 -77.0 24.0 35.0 -55.0 -64.0 -81.0 -104.0 -113.0 -92.0 -49.0 -64.0 -78.0 -87.0 -103.0 -121.0 -120.0 -101.0 -72.0 -92.0 -95.0 -98.0 -112.0 -100.0 -103.0 -99.0
lower 0 2 912.0 77.0 -30.0 16.0 -24.0 -40.0 -51.0 -61.0 276.0 -36.0 -70.0 -19.0 -26.0 -58.0 -60.0 -55.0 -14.0 -13.0 -16.0 -24.0 -40.0 -57.0 -69.0 -56.0 -42.0 -51.0 -22.0 -29.0 -51.0 -87.0 -80.0 -62.0 -18.0 -22.0 -37.0 -56.0 -68.0 -109.0 -103.0 -77.0 24.0 -35.0 -55.0 -64.0 -81.0 -104.0 -113.0 -92.0 -49.0 -64.0 -78.0 -87.0 -103.0 -121.0 -120.0 -101.0 -72.0 -92.0 -95.0 -98.0 -112.0 -100.0 -103.0 -99.0 912.0 -121.0 -10.0 16.0 -24.0 -40.0 -51.0 -61.0 -12.0 180.0 -42.0 -57.0 -26.0 -58.0 -60.0 -55.0 -14.0 -13.0 -16.0 -24.0 -40.0 -57.0 -69.0 -56.0 14.0 -17.0 -22.0 -29.0 -51.0 -87.0 -80.0 -62.0 -18.0 -22.0 -37.0 -56.0 -68.0 -109.0 -103.0 -77.0 -24.0 -35.0 -55.0 -64.0 -81.0 -104.0 -113.0 -92.0 -49.0 -64.0 -78.0 -87.0 -103.0 -121.0 -120.0 -101.0 -72.0 -92.0 -95.0 -98.0 -112.0 -100.0 -103.0 -99.0 1104.0 -11.0 -30.0 -16.0 -24.0 -40.0 -51.0 -61.0 -132.0 -108.0 -70.0 -57.0 -26.0 -58.0 -60.0 -55.0 -14.0 -13.0 -16.0 -24.0 -40.0 -57.0 -69.0 -56.0 -42.0 17.0 22.0 -29.0 -51.0 -87.0 -80.0 -62.0 -18.0 -22.0 -37.0 -56.0 -68.0 -109.0 -103.0 -77.0 -24.0 -35.0 -55.0 -64.0 -81.0 -104.0 -113.0 -92.0 -49.0 -64.0 -78.0 -87.0 -103.0 -121.0 -120.0 -101.0 -72.0 -92.0 -95.0 -98.0 -112.0 -100.0 -103.0 -99.0 880.0 -11.0 30.0 -48.0 -24.0 -40.0 -51.0 -61.0 -12.0 -60.0 -42.0 -19.0 -26.0 -58.0 -60.0 -55.0 -14.0 -13.0 -16.0 -24.0 -40.0 -57.0 -69.0 -56.0 -14.0 -51.0 22.0 -29.0 -51.0 -87.0 -80.0 -62.0 -18.0 -22.0 -37.0 -56.0 -68.0 -109.0 -103.0 -77.0 -24.0 -35.0 -55.0 -64.0 -81.0 -104.0 -113.0 -92.0 -49.0 -64.0 -78.0 -87.0 -103.0 -121.0 -120.0 -101.0 -72.0 -92.0 -95.0 -98.0 -112.0 -100.0 -103.0 -99.0
upper 0 0 848.0 165.0 -30.0 48.0 24.0 40.0 51.0 61.0 36.0 108.0 -14.0 57.0 26.0 58.0 60.0 55.0 14.0 -13.0 16.0 24.0 40.0 57.0 69.0 56.0 -14.0 17.0 22.0 29.0 51.0 87.0 80.0 62.0 54.0 22.0 37.0 56.0 68.0 109.0 103.0 77.0 24.0 35.0 55.0 64.0 81.0 104.0 113.0 92.0 49.0 64.0 78.0 87.0 103.0 121.0 120.0 101.0 72.0 92.0 95.0 98.0 112.0 100.0 103.0 99.0 848.0 -187.0 30.0 16.0 24.0 40.0 51.0 61.0 -108.0 12.0 14.0 -19.0 26.0 58.0 60.0 55.0 70.0 13.0 16.0 24.0 40.0 57.0 69.0 56.0 14.0 17.0 22.0 29.0 51.0 87.0 80.0 62.0 -18.0 66.0 37.0 56.0 68.0 109.0 103.0 77.0 24.0 35.0 55.0 64.0 81.0 104.0 113.0 92.0 49.0 64.0 78.0 87.0 103.0 121.0 120.0 101.0 72.0 92.0 95.0 98.0 112.0 100.0 103.0 99.0 1328.0 -33.0 -50.0 16.0 24.0 40.0 51.0 61.0 204.0 -84.0 -70.0 -19.0 26.0 58.0 60.0 55.0 -70.0 65.0 48.0 24.0 40.0 57.0 69.0 56.0 14.0 51.0 22.0 29.0 51.0 87.0 80.0 62.0 18.0 -22.0 37.0 56.0 68.0 109.0 103.0 77.0 24.0 35.0 55.0 64.0 81.0 104.0 113.0 92.0 49.0 64.0 78.0 87.0 103.0 121.0 120.0 101.0 72.0 92.0 95.0 98.0 112.0 100.0 103.0 99.0 848.0 99.0 50.0 16.0 24.0 40.0 51.0 61.0 -36.0 132.0 -14.0 19.0 26.0 58.0 60.0 55.0 42.0 -39.0 16.0 24.0 40.0 57.0 69.0 56.0 14.0 17.0 22.0 29.0 51.0 87.0 80.0 62.0 18.0 22.0 37.0 56.0 68.0 109.0 103.0 77.0 24.0 35.0 55.0 64.0 81.0 104.0 113.0 92.0 49.0 64.0 78.0 87.0 103.0 121.0 120.0 101.0 72.0 92.0 95.0 98.0 112.0 100.0 103.0 99.0
upper 0 1 1200.0 -143.0 30.0 -16.0 24.0 40.0 51.0 61.0 -108.0 36.0 14.0 19.0 26.0 58.0 60.0 55.0 -14.0 91.0 -16.0 24.0 40.0 57.0 69.0 56.0 -42.0 17.0 22.0 29.0 51.0 87.0 80.0 62.0 18.0 66.0 37.0 56.0 68.0 109.0 103.0 77.0 24.0 35.0 55.0 64.0 81.0 104.0 113.0 92.0 49.0 64.0 78.0 87.0 103.0 121.0 120.0 101.0 72.0 92.0 95.0 98.0 112.0 100.0 103.0 99.0 1168.0 231.0 -10.0 16.0 24.0 40.0 51.0 61.0 12.0 -108.0 42.0 57.0 26.0 58.0 60.0 55.0 -42.0 -117.0 16.0 72.0 40.0 57.0 69.0 56.0 42.0 17.0 22.0 29.0 51.0 87.0 80.0 62.0 -18.0 -22.0 37.0 56.0 68.0 109.0 103.0 77.0 72.0 105.0 55.0 64.0 81.0 104.0 113.0 92.0 49.0 64.0 78.0 87.0 103.0 121.0 120.0 101.0 72.0 92.0 95.0 98.0 112.0 100.0 103.0 99.0 656.0 55.0 50.0 16.0 24.0 40.0 51.0 61.0 60.0 60.0 42.0 57.0 26.0 58.0 60.0 55.0 126.0 13.0 16.0 24.0 40.0 57.0 69.0 56.0 -14.0 51.0 22.0 29.0 51.0 87.0 80.0 62.0 54.0 22.0 37.0 56.0 68.0 109.0 103.0 77.0 -24.0 35.0 55.0 64.0 81.0 104.0 113.0 92.0 49.0 64.0 78.0 87.0 103.0 121.0 120.0 101.0 72.0 92.0 95.0 98.0 112.0 100.0 103.0 99.0 1136.0 -99.0 -30.0 16.0 24.0 40.0 51.0 61.0 -12.0 -12.0 42.0 19.0 26.0 58.0 60.0 55.0 -98.0 -13.0 80.0 24.0 40.0 57.0 69.0 56.0 42.0 17.0 22.0 29.0 51.0 87.0 80.0 62.0 -18.0 22.0 37.0 56.0 68.0 109.0 103.0 77.0 72.0 105.0 55.0 64.0 81.0 104.0 113.0 92.0 49.0 64.0 78.0 87.0 103.0 121.0 120.0 101.0 72.0 92.0 95.0 98.0 112.0 100.0 103.0 99.0
upper 0 2 944.0 99.0 -10.0 48.0 24.0 40.0 51.0 61.0 300.0 -12.0 -42.0 19.0 26.0 58.0 60.0 55.0 14.0 13.0 16.0 24.0 40.0 57.0 69.0 56.0 -14.0 -17.0 22.0 29.0 51.0 87.0 80.0 62.0 18.0 22.0 37.0 56.0 68.0 109.0 103.0 77.0 72.0 35.0 55.0 64.0 81.0 104.0 113.0 92.0 49.0 64.0 78.0 87.0 103.0 121.0 120.0 101.0 72.0 92.0 95.0 98.0 112.0 100.0 103.0 99.0 944.0 -99.0 10.0 48.0 24.0 40.0 51.0 61.0 12.0 204.0 -14.0 -19.0 26.0 58.0 60.0 55.0 14.0 13.0 16.0 24.0 40.0 57.0 69.0 56.0 42.0 17.0 22.0 29.0 51.0 87.0 80.0 62.0 18.0 22.0 37.0 56.0 68.0 109.0 103.0 77.0 24.0 35.0 55.0 64.0 81.0 104.0 113.0 92.0 49.0 64.0 78.0 87.0 103.0 121.0 120.0 101.0 72.0 92.0 95.0 98.0 112.0 100.0 103.0 99.0 1136.0 11.0 -10.0 16.0 24.0 40.0 51.0 61.0 -108.0 -84.0 -42.0 -19.0 26.0 58.0 60.0 55.0 14.0 13.0 16.0 24.0 40.0 57.0 69.0 56.0 -14.0 51.0 66.0 29.0 51.0 87.0 80.0 62.0 18.0 22.0 37.0 56.0 68.0 109.0 103.0 77.0 24.0 35.0 55.0 64.0 81.0 104.0 113.0 92.0 49.0 64.0 78.0 87.0 103.0 121.0 120.0 101.0 72.0 92.0 95.0 98.0 112.0 100.0 103.0 99.0 912.0 11.0 50.0 -16.0 24.0 40.0 51.0 61.0 12.0 -36.0 -14.0 19.0 26.0 58.0 60.0 55.0 14.0 13.0 16.0 24.0 40.0 57.0 69.0 56.0 14.0 -17.0 66.0 29.0 51.0 87.0 80.0 62.0 18.0 22.0 37.0 56.0 68.0 109.0 103.0 77.0 24.0 35.0 55.0 64.0 81.0 104.0 113.0 92.0 49.0 64.0 78.0 87.0 103.0 121.0 120.0 101.0 72.0 92.0 95.0 98.0 112.0 100.0 103.0 99.0
centres 0 0 832.0 153.60255580020547 -38.87336483449439 26.69226062420509 -0.0 -0.0 -0.0 -0.0 23.42270543668469 95.35154304291041 -25.988355002375418 32.91254725390694 -0.0 -0.0 -0.0 -0.0 -0.0 -24.28539510050995 -0.0 -0.0 -0.0 -0.0 -0.0 -0.0 -24.986518189902093 -0.0 -0.0 -0.0 -0.0 -0.0 -0.0 -0.0 30.028793202230727 -0.0 -0.0 -0.0 -0.0 -0.0 -0.0 -0.0 -0.0 -0.0 -0.0 -0.0 -0.0 -0.0 -0.0 -0.0 -0.0 -0.0 -0.0 -0.0 -0.0 -0.0 -0.0 -0.0 -0.0 -0.0 -0.0 -0.0 -0.0 -0.0 -0.0 -0.0 832.0 -197.6025558002055 18.87336483449439 -0.0 -0.0 -0.0 -0.0 -0.0 -119.42270543668468 -0.0 -0.0 -32.91254725390694 -0.0 -0.0 -0.0 -0.0 54.43783125476628 -0.0 -0.0 -0.0 -0.0 -0.0 -0.0 -0.0 -0.0 -0.0 -0.0 -0.0 -0.0 -0.0 -0.0 -0.0 -30.028793202230727 35.73027445971005 -0.0 -0.0 -0.0 -0.0 -0.0 -0.0 -0.0 -0.0 -0.0 -0.0 -0.0 -0.0 -0.0 -0.0 -0.0 -0.0 -0.0 -0.0 -0.0 -0.0 -0.0 -0.0 -0.0 -0.0 -0.0 -0.0 -0.0 -0.0 -0.0 -0.0 1312.0 -43.60255580020548 -58.87336483449439 -0.0 -0.0 -0.0 -0.0 -0.0 191.42270543668468 -95.35154304291041 -81.98835500237543 -32.91254725390694 -0.0 -0.0 -0.0 -0.0 -82.43783125476628 50.28539510050995 26.43440848163393 -0.0 -0.0 -0.0 -0.0 -0.0 -0.0 28.36052691321791 -0.0 -0.0 -0.0 -0.0 -0.0 -0.0 -0.0 -35.73027445971005 -0.0 -0.0 -0.0 -0.0 -0.0 -0.0 -0.0 -0.0 -0.0 -0.0 -0.0 -0.0 -0.0 -0.0 -0.0 -0.0 -0.0 -0.0 -0.0 -0.0 -0.0 -0.0 -0.0 -0.0 -0.0 -0.0 -0.0 -0.0 -0.0 -0.0 832.0 87.60255580020548 38.87336483449439 -0.0 -0.0 -0.0 -0.0 -0.0 -47.422705436684694 119.35154304291041 -25.988355002375418 -0.0 -0.0 -0.0 -0.0 -0.0 26.437831254766284 -50.28539510050995 -0.0 -0.0 -0.0 -0.0 -0.0 -0.0 -0.0 -0.0 -0.0 -0.0 -0.0 -0.0 -0.0 -0.0 -0.0 -0.0 -0.0 -0.0 -0.0 -0.0 -0.0 -0.0 -0.0 -0.0 -0.0 -0.0 -0.0 -0.0 -0.0 -0.0 -0.0 -0.0 -0.0 -0.0 -0.0 -0.0 -0.0 -0.0 -0.0 -0.0 -0.0 -0.0 -0.0 -0.0 -0.0 -0.0
centres 0 1 1184.0 -153.60255580020547 18.87336483449439 -26.69226062420509 -0.0 -0.0 -0.0 -0.0 -119.42270543668468 23.3515430429104 -0.0 -0.0 -0.0 -0.0 -0.0 -0.0 -26.437831254766284 76.28539510050996 -26.43440848163393 -0.0 -0.0 -0.0 -0.0 -0.0 -52.98651818990209 -0.0 -0.0 -0.0 -0.0 -0.0 -0.0 -0.0 -0.0 35.73027445971005 -0.0 -0.0 -0.0 -0.0 -0.0 -0.0 -0.0 -0.0 -0.0 -0.0 -0.0 -0.0 -0.0 -0.0 -0.0 -0.0 -0.0 -0.0 -0.0 -0.0 -0.0 -0.0 -0.0 -0.0 -0.0 -0.0 -0.0 -0.0 -0.0 -0.0 1152.0 219.6025558002055 -18.87336483449439 -0.0 -0.0 -0.0 -0.0 -0.0 -0.0 -119.35154304291041 25.988355002375418 32.91254725390694 -0.0 -0.0 -0.0 -0.0 -54.43783125476628 -128.28539510050996 -0.0 33.2823531006096 -0.0 -0.0 -0.0 -0.0 24.986518189902093 -0.0 -0.0 -0.0 -0.0 -0.0 -0.0 -0.0 -30.028793202230727 -35.73027445971005 -0.0 -0.0 -0.0 -0.0 -0.0 -0.0 38.978481228774605 52.23324117812485 -0.0 -0.0 -0.0 -0.0 -0.0 -0.0 -0.0 -0.0 -0.0 -0.0 -0.0 -0.0 -0.0 -0.0 -0.0 -0.0 -0.0 -0.0 -0.0 -0.0 -0.0 -0.0 640.0 43.60255580020548 38.87336483449439 -0.0 -0.0 -0.0 -0.0 -0.0 47.422705436684694 47.3515430429104 25.988355002375418 32.91254725390694 -0.0 -0.0 -0.0 -0.0 110.43783125476628 -0.0 -0.0 -0.0 -0.0 -0.0 -0.0 -0.0 -24.986518189902093 28.36052691321791 -0.0 -0.0 -0.0 -0.0 -0.0 -0.0 30.028793202230727 -0.0 -0.0 -0.0 -0.0 -0.0 -0.0 -0.0 -38.978481228774605 -0.0 -0.0 -0.0 -0.0 -0.0 -0.0 -0.0 -0.0 -0.0 -0.0 -0.0 -0.0 -0.0 -0.0 -0.0 -0.0 -0.0 -0.0 -0.0 -0.0 -0.0 -0.0 -0.0 1120.0 -109.60255580020548 -38.87336483449439 -0.0 -0.0 -0.0 -0.0 -0.0 -23.42270543668469 -23.3515430429104 25.988355002375418 -0.0 -0.0 -0.0 -0.0 -0.0 -110.43783125476628 -24.28539510050995 58.43440848163393 -0.0 -0.0 -0.0 -0.0 -0.0 24.986518189902093 -0.0 -0.0 -0.0 -0.0 -0.0 -0.0 -0.0 -30.028793202230727 -0.0 -0.0 -0.0 -0.0 -0.0 -0.0 -0.0 38.978481228774605 52.23324117812485 -0.0 -0.0 -0.0 -0.0 -0.0 -0.0 -0.0 -0.0 -0.0 -0.0 -0.0 -0.0 -0.0 -0.0 -0.0 -0.0 -0.0 -0.0 -0.0 -0.0 -0.0 -0.0
centres 0 2 928.0 87.60255580020548 -18.87336483449439 26.69226062420509 -0.0 -0.0 -0.0 -0.0 287.4227054366847 -23.3515430429104 -53.988355002375414 -0.0 -0.0 -0.0 -0.0 -0.0 -0.0 -0.0 -0.0 -0.0 -0.0 -0.0 -0.0 -0.0 -24.986518189902093 -28.36052691321791 -0.0 -0.0 -0.0 -0.0 -0.0 -0.0 -0.0 -0.0 -0.0 -0.0 -0.0 -0.0 -0.0 -0.0 38.978481228774605 -0.0 -0.0 -0.0 -0.0 -0.0 -0.0 -0.0 -0.0 -0.0 -0.0 -0.0 -0.0 -0.0 -0.0 -0.0 -0.0 -0.0 -0.0 -0.0 -0.0 -0.0 -0.0 -0.0 928.0 -109.60255580020548 -0.0 26.69226062420509 -0.0 -0.0 -0.0 -0.0 -0.0 191.3515430429104 -25.988355002375418 -32.91254725390694 -0.0 -0.0 -0.0 -0.0 -0.0 -0.0 -0.0 -0.0 -0.0 -0.0 -0.0 -0.0 24.986518189902093 -0.0 -0.0 -0.0 -0.0 -0.0 -0.0 -0.0 -0.0 -0.0 -0.0 -0.0 -0.0 -0.0 -0.0 -0.0 -0.0 -0.0 -0.0 -0.0 -0.0 -0.0 -0.0 -0.0 -0.0 -0.0 -0.0 -0.0 -0.0 -0.0 -0.0 -0.0 -0.0 -0.0 -0.0 -0.0 -0.0 -0.0 -0.0 -0.0 1120.0 -0.0 -18.87336483449439 -0.0 -0.0 -0.0 -0.0 -0.0 -119.42270543668468 -95.35154304291041 -53.988355002375414 -32.91254725390694 -0.0 -0.0 -0.0 -0.0 -0.0 -0.0 -0.0 -0.0 -0.0 -0.0 -0.0 -0.0 -24.986518189902093 28.36052691321791 32.83232302624991 -0.0 -0.0 -0.0 -0.0 -0.0 -0.0 -0.0 -0.0 -0.0 -0.0 -0.0 -0.0 -0.0 -0.0 -0.0 -0.0 -0.0 -0.0 -0.0 -0.0 -0.0 -0.0 -0.0 -0.0 -0.0 -0.0 -0.0 -0.0 -0.0 -0.0 -0.0 -0.0 -0.0 -0.0 -0.0 -0.0 -0.0 896.0 -0.0 38.87336483449439 -26.69226062420509 -0.0 -0.0 -0.0 -0.0 -0.0 -47.3515430429104 -25.988355002375418 -0.0 -0.0 -0.0 -0.0 -0.0 -0.0 -0.0 -0.0 -0.0 -0.0 -0.0 -0.0 -0.0 -0.0 -28.36052691321791 32.83232302624991 -0.0 -0.0 -0.0 -0.0 -0.0 -0.0 -0.0 -0.0 -0.0 -0.0 -0.0 -0.0 -0.0 -0.0 -0.0 -0.0 -0.0 -0.0 -0.0 -0.0 -0.0 -0.0 -0.0 -0.0 -0.0 -0.0 -0.0 -0.0 -0.0 -0.0 -0.0 -0.0 -0.0 -0.0 -0.0 -0.0 -0.0
exact-centres 0 0 832.0:0.0 153.60255580020547:1.2404569734847118e-14 -38.87336483449439:-1.370217104995141e-15 26.69226062420509:9.637418503739353e-16 0.0:0.0 0.0:0.0 0.0:0.0 0.0:0.0 23.42270543668469:-6.723371064939219e-16 95.35154304291041:-6.410752176652355e-15 -25.988355002375418:3.1319374914243737e-17 32.91254725390694:1.8472168117940735e-15 0.0:0.0 0.0:0.0 0.0:0.0 0.0:0.0 0.0:0.0 -24.28539510050995:2.178036119819037e-16 0.0:0.0 0.0:0.0 0.0:0.0 0.0:0.0 0.0:0.0 0.0:0.0 -24.986518189902093:7.127319884511698e-16 0.0:0.0 0.0:0.0 0.0:0.0 0.0:0.0 0.0:0.0 0.0:0.0 0.0:0.0 30.028793202230727:1.084209581670677e-15 0.0:0.0 0.0:0.0 0.0:0.0 0.0:0.0 0.0:0.0 0.0:0.0 0.0:0.0 0.0:0.0 0.0:0.0 0.0:0.0 0.0:0.0 0.0:0.0 0.0:0.0 0.0:0.0 0.0:0.0 0.0:0.0 0.0:0.0 0.0:0.0 0.0:0.0 0.0:0.0 0.0:0.0 0.0:0.0 0.0:0.0 0.0:0.0 0.0:0.0 0.0:0.0 0.0:0.0 0.0:0.0 0.0:0.0 0.0:0.0 0.0:0.0 832.0:0.0 -197.60255580020547:-1.2404569734847118e-14 18.87336483449439:1.370217104995141e-15 0.0:0.0 0.0:0.0 0.0:0.0 0.0:0.0 0.0:0.0 -119.4227054366847:4.225050785294423e-15 0.0:0.0 0.0:0.0 -32.91254725390694:-1.8472168117940735e-15 0.0:0.0 0.0:0.0 0.0:0.0 0.0:0.0 54.43783125476628:6.11395795280649e-16 0.0:0.0 0.0:0.0 0.0:0.0 0.0:0.0 0.0:0.0 0.0:0.0 0.0:0.0 0.0:0.0 0.0:0.0 0.0:0.0 0.0:0.0 0.0:0.0 0.0:0.0 0.0:0.0 0.0:0.0 -30.028793202230727:-1.084209581670677e-15 35.73027445971005:3.1679168624970802e-15 0.0:0.0 0.0:0.0 0.0:0.0 0.0:0.0 0.0:0.0 0.0:0.0 0.0:0.0 0.0:0.0 0.0:0.0 0.0:0.0 0.0:0.0 0.0:0.0 0.0:0.0 0.0:0.0 0.0:0.0 0.0:0.0 0.0:0.0 0.0:0.0 0.0:0.0 0.0:0.0 0.0:0.0 0.0:0.0 0.0:0.0 0.0:0.0 0.0:0.0 0.0:0.0 0.0:0.0 0.0:0.0 0.0:0.0 0.0:0.0 1312.0:0.0 -43.60255580020548:1.8062849803548854e-15 -58.87336483449439:-1.370217104995141e-15 0.0:0.0 0.0:0.0 0.0:0.0 0.0:0.0 0.0:0.0 191.42270543668468:9.98580392990758e-15 -95.35154304291041:6.410752176652355e-15 -81.98835500237541:-3.5213943038862572e-15 -32.91254725390694:-1.8472168117940735e-15 0.0:0.0 0.0:0.0 0.0:0.0 0.0:0.0 -82.43783125476628:-6.11395795280649e-16 50.28539510050995:-2.178036119819037e-16 26.43440848163393:1.2810950553296044e-15 0.0:0.0 0.0:0.0 0.0:0.0 0.0:0.0 0.0:0.0 0.0:0.0 28.36052691321791:-7.523811233779443e-16 0.0:0.0 0.0:0.0 0.0:0.0 0.0:0.0 0.0:0.0 0.0:0.0 0.0:0.0 -35.73027445971005:-3.1679168624970802e-15 0.0:0.0 0.0:0.0 0.0:0.0 0.0:0.0 0.0:0.0 0.0:0.0 0.0:0.0 0.0:0.0 0.0:0.0 0.0:0.0 0.0:0.0 0.0:0.0 0.0:0.0 0.0:0.0 0.0:0.0 0.0:0.0 0.0:0.0 0.0:0.0 0.0:0.0 0.0:0.0 0.0:0.0 0.0:0.0 0.0:0.0 0.0:0.0 0.0:0.0 0.0:0.0 0.0:0.0 0.0:0.0 0.0:0.0 0.0:0.0 832.0:0.0 87.60255580020548:-1.8062849803548854e-15 38.87336483449439:1.370217104995141e-15 0.0:0.0 0.0:0.0 0.0:0.0 0.0:0.0 0.0:0.0 -47.42270543668469:-2.880376572306579e-15 119.35154304291041:-6.410752176652355e-15 -25.988355002375418:3.1319374914243737e-17 0.0:0.0 0.0:0.0 0.0:0.0 0.0:0.0 0.0:0.0 26.43783125476628:6.11395795280649e-16 -50.28539510050995:2.178036119819037e-16 0.0:0.0 0.0:0.0 0.0:0.0 0.0:0.0 0.0:0.0 0.0:0.0 0.0:0.0 0.0:0.0 0.0:0.0 0.0:0.0 0.0:0.0 0.0:0.0 0.0:0.0 0.0:0.0 0.0:0.0 0.0:0.0 0.0:0.0 0.0:0.0 0.0:0.0 0.0:0.0 0.0:0.0 0.0:0.0 0.0:0.0 0.0:0.0 0.0:0.0 0.0:0.0 0.0:0.0 0.0:0.0 0.0:0.0 0.0:0.0 0.0:0.0 0.0:0.0 0.0:0.0 0.0:0.0 0.0:0.0 0.0:0.0 0.0:0.0 0.0:0.0 0.0:0.0 0.0:0.0 0.0:0.0 0.0:0.0 0.0:0.0 0.0:0.0 0.0:0.0 0.0:0.0
exact-centres 0 1 1184.0:0.0 -153.60255580020547:-1.2404569734847118e-14 18.87336483449439:1.370217104995141e-15 -26.69226062420509:-9.637418503739353e-16 0.0:0.0 0.0:0.0 0.0:0.0 0.0:0.0 -119.4227054366847:4.225050785294423e-15 23.3515430429104:6.946751809486472e-16 0.0:0.0 0.0:0.0 0.0:0.0 0.0:0.0 0.0:0.0 0.0:0.0 -26.43783125476628:-6.11395795280649e-16 76.28539510050994:6.887623745619098e-15 -26.43440848163393:-1.2810950553296044e-15 0.0:0.0 0.0:0.0 0.0:0.0 0.0:0.0 0.0:0.0 -52.98651818990209:7.127319884511698e-16 0.0:0.0 0.0:0.0 0.0:0.0 0.0:0.0 0.0:0.0 0.0:0.0 0.0:0.0 0.0:0.0 35.73027445971005:3.1679168624970802e-15 0.0:0.0 0.0:0.0 0.0:0.0 0.0:0.0 0.0:0.0 0.0:0.0 0.0:0.0 0.0:0.0 0.0:0.0 0.0:0.0 0.0:0.0 0.0:0.0 0.0:0.0 0.0:0.0 0.0:0.0 0.0:0.0 0.0:0.0 0.0:0.0 0.0:0.0 0.0:0.0 0.0:0.0 0.0:0.0 0.0:0.0 0.0:0.0 0.0:0.0 0.0:0.0 0.0:0.0 0.0:0.0 0.0:0.0 0.0:0.0 1152.0:0.0 219.60255580020547:1.2404569734847118e-14 -18.87336483449439:-1.370217104995141e-15 0.0:0.0 0.0:0.0 0.0:0.0 0.0:0.0 0.0:0.0 0.0:0.0 -119.35154304291041:6.410752176652355e-15 25.988355002375418:-3.1319374914243737e-17 32.91254725390694:1.8472168117940735e-15 0.0:0.0 0.0:0.0 0.0:0.0 0.0:0.0 -54.43783125476628:-6.11395795280649e-16 -128.28539510050996:7.323230969582905e-15 0.0:0.0 33.2823531006096:7.106336015543602e-16 0.0:0.0 0.0:0.0 0.0:0.0 0.0:0.0 24.986518189902093:-7.127319884511698e-16 0.0:0.0 0.0:0.0 0.0:0.0 0.0:0.0 0.0:0.0 0.0:0.0 0.0:0.0 -30.028793202230727:-1.084209581670677e-15 -35.73027445971005:-3.1679168624970802e-15 0.0:0.0 0.0:0.0 0.0:0.0 0.0:0.0 0.0:0.0 0.0:0.0 38.978481228774605:1.518065479741996e-15 52.23324117812485:3.0337138856844447e-15 0.0:0.0 0.0:0.0 0.0:0.0 0.0:0.0 0.0:0.0 0.0:0.0 0.0:0.0 0.0:0.0 0.0:0.0 0.0:0.0 0.0:0.0 0.0:0.0 0.0:0.0 0.0:0.0 0.0:0.0 0.0:0.0 0.0:0.0 0.0:0.0 0.0:0.0 0.0:0.0 0.0:0.0 0.0:0.0 640.0:0.0 43.60255580020548:-1.8062849803548854e-15 38.87336483449439:1.370217104995141e-15 0.0:0.0 0.0:0.0 0.0:0.0 0.0:0.0 0.0:0.0 47.42270543668469:2.880376572306579e-15 47.3515430429104:6.946751809486472e-16 25.988355002375418:-3.1319374914243737e-17 32.91254725390694:1.8472168117940735e-15 0.0:0.0 0.0:0.0 0.0:0.0 0.0:0.0 110.43783125476628:6.11395795280649e-16 0.0:0.0 0.0:0.0 0.0:0.0 0.0:0.0 0.0:0.0 0.0:0.0 0.0:0.0 -24.986518189902093:7.127319884511698e-16 28.36052691321791:-7.523811233779443e-16 0.0:0.0 0.0:0.0 0.0:0.0 0.0:0.0 0.0:0.0 0.0:0.0 30.028793202230727:1.084209581670677e-15 0.0:0.0 0.0:0.0 0.0:0.0 0.0:0.0 0.0:0.0 0.0:0.0 0.0:0.0 -38.978481228774605:-1.518065479741996e-15 0.0:0.0 0.0:0.0 0.0:0.0 0.0:0.0 0.0:0.0 0.0:0.0 0.0:0.0 0.0:0.0 0.0:0.0 0.0:0.0 0.0:0.0 0.0:0.0 0.0:0.0 0.0:0.0 0.0:0.0 0.0:0.0 0.0:0.0 0.0:0.0 0.0:0.0 0.0:0.0 0.0:0.0 0.0:0.0 0.0:0.0 1120.0:0.0 -109.60255580020548:1.8062849803548854e-15 -38.87336483449439:-1.370217104995141e-15 0.0:0.0 0.0:0.0 0.0:0.0 0.0:0.0 0.0:0.0 -23.42270543668469:6.723371064939219e-16 -23.3515430429104:-6.946751809486472e-16 25.988355002375418:-3.1319374914243737e-17 0.0:0.0 0.0:0.0 0.0:0.0 0.0:0.0 0.0:0.0 -110.43783125476628:-6.11395795280649e-16 -24.28539510050995:2.178036119819037e-16 58.43440848163393:1.2810950553296044e-15 0.0:0.0 0.0:0.0 0.0:0.0 0.0:0.0 0.0:0.0 24.986518189902093:-7.127319884511698e-16 0.0:0.0 0.0:0.0 0.0:0.0 0.0:0.0 0.0:0.0 0.0:0.0 0.0:0.0 -30.028793202230727:-1.084209581670677e-15 0.0:0.0 0.0:0.0 0.0:0.0 0.0:0.0 0.0:0.0 0.0:0.0 0.0:0.0 38.978481228774605:1.518065479741996e-15 52.23324117812485:3.0337138856844447e-15 0.0:0.0 0.0:0.0 0.0:0.0 0.0:0.0 0.0:0.0 0.0:0.0 0.0:0.0 0.0:0.0 0.0:0.0 0.0:0.0 0.0:0.0 0.0:0.0 0.0:0.0 0.0:0.0 0.0:0.0 0.0:0.0 0.0:0.0 0.0:0.0 0.0:0.0 0.0:0.0 0.0:0.0 0.0:0.0
exact-centres 0 2 928.0:0.0 87.60255580020548:-1.8062849803548854e-15 -18.87336483449439:-1.370217104995141e-15 26.69226062420509:9.637418503739353e-16 0.0:0.0 0.0:0.0 0.0:0.0 0.0:0.0 287.4227054366847:9.98580392990758e-15 -23.3515430429104:-6.946751809486472e-16 -53.988355002375414:-3.5213943038862572e-15 0.0:0.0 0.0:0.0 0.0:0.0 0.0:0.0 0.0:0.0 0.0:0.0 0.0:0.0 0.0:0.0 0.0:0.0 0.0:0.0 0.0:0.0 0.0:0.0 0.0:0.0 -24.986518189902093:7.127319884511698e-16 -28.36052691321791:7.523811233779443e-16 0.0:0.0 0.0:0.0 0.0:0.0 0.0:0.0 0.0:0.0 0.0:0.0 0.0:0.0 0.0:0.0 0.0:0.0 0.0:0.0 0.0:0.0 0.0:0.0 0.0:0.0 0.0:0.0 38.978481228774605:1.518065479741996e-15 0.0:0.0 0.0:0.0 0.0:0.0 0.0:0.0 0.0:0.0 0.0:0.0 0.0:0.0 0.0:0.0 0.0:0.0 0.0:0.0 0.0:0.0 0.0:0.0 0.0:0.0 0.0:0.0 0.0:0.0 0.0:0.0 0.0:0.0 0.0:0.0 0.0:0.0 0.0:0.0 0.0:0.0 0.0:0.0 0.0:0.0 928.0:0.0 -109.60255580020548:1.8062849803548854e-15 0.0:0.0 26.69226062420509:9.637418503739353e-16 0.0:0.0 0.0:0.0 0.0:0.0 0.0:0.0 0.0:0.0 191.3515430429104:-6.410752176652355e-15 -25.988355002375418:3.1319374914243737e-17 -32.91254725390694:-1.8472168117940735e-15 0.0:0.0 0.0:0.0 0.0:0.0 0.0:0.0 0.0:0.0 0.0:0.0 0.0:0.0 0.0:0.0 0.0:0.0 0.0:0.0 0.0:0.0 0.0:0.0 24.986518189902093:-7.127319884511698e-16 0.0:0.0 0.0:0.0 0.0:0.0 0.0:0.0 0.0:0.0 0.0:0.0 0.0:0.0 0.0:0.0 0.0:0.0 0.0:0.0 0.0:0.0 0.0:0.0 0.0:0.0 0.0:0.0 0.0:0.0 0.0:0.0 0.0:0.0 0.0:0.0 0.0:0.0 0.0:0.0 0.0:0.0 0.0:0.0 0.0:0.0 0.0:0.0 0.0:0.0 0.0:0.0 0.0:0.0 0.0:0.0 0.0:0.0 0.0:0.0 0.0:0.0 0.0:0.0 0.0:0.0 0.0:0.0 0.0:0.0 0.0:0.0 0.0:0.0 0.0:0.0 0.0:0.0 1120.0:0.0 0.0:0.0 -18.87336483449439:-1.370217104995141e-15 0.0:0.0 0.0:0.0 0.0:0.0 0.0:0.0 0.0:0.0 -119.4227054366847:4.225050785294423e-15 -95.35154304291041:6.410752176652355e-15 -53.988355002375414:-3.5213943038862572e-15 -32.91254725390694:-1.8472168117940735e-15 0.0:0.0 0.0:0.0 0.0:0.0 0.0:0.0 0.0:0.0 0.0:0.0 0.0:0.0 0.0:0.0 0.0:0.0 0.0:0.0 0.0:0.0 0.0:0.0 -24.986518189902093:7.127319884511698e-16 28.36052691321791:-7.523811233779443e-16 32.83232302624991:-2.1533383333417784e-15 0.0:0.0 0.0:0.0 0.0:0.0 0.0:0.0 0.0:0.0 0.0:0.0 0.0:0.0 0.0:0.0 0.0:0.0 0.0:0.0 0.0:0.0 0.0:0.0 0.0:0.0 0.0:0.0 0.0:0.0 0.0:0.0 0.0:0.0 0.0:0.0 0.0:0.0 0.0:0.0 0.0:0.0 0.0:0.0 0.0:0.0 0.0:0.0 0.0:0.0 0.0:0.0 0.0:0.0 0.0:0.0 0.0:0.0 0.0:0.0 0.0:0.0 0.0:0.0 0.0:0.0 0.0:0.0 0.0:0.0 0.0:0.0 0.0:0.0 896.0:0.0 0.0:0.0 38.87336483449439:1.370217104995141e-15 -26.69226062420509:-9.637418503739353e-16 0.0:0.0 0.0:0.0 0.0:0.0 0.0:0.0 0.0:0.0 -47.3515430429104:-6.946751809486472e-16 -25.988355002375418:3.1319374914243737e-17 0.0:0.0 0.0:0.0 0.0:0.0 0.0:0.0 0.0:0.0 0.0:0.0 0.0:0.0 0.0:0.0 0.0:0.0 0.0:0.0 0.0:0.0 0.0:0.0 0.0:0.0 0.0:0.0 -28.36052691321791:7.523811233779443e-16 32.83232302624991:-2.1533383333417784e-15 0.0:0.0 0.0:0.0 0.0:0.0 0.0:0.0 0.0:0.0 0.0:0.0 0.0:0.0 0.0:0.0 0.0:0.0 0.0:0.0 0.0:0.0 0.0:0.0 0.0:0.0 0.0:0.0 0.0:0.0 0.0:0.0 0.0:0.0 0.0:0.0 0.0:0.0 0.0:0.0 0.0:0.0 0.0:0.0 0.0:0.0 0.0:0.0 0.0:0.0 0.0:0.0 0.0:0.0 0.0:0.0 0.0:0.0 0.0:0.0 0.0:0.0 0.0:0.0 0.0:0.0 0.0:0.0 0.0:0.0 0.0:0.0 0.0:0.0
record 0 12437.351207401107 -inf nan nan
record 1 12059.255607853047 -inf nan nan
record 2 11807.166684338796 -inf nan nan
record 3 11541.058591065346 -inf nan nan
record 4 11270.552248980935 -inf nan nan
record 5 11004.756868048831 -inf nan nan
record 6 10761.904998905868 -inf nan nan
record 7 10540.360391890963 -inf nan nan
record 8 10340.465087807082 -inf nan nan
record 9 10161.842685803947 -inf nan nan
record 10 10008.254799235145 -inf nan nan
record 11 9890.692141442012 -inf nan nan
record 12 9800.6529798866 -inf nan nan
record 13 9727.910656455308 -inf nan nan
record 14 9670.582936713028 -inf nan nan
record 15 9624.707886445396 -inf nan nan
canvas 0 0 145.08291991460322 140.44263378725987 126.63686196411741 120.89282435074608 117.37894898890053 99.62768533774192 65.26887682038564 55.43359427990522 55.44085150243567 64.47290412749287 76.24761694016536 84.33797326943588 88.89383022327382 98.49096865070521 115.39589125523275 130.34865212659395 136.967313330676 159.58732126117204 191.71901768386815 200.95798760221228 201.38426764571253 201.11554329298914 192.3958744901814 184.3894796605917 134.9742710069337 128.8953937278512 118.91252952765898 106.07101676978404 92.17567871673727 79.33625894073397 73.86561281272753 73.31492849574673
canvas 0 1 142.19608081078866 137.9954369784278 125.21327138738909 119.57983891449395 113.78655102612602 95.02379674188371 64.3888857503282 55.65113731696876 55.977034901161694 63.965282647714226 76.11222259232154 85.11216578488072 93.11290943349212 107.65861341143706 125.35344107090285 135.3929858221884 138.57535237705588 160.8541037151799 190.20238823235042 201.0053169601512 201.1751080172239 201.07508439673614 193.68571450781124 183.78826549924293 135.02679253719813 128.96509801221663 118.31176751112322 104.7474937651461 90.76200139498717 79.31330305746464 74.03298881362396 73.64089261627552
canvas 0 2 139.57809255642593 136.3005699273326 124.43019277277133 118.46078391092533 111.93241849677534 94.77293721593267 67.98972737630858 56.0601934371078 59.401330110150106 65.45048522323887 75.59470527047284 84.52874025757168 94.54318989917277 109.03688518727213 124.70978795023507 134.34761850560557 139.31150972667018 157.11385100634533 185.2540745625265 200.17279170862577 200.79283242285663 200.56876652469913 195.62357347173906 192.54881051119304 134.78744201229088 128.3050009365279 116.64848075529648 102.3799652546856 89.77867149071355 80.65253103277962 74.71494314959038 73.38171080021431
canvas 0 3 138.33515335220534 132.9894607187725 123.57895709077978 117.19786600427715 110.02680313115222 96.04782948865113 75.85060287368998 68.02289450418078 66.42693910621446 69.63745366153803 76.11396363393114 83.56728586497309 93.00369114799963 105.67168922823957 119.78898737735516 129.42633427911557 136.37029202847694 153.0376545082453 174.6686241145743 194.2007674220304 200.40986819870224 199.33796217354575 194.96276115738928 190.02843092987834 133.33216317991423 125.30788651030099 113.22052096903114 100.26841598055483 91.77329819317248 83.83659612692831 76.8951204075025 73.75330725182205
canvas 0 4 128.89343944149945 124.38182507246107 118.60543401351661 112.08879312242203 103.84341903773645 92.68783196193404 81.38403025443763 76.34600930786812 73.97970447904413 75.26130509636184 79.83044793191134 87.0982420943677 98.52335430513385 111.47890621485904 121.87542407229151 130.55842337331245 147.23409760916684 156.4305218938257 162.3312386363049 173.45858476064777 183.31908613330464 185.17059870452496 180.6310641960364 167.83938056695672 128.54737661965615 119.15070355990628 108.03860692569361 101.35482662032341 96.67590895755536 91.77563813709523 88.37939352147126 87.76093410882056
canvas 0 5 107.36964260318388 107.75883193951674 107.40808339315413 106.03194933333293 99.43187941830351 92.22720538900785 85.17735589375721 80.73095116240094 79.7850610209174 83.61569064013096 89.60021731033865 101.46263705723277 121.97838622554357 141.5228493435885 153.17024663473111 153.74348461946093 154.4043324600569 154.74622458580856 154.3657018203991 151.703086452962 149.95419202819392 146.30640791734473 139.42619986292502 129.64682772199924 118.62226257663627 110.94275270310884 104.74628446974519 104.0868938358567 103.55694792196732 103.29975186914548 106.64854477497612 111.7889693913263
canvas 0 6 107.49780564784723 107.47051279891014 107.63389103488144 106.14240358116955 101.20872809677537 96.15633718425444 92.8594360375497 93.30792719179871 94.38112428693154 97.2710798322523 102.01078337865101 113.52346941049922 135.4807373316497 151.04133532930715 153.10908270661724 154.1699088556853 154.20967279116823 154.04920824318816 136.9123462640611 124.0667797964736 119.27626536362068 116.944119141331 115.03296200140329 113.34337413488304 108.88697423879002 105.19744121181884 104.49125093428542 104.3646000403126 104.86531030529754 112.65685264866583 126.96582747723022 135.01299518648852
canvas 0 7 107.8637595533463 108.83134981379229 110.08308273536964 110.45399125809413 108.88689269007739 108.34031028741275 109.49936753646438 110.76940663202838 108.7684107259698 107.9702121739782 111.4893880274856 118.76315755691772 138.16867441060154 149.39488054504315 150.75798139571157 150.97994725366377 152.46489387456344 137.60225836395227 114.40544276978632 106.07422544392833 104.7887589186318 107.70773969812926 110.5713925433051 110.30230616046444 104.4076545154731 104.35689172610796 104.34786684182521 104.89653340406637 107.94776914947114 123.76821412149835 140.42417042167926 148.04378258800082
canvas 0 8 108.7277646612878 110.28249027039284 113.87649266535288 115.2821623136029 114.22715965354388 111.76604380452062 112.77712364105501 117.4717460784589 127.3225208295569 122.56310050366 121.52684385451323 125.57167815700959 142.5292520170451 147.80726382749864 150.1081043011326 146.6045721618481 140.59085127073988 123.75555613041819 102.7857341294587 93.7669458446794 92.08894829324971 92.300523085264 92.70043505505829 95.28897421521985 104.08377538655053 104.44035916715077 104.88256050991622 105.4860717029999 113.62143888399218 129.56894135834844 145.6021731941882 150.01906914211008
canvas 0 9 114.28192107647358 116.06291330915185 120.17914757440151 126.45033281102492 130.51095503228944 136.45136665339965 146.93219652750653 154.0937716542868 143.07689413448745 131.26866784325193 126.17203494966661 135.15879919867038 141.47216594538023 141.5690341224508 142.404598522524 135.8378111080289 126.41972118716755 109.7745487820526 92.72805192937739 87.4197303923798 87.84321874334488 88.4949322164521 86.75526300960577 88.32600533677164 93.74257944184085 101.80789912603547 104.40912464140997 112.44879077346248 131.4675730671446 151.69977832716805 154.9910505693344 155.1154746214599
canvas 0 10 118.05613344949583 120.17131233603783 127.63933468857212 133.90672462929524 141.7097705255287 156.35550822348947 176.8491749978447 189.2405805592818 187.96071005612833 183.3688894418844 171.20241482770732 153.48517513013022 141.31243971167376 129.18414303439664 113.78050122985654 104.29019389823442 96.4276384017015 83.98833044075363 72.29939637608496 70.5148610725082 70.22356583114221 71.52359364431103 74.84189484965279 82.34104172994543 116.49043190441577 126.91055051816944 139.0780515356075 150.56248845002796 156.38419490007732 155.9647658437452 155.0151155903942 154.91375390849086
canvas 0 11 120.12451018024626 121.75503727993208 130.4294251717362 137.9604589743457 147.39689828750616 163.83235178952057 185.01146935936674 195.6397565557424 196.4096297573419 195.94264559406395 190.80634876050814 165.96270278287165 137.2346787039932 111.31079481140887 96.34899439202141 93.34272058079173 82.13485339813676 74.32072877578581 69.70087929407799 66.34621428847689 65.78370683167782 65.35377025151837 65.24262143158161 66.43188984549386 125.45300419050952 141.62562123392107 156.73914911173588 163.4191757198828 163.30401139774307 159.35088154498882 155.15972846528368 154.31010557201486
canvas 0 12 121.03337016457681 122.6650923677607 131.9626629307463 140.02378754926562 149.53385862534245 165.84585311457957 187.06055072719883 196.36522812296704 196.9358404793421 197.14418462690546 193.34340896075227 169.42183647494087 135.65979470000147 107.88923287023394 94.86935850948908 90.480439810336 76.82089548466938 72.12885080773097 69.682662457295 66.36619155210003 65.07127786794341 64.74052635597307 64.7950650587149 64.72503327244733 110.66720529096457 129.12717517836663 152.35392553966838 163.6528020842611 165.74246825016905 165.65028032223697 160.94036645781333 156.9015902494571
canvas 0 13 122.21802372553127 126.0982014169077 135.32980372197673 144.78784498744167 155.6881686556707 169.94819698147367 185.86156440628105 196.2257968330463 198.29993178312793 198.5416710171696 198.2296344528196 175.3410300976504 139.5870011681555 108.36741015542505 93.33432086927516 85.6392534146533 76.32157658899604 73.11834192965681 71.2895233562154 67.18483856189391 64.73011966588743 64.84395534420725 64.88851626812455 67.58559732335456 122.16096680959409 135.9176697835812 150.3186847286572 162.11778976012386 165.6422269960944 165.00141289392823 159.34104804949826 156.80516832451346
canvas 0 14 128.9042562908135 138.11543520803846 149.5083573422656 159.04562917747185 167.00316428410176 173.24137257259363 182.36499682878602 194.3522215318537 198.60008437645084 198.95031867315816 190.73901200529073 167.62097794367622 137.923455596079 109.81019048715476 92.81150356930864 84.83666630431682 78.23478973835348 75.1650082680066 75.5654970521578 71.25505985874416 64.85575855212925 64.59001240519898 68.54047925828363 84.40476386761266 129.17666131920572 139.26258399239398 146.59833517641997 151.97746297355005 150.29886645819673 144.6130492565937 140.8523579569315 142.0470366255529
canvas 0 15 158.36955137491034 158.69303417718294 163.84528551213828 167.8375012719141 169.87067586449132 172.00324196508615 172.84449626766082 178.22614028896064 144.72636294220683 140.3095572972644 138.07244521598784 136.67659810273102 127.93415393462662 111.30210246984132 96.05970870112901 91.396949013509 90.40388420644099 90.33973577655603 97.14052279409387 100.76034548112293 98.42881362694646 98.90473764612432 106.48022938729984 110.12296410163124 106.90083258347477 106.72280153040627 106.30689982051459 109.65424697674995 117.16883666679583 129.2317829902468 140.45159442700623 142.21181788264477
canvas 0 16 160.18512130994256 161.12995156542698 164.3869634477124 168.14643359732278 170.43208890542624 171.55580322800478 160.6353922873752 143.25852009500775 140.5608841738552 138.88530086557907 136.79700368009907 130.55450880972955 118.62205886318326 106.69940607487663 97.21256546325432 92.41335892324443 90.88508376758624 93.28374523456135 111.98926938951276 119.56915162725379 121.61856572998785 122.7230602893706 124.26424413051838 121.08525914032761 107.5258866941469 107.89463821365486 108.85695575537775 112.43879752186947 112.84359641111163 115.30762250545504 129.9479403137133 142.68712867886964
canvas 0 17 159.50692405036034 159.91535118897764 161.4318382138573 163.06387677029042 163.34762189841862 158.8913038538107 140.58573085551058 130.43928055737155 129.54022942691333 129.43378783915963 127.4829298530097 121.26009646483905 114.4701356731832 108.63775852382045 100.60122182602018 94.36968275999585 91.69379733285007 99.75611486253226 124.04090494255865 136.7096900989194 137.58689485994046 136.27235558438912 133.32827763631184 129.57278587367912 108.55706889562181 108.64987054811806 112.80918768733432 113.18438164010618 112.92799806062953 113.13602820991534 114.96847516373418 118.05167191653176
canvas 0 18 157.94768996231582 157.69457912968312 158.75572494031078 160.29066043864955 156.4508348064779 145.77983655440798 130.07230093177202 120.17670692005098 117.8695870718975 116.80400086573066 115.7996973210512 115.27771637984885 115.17121395416207 113.05649014002053 107.54470130903137 101.06626111956622 95.44864186338411 111.23791504306679 136.54303641894862 140.89932946287698 140.6135907578208 140.08373908776863 137.35976399252448 134.5975627067456 108.75299451956757 112.19396511448204 113.5605820753264 113.2734375234848 112.89330453728707 111.92802912615848 112.50215703091459 113.02855929111165
canvas 0 19 151.10877283115352 147.09585916285644 142.9608856640388 140.99821259837216 137.6752707178223 128.61706892540298 116.10336816248001 107.5119966368932 106.0137564208064 106.81353280301492 110.1970485280296 114.88379495843304 117.09792022506286 119.64401567198803 121.17501632690302 120.50165103474924 119.49961778860803 130.95427052882064 141.6669860086114 141.07591635264748 140.76067571458879 140.50855882197664 138.29950980391038 135.96689069016537 115.12268757422886 114.15611923305887 113.63585878972609 113.06651309025592 111.30278884314457 110.36894352200241 112.75265283151485 113.78006145439404
canvas 0 20 111.20898489808768 107.86013317191436 102.46589841889103 98.53150262408748 96.9265815325365 93.552535876416 88.27744275776632 88.19001050501997 91.92630997471989 95.63168298509189 101.03616579613171 112.1867746403833 121.8733465532863 134.33556724726404 141.53534008967802 145.3569544173077 153.36588240861457 150.300096099736 142.99514517711322 140.72871072657784 140.6191789950738 140.11777842179418 138.24099735353175 136.23661727713917 121.19158823017904 116.69777678266672 113.07770028688863 104.74618547723776 104.35381015699409 105.45251505493864 113.34992581612715 124.39703051941461
canvas 0 21 102.65624414388863 99.65214194151741 86.50106792202926 81.47493294295613 78.24248143356722 76.0467000732033 75.23425100362647 76.14942830409724 79.8580641499128 83.61024095693351 89.24945632287086 104.81612687095557 128.22379375226797 149.16569911601547 157.03386570327925 163.2557481619714 171.91042799784213 166.16651640971662 147.2006500194193 141.15082286412442 140.64440076177928 140.24541343066517 138.31953876340953 135.3438044603177 125.53926369604712 121.16000596467106 114.03467549562215 104.43489752636661 101.79179185512861 101.98373318320468 114.46018147718922 124.53321599778941
canvas 0 22 99.31081214342365 94.9358003993372 81.07893728901897 74.91228924647343 70.60110524328799 68.40970966207533 66.48318369359599 66.33866511669143 68.73297979403387 71.53853720040811 76.17290880761641 95.24481688370241 129.57672883447495 155.69923807809855 165.8781842895218 169.79790116815502 177.29366165306163 176.83926089806837 156.312566927227 149.188290243362 146.1243225273425 144.06619399808477 140.52056372870763 135.77321394172492 125.80527209215826 124.9143421868026 119.11319079171356 106.25577101884402 101.6785250164399 101.81888346435635 108.32860010530129 119.60933867337666
canvas 0 23 97.84547094859042 92.44408231709626 76.2272519294047 64.97092851829666 60.80165153228905 60.88126688491971 60.987070163348044 61.43900029240178 65.56855458242603 66.7041712105004 67.27343946828952 87.85880322261224 127.88577479408076 158.9465416782459 167.83418161961168 172.07273930674077 178.38212877908896 178.76208124825666 160.86441834879432 154.54955703347622 154.38882114153927 153.06287463722308 144.8502293088975 137.5406288755274 125.86199410983619 125.38779301314744 125.67608554915165 111.2946254328897 101.71785046543737 101.85337908382542 102.7203505271672 103.64311660667306
constants method=subgradient centres_tested=8.627622486870601e-13 centres_reference=4.510791180808633e-14 regression_canvas=1e-08 regression_primal=1e-12 cells=1
recordbound 0 P=12437.351207401107
recordbound 1 P=12059.255607853047
recordbound 2 P=11807.166684338796
recordbound 3 P=11541.058591065346
recordbound 4 P=11270.552248980935
recordbound 5 P=11004.756868048831
recordbound 6 P=10761.904998905868
recordbound 7 P=10540.360391890963
recordbound 8 P=10340.465087807082
recordbound 9 P=10161.842685803947
recordbound 10 P=10008.254799235145
recordbound 11 P=9890.692141442012
recordbound 12 P=9800.6529798866
recordbound 13 P=9727.910656455308
recordbound 14 P=9670.582936713028
recordbound 15 P=9624.707886445396
stop 15 iterations
tolerance canvas 1e-08
tolerance record 0 1.2438351207401107e-08 -1.0 -1.0
tolerance record 1 1.2060255607853046e-08 -1.0 -1.0
tolerance record 2 1.1808166684338795e-08 -1.0 -1.0
tolerance record 3 1.1542058591065346e-08 -1.0 -1.0
tolerance record 4 1.1271552248980935e-08 -1.0 -1.0
tolerance record 5 1.1005756868048832e-08 -1.0 -1.0
tolerance record 6 1.0762904998905868e-08 -1.0 -1.0
tolerance record 7 1.0541360391890962e-08 -1.0 -1.0
tolerance record 8 1.0341465087807082e-08 -1.0 -1.0
tolerance record 9 1.0162842685803947e-08 -1.0 -1.0
tolerance record 10 1.0009254799235145e-08 -1.0 -1.0
tolerance record 11 9.891692141442011e-09 -1.0 -1.0
tolerance record 12 9.8016529798866e-09 -1.0 -1.0
tolerance record 13 9.728910656455307e-09 -1.0 -1.0
tolerance record 14 9.671582936713028e-09 -1.0 -1.0
tolerance record 15 9.625707886445396e-09 -1.0 -1.0
