# A conformance case of JPEG-Unround, written by conformance/generate.py: the quantized
# coefficients of a picture and the options of its reconstruction; what the Python
# implementation made of them; the exact centres; and what bounds the rounding of that
# run, from which conformance/bounds.py computes the tolerances at the end (docs/math.md, 9).
# Each line is a keyword and its values. Numbers are decimal, each double the shortest
# decimal that reads back as it; an exact centre is hi:lo, two doubles whose sum is the
# value to about 2^-106 of it.
name grey-tv-rule
picture 24 17 grayscale
component 0 1 1 3 3
table 0 48 33 30 48 72 120 153 183 36 36 42 57 78 174 180 165 42 39 48 72 120 171 207 168 42 51 66 87 153 255 240 186 54 66 111 168 204 255 255 231 72 105 165 192 243 255 255 255 147 192 234 255 255 255 255 255 216 255 255 255 255 255 255 255
levels 0 0 -4 3 -1 0 0 0 0 0 7 1 -1 0 0 0 0 0 0 -1 0 0 0 0 0 0 0 0 0 0 0 0 0 0 1 0 0 0 0 0 0 0 0 0 0 0 0 0 0 0 0 0 0 0 0 0 0 0 0 0 0 0 0 0 0 0 -2 -6 0 0 0 0 0 0 -3 4 0 0 0 0 0 0 1 0 0 0 0 0 0 0 0 0 0 0 0 0 0 0 0 0 0 0 0 0 0 0 0 0 0 0 0 0 0 0 0 0 0 0 0 0 0 0 0 0 0 0 0 0 0 0 5 1 -2 0 0 0 0 0 -1 -4 -1 -1 0 0 0 0 -1 1 1 0 0 0 0 0 0 0 0 0 0 0 0 0 0 0 0 0 0 0 0 0 0 0 0 0 0 0 0 0 0 0 0 0 0 0 0 0 0 0 0 0 0 0 0 0
levels 0 1 -2 -2 1 0 0 0 0 0 -7 0 1 0 0 0 0 0 0 2 -1 0 0 0 0 0 -1 0 0 0 0 0 0 0 0 0 0 0 0 0 0 0 0 0 0 0 0 0 0 0 0 0 0 0 0 0 0 0 0 0 0 0 0 0 0 0 0 1 0 -1 0 0 0 0 1 -5 0 0 0 0 0 0 -1 -3 0 1 0 0 0 0 0 -1 0 0 0 0 0 0 0 0 0 0 0 0 0 0 0 0 0 0 0 0 0 0 0 0 0 0 0 0 0 0 0 0 0 0 0 0 0 0 -1 1 0 0 0 0 0 0 5 3 0 0 0 0 0 0 1 0 0 0 0 0 0 0 -1 1 0 0 0 0 0 0 1 0 0 0 0 0 0 0 0 0 0 0 0 0 0 0 0 0 0 0 0 0 0 0 0 0 0 0 0 0 0 0
levels 0 2 5 1 -2 0 0 0 0 0 6 1 -1 0 0 0 0 0 -1 0 0 0 0 0 0 0 -1 0 0 0 0 0 0 0 0 0 0 0 0 0 0 0 0 0 0 0 0 0 0 0 0 0 0 0 0 0 0 0 0 0 0 0 0 0 0 0 -2 2 0 1 0 0 0 0 -2 4 0 0 0 0 0 0 0 -1 0 0 0 0 0 0 1 0 0 0 0 0 0 0 0 0 0 0 0 0 0 0 0 0 0 0 0 0 0 0 0 0 0 0 0 0 0 0 0 0 0 0 0 0 0 0 -5 -2 1 0 0 0 0 0 0 -3 -1 -1 0 0 0 0 1 0 0 0 0 0 0 0 -1 1 0 0 0 0 0 0 0 0 0 0 0 0 0 0 0 0 0 0 0 0 0 0 0 0 0 0 0 0 0 0 0 0 0 0 0 0 0 0
options --method tv --alpha 0.5 --alpha1 1.0 --alpha0 2.0 --channels coupled --mu rule --mu-scale 0.0002 --mu-power 1.0 --weight-power 2.0 --dc-weight 0.0 --centres mmse --slack 0.0 --slack-cost 0.0 --relative-tolerance 0.0 --partial-tolerance 0.0 --step-product 0.99 --record-every 10 --free-radius 255.0 --iterations 40 --tolerance 0.0 --subgradient-iterations 50 --subgradient-record-every 1 --subgradient-step 0.5 --subgradient-decay 0.5
steps 3.8535697735995385 0.032113081446662826
weights 0 0.0 2.9089187327823693e-05 3.519791666666667e-05 1.3749186197916667e-05 6.110749421296297e-06 2.1998697916666667e-06 1.353245546584647e-06 9.459262742990236e-07 2.4442997685185186e-05 2.4442997685185186e-05 1.795812074829932e-05 9.750115420129271e-06 5.2067924063116374e-06 1.0463114347998416e-06 9.777199074074075e-07 1.1635674931129477e-06 1.795812074829932e-05 2.082716962524655e-05 1.3749186197916667e-05 6.110749421296297e-06 2.1998697916666667e-06 1.0833461577921413e-06 7.392967163761115e-07 1.1223825467687074e-06 1.795812074829932e-05 1.2179209919261823e-05 7.272296831955923e-06 4.185245739199366e-06 1.353245546584647e-06 4.871683967704729e-07 5.499674479166667e-07 9.156586021505377e-07 1.0863554526748971e-05 7.272296831955923e-06 2.5710676893109325e-06 1.1223825467687074e-06 7.61200619953864e-07 4.871683967704729e-07 4.871683967704729e-07 5.936568842412999e-07 6.110749421296297e-06 2.8732993197278912e-06 1.1635674931129477e-06 8.593241373697917e-07 5.364718284814307e-07 4.871683967704729e-07 4.871683967704729e-07 4.871683967704729e-07 1.4659690406774957e-06 8.593241373697917e-07 5.785324895901819e-07 4.871683967704729e-07 4.871683967704729e-07 4.871683967704729e-07 4.871683967704729e-07 4.871683967704729e-07 6.789721579218107e-07 4.871683967704729e-07 4.871683967704729e-07 4.871683967704729e-07 4.871683967704729e-07 4.871683967704729e-07 4.871683967704729e-07 4.871683967704729e-07
lower 0 0 808.0 82.5 -45.0 -24.0 -36.0 -60.0 -76.5 -91.5 234.0 18.0 -63.0 -28.5 -39.0 -87.0 -90.0 -82.5 -21.0 -58.5 -24.0 -36.0 -60.0 -85.5 -103.5 -84.0 -21.0 -25.5 -33.0 -43.5 -76.5 -127.5 -120.0 -93.0 27.0 -33.0 -55.5 -84.0 -102.0 -127.5 -127.5 -115.5 -36.0 -52.5 -82.5 -96.0 -121.5 -127.5 -127.5 -127.5 -73.5 -96.0 -117.0 -127.5 -127.5 -127.5 -127.5 -127.5 -108.0 -127.5 -127.5 -127.5 -127.5 -127.5 -127.5 -127.5 904.0 -214.5 -15.0 -24.0 -36.0 -60.0 -76.5 -91.5 -126.0 126.0 -21.0 -28.5 -39.0 -87.0 -90.0 -82.5 21.0 -19.5 -24.0 -36.0 -60.0 -85.5 -103.5 -84.0 -21.0 -25.5 -33.0 -43.5 -76.5 -127.5 -120.0 -93.0 -27.0 -33.0 -55.5 -84.0 -102.0 -127.5 -127.5 -115.5 -36.0 -52.5 -82.5 -96.0 -121.5 -127.5 -127.5 -127.5 -73.5 -96.0 -117.0 -127.5 -127.5 -127.5 -127.5 -127.5 -108.0 -127.5 -127.5 -127.5 -127.5 -127.5 -127.5 -127.5 1240.0 16.5 -75.0 -24.0 -36.0 -60.0 -76.5 -91.5 -54.0 -162.0 -63.0 -85.5 -39.0 -87.0 -90.0 -82.5 -63.0 19.5 24.0 -36.0 -60.0 -85.5 -103.5 -84.0 -21.0 -25.5 -33.0 -43.5 -76.5 -127.5 -120.0 -93.0 -27.0 -33.0 -55.5 -84.0 -102.0 -127.5 -127.5 -115.5 -36.0 -52.5 -82.5 -96.0 -121.5 -127.5 -127.5 -127.5 -73.5 -96.0 -117.0 -127.5 -127.5 -127.5 -127.5 -127.5 -108.0 -127.5 -127.5 -127.5 -127.5 -127.5 -127.5 -127.5
lower 0 1 904.0 -82.5 15.0 -24.0 -36.0 -60.0 -76.5 -91.5 -270.0 -18.0 21.0 -28.5 -39.0 -87.0 -90.0 -82.5 -21.0 58.5 -72.0 -36.0 -60.0 -85.5 -103.5 -84.0 -63.0 -25.5 -33.0 -43.5 -76.5 -127.5 -120.0 -93.0 -27.0 -33.0 -55.5 -84.0 -102.0 -127.5 -127.5 -115.5 -36.0 -52.5 -82.5 -96.0 -121.5 -127.5 -127.5 -127.5 -73.5 -96.0 -117.0 -127.5 -127.5 -127.5 -127.5 -127.5 -108.0 -127.5 -127.5 -127.5 -127.5 -127.5 -127.5 -127.5 1000.0 16.5 -15.0 -72.0 -36.0 -60.0 -76.5 -91.5 18.0 -198.0 -21.0 -28.5 -39.0 -87.0 -90.0 -82.5 -63.0 -136.5 -24.0 36.0 -60.0 -85.5 -103.5 -84.0 -21.0 -76.5 -33.0 -43.5 -76.5 -127.5 -120.0 -93.0 -27.0 -33.0 -55.5 -84.0 -102.0 -127.5 -127.5 -115.5 -36.0 -52.5 -82.5 -96.0 -121.5 -127.5 -127.5 -127.5 -73.5 -96.0 -117.0 -127.5 -127.5 -127.5 -127.5 -127.5 -108.0 -127.5 -127.5 -127.5 -127.5 -127.5 -127.5 -127.5 952.0 16.5 -15.0 -24.0 -36.0 -60.0 -76.5 -91.5 162.0 90.0 -21.0 -28.5 -39.0 -87.0 -90.0 -82.5 21.0 -19.5 -24.0 -36.0 -60.0 -85.5 -103.5 -84.0 -63.0 25.5 -33.0 -43.5 -76.5 -127.5 -120.0 -93.0 27.0 -33.0 -55.5 -84.0 -102.0 -127.5 -127.5 -115.5 -36.0 -52.5 -82.5 -96.0 -121.5 -127.5 -127.5 -127.5 -73.5 -96.0 -117.0 -127.5 -127.5 -127.5 -127.5 -127.5 -108.0 -127.5 -127.5 -127.5 -127.5 -127.5 -127.5 -127.5
lower 0 2 1240.0 16.5 -75.0 -24.0 -36.0 -60.0 -76.5 -91.5 198.0 18.0 -63.0 -28.5 -39.0 -87.0 -90.0 -82.5 -63.0 -19.5 -24.0 -36.0 -60.0 -85.5 -103.5 -84.0 -63.0 -25.5 -33.0 -43.5 -76.5 -127.5 -120.0 -93.0 -27.0 -33.0 -55.5 -84.0 -102.0 -127.5 -127.5 -115.5 -36.0 -52.5 -82.5 -96.0 -121.5 -127.5 -127.5 -127.5 -73.5 -96.0 -117.0 -127.5 -127.5 -127.5 -127.5 -127.5 -108.0 -127.5 -127.5 -127.5 -127.5 -127.5 -127.5 -127.5 904.0 49.5 -15.0 24.0 -36.0 -60.0 -76.5 -91.5 -90.0 126.0 -21.0 -28.5 -39.0 -87.0 -90.0 -82.5 -21.0 -58.5 -24.0 -36.0 -60.0 -85.5 -103.5 -84.0 21.0 -25.5 -33.0 -43.5 -76.5 -127.5 -120.0 -93.0 -27.0 -33.0 -55.5 -84.0 -102.0 -127.5 -127.5 -115.5 -36.0 -52.5 -82.5 -96.0 -121.5 -127.5 -127.5 -127.5 -73.5 -96.0 -117.0 -127.5 -127.5 -127.5 -127.5 -127.5 -108.0 -127.5 -127.5 -127.5 -127.5 -127.5 -127.5 -127.5 760.0 -82.5 15.0 -24.0 -36.0 -60.0 -76.5 -91.5 -18.0 -126.0 -63.0 -85.5 -39.0 -87.0 -90.0 -82.5 21.0 -19.5 -24.0 -36.0 -60.0 -85.5 -103.5 -84.0 -63.0 25.5 -33.0 -43.5 -76.5 -127.5 -120.0 -93.0 -27.0 -33.0 -55.5 -84.0 -102.0 -127.5 -127.5 -115.5 -36.0 -52.5 -82.5 -96.0 -121.5 -127.5 -127.5 -127.5 -73.5 -96.0 -117.0 -127.5 -127.5 -127.5 -127.5 -127.5 -108.0 -127.5 -127.5 -127.5 -127.5 -127.5 -127.5 -127.5
upper 0 0 856.0 115.5 -15.0 24.0 36.0 60.0 76.5 91.5 270.0 54.0 -21.0 28.5 39.0 87.0 90.0 82.5 21.0 -19.5 24.0 36.0 60.0 85.5 103.5 84.0 21.0 25.5 33.0 43.5 76.5 127.5 120.0 93.0 81.0 33.0 55.5 84.0 102.0 127.5 127.5 115.5 36.0 52.5 82.5 96.0 121.5 127.5 127.5 127.5 73.5 96.0 117.0 127.5 127.5 127.5 127.5 127.5 108.0 127.5 127.5 127.5 127.5 127.5 127.5 127.5 952.0 -181.5 15.0 24.0 36.0 60.0 76.5 91.5 -90.0 162.0 21.0 28.5 39.0 87.0 90.0 82.5 63.0 19.5 24.0 36.0 60.0 85.5 103.5 84.0 21.0 25.5 33.0 43.5 76.5 127.5 120.0 93.0 27.0 33.0 55.5 84.0 102.0 127.5 127.5 115.5 36.0 52.5 82.5 96.0 121.5 127.5 127.5 127.5 73.5 96.0 117.0 127.5 127.5 127.5 127.5 127.5 108.0 127.5 127.5 127.5 127.5 127.5 127.5 127.5 1288.0 49.5 -45.0 24.0 36.0 60.0 76.5 91.5 -18.0 -126.0 -21.0 -28.5 39.0 87.0 90.0 82.5 -21.0 58.5 72.0 36.0 60.0 85.5 103.5 84.0 21.0 25.5 33.0 43.5 76.5 127.5 120.0 93.0 27.0 33.0 55.5 84.0 102.0 127.5 127.5 115.5 36.0 52.5 82.5 96.0 121.5 127.5 127.5 127.5 73.5 96.0 117.0 127.5 127.5 127.5 127.5 127.5 108.0 127.5 127.5 127.5 127.5 127.5 127.5 127.5
upper 0 1 952.0 -49.5 45.0 24.0 36.0 60.0 76.5 91.5 -234.0 18.0 63.0 28.5 39.0 87.0 90.0 82.5 21.0 97.5 -24.0 36.0 60.0 85.5 103.5 84.0 -21.0 25.5 33.0 43.5 76.5 127.5 120.0 93.0 27.0 33.0 55.5 84.0 102.0 127.5 127.5 115.5 36.0 52.5 82.5 96.0 121.5 127.5 127.5 127.5 73.5 96.0 117.0 127.5 127.5 127.5 127.5 127.5 108.0 127.5 127.5 127.5 127.5 127.5 127.5 127.5 1048.0 49.5 15.0 -24.0 36.0 60.0 76.5 91.5 54.0 -162.0 21.0 28.5 39.0 87.0 90.0 82.5 -21.0 -97.5 24.0 108.0 60.0 85.5 103.5 84.0 21.0 -25.5 33.0 43.5 76.5 127.5 120.0 93.0 27.0 33.0 55.5 84.0 102.0 127.5 127.5 115.5 36.0 52.5 82.5 96.0 121.5 127.5 127.5 127.5 73.5 96.0 117.0 127.5 127.5 127.5 127.5 127.5 108.0 127.5 127.5 127.5 127.5 127.5 127.5 127.5 1000.0 49.5 15.0 24.0 36.0 60.0 76.5 91.5 198.0 126.0 21.0 28.5 39.0 87.0 90.0 82.5 63.0 19.5 24.0 36.0 60.0 85.5 103.5 84.0 -21.0 76.5 33.0 43.5 76.5 127.5 120.0 93.0 81.0 33.0 55.5 84.0 102.0 127.5 127.5 115.5 36.0 52.5 82.5 96.0 121.5 127.5 127.5 127.5 73.5 96.0 117.0 127.5 127.5 127.5 127.5 127.5 108.0 127.5 127.5 127.5 127.5 127.5 127.5 127.5
upper 0 2 1288.0 49.5 -45.0 24.0 36.0 60.0 76.5 91.5 234.0 54.0 -21.0 28.5 39.0 87.0 90.0 82.5 -21.0 19.5 24.0 36.0 60.0 85.5 103.5 84.0 -21.0 25.5 33.0 43.5 76.5 127.5 120.0 93.0 27.0 33.0 55.5 84.0 102.0 127.5 127.5 115.5 36.0 52.5 82.5 96.0 121.5 127.5 127.5 127.5 73.5 96.0 117.0 127.5 127.5 127.5 127.5 127.5 108.0 127.5 127.5 127.5 127.5 127.5 127.5 127.5 952.0 82.5 15.0 72.0 36.0 60.0 76.5 91.5 -54.0 162.0 21.0 28.5 39.0 87.0 90.0 82.5 21.0 -19.5 24.0 36.0 60.0 85.5 103.5 84.0 63.0 25.5 33.0 43.5 76.5 127.5 120.0 93.0 27.0 33.0 55.5 84.0 102.0 127.5 127.5 115.5 36.0 52.5 82.5 96.0 121.5 127.5 127.5 127.5 73.5 96.0 117.0 127.5 127.5 127.5 127.5 127.5 108.0 127.5 127.5 127.5 127.5 127.5 127.5 127.5 808.0 -49.5 45.0 24.0 36.0 60.0 76.5 91.5 18.0 -90.0 -21.0 -28.5 39.0 87.0 90.0 82.5 63.0 19.5 24.0 36.0 60.0 85.5 103.5 84.0 -21.0 76.5 33.0 43.5 76.5 127.5 120.0 93.0 27.0 33.0 55.5 84.0 102.0 127.5 127.5 115.5 36.0 52.5 82.5 96.0 121.5 127.5 127.5 127.5 73.5 96.0 117.0 127.5 127.5 127.5 127.5 127.5 108.0 127.5 127.5 127.5 127.5 127.5 127.5 127.5
centres 0 0 832.0 97.67728883380383 -27.03376760404426 -0.0 -0.0 -0.0 -0.0 -0.0 251.1588607296631 34.922456556582276 -36.18894041900665 -0.0 -0.0 -0.0 -0.0 -0.0 -0.0 -35.61288796425422 -0.0 -0.0 -0.0 -0.0 -0.0 -0.0 -0.0 -0.0 -0.0 -0.0 -0.0 -0.0 -0.0 -0.0 41.71127628864386 -0.0 -0.0 -0.0 -0.0 -0.0 -0.0 -0.0 -0.0 -0.0 -0.0 -0.0 -0.0 -0.0 -0.0 -0.0 -0.0 -0.0 -0.0 -0.0 -0.0 -0.0 -0.0 -0.0 -0.0 -0.0 -0.0 -0.0 -0.0 -0.0 -0.0 -0.0 928.0 -196.67728883380383 -0.0 -0.0 -0.0 -0.0 -0.0 -0.0 -107.15886072966313 142.92245655658226 -0.0 -0.0 -0.0 -0.0 -0.0 -0.0 36.8765956766384 -0.0 -0.0 -0.0 -0.0 -0.0 -0.0 -0.0 -0.0 -0.0 -0.0 -0.0 -0.0 -0.0 -0.0 -0.0 -0.0 -0.0 -0.0 -0.0 -0.0 -0.0 -0.0 -0.0 -0.0 -0.0 -0.0 -0.0 -0.0 -0.0 -0.0 -0.0 -0.0 -0.0 -0.0 -0.0 -0.0 -0.0 -0.0 -0.0 -0.0 -0.0 -0.0 -0.0 -0.0 -0.0 -0.0 -0.0 1264.0 31.677288833803825 -57.03376760404426 -0.0 -0.0 -0.0 -0.0 -0.0 -35.158860729663125 -142.92245655658226 -36.18894041900665 -44.02856941579074 -0.0 -0.0 -0.0 -0.0 -36.8765956766384 35.61288796425422 37.076690034350094 -0.0 -0.0 -0.0 -0.0 -0.0 -0.0 -0.0 -0.0 -0.0 -0.0 -0.0 -0.0 -0.0 -0.0 -0.0 -0.0 -0.0 -0.0 -0.0 -0.0 -0.0 -0.0 -0.0 -0.0 -0.0 -0.0 -0.0 -0.0 -0.0 -0.0 -0.0 -0.0 -0.0 -0.0 -0.0 -0.0 -0.0 -0.0 -0.0 -0.0 -0.0 -0.0 -0.0 -0.0 -0.0
centres 0 1 928.0 -64.67728883380383 27.03376760404426 -0.0 -0.0 -0.0 -0.0 -0.0 -251.1588607296631 -0.0 36.18894041900665 -0.0 -0.0 -0.0 -0.0 -0.0 -0.0 74.61288796425423 -37.076690034350094 -0.0 -0.0 -0.0 -0.0 -0.0 -36.18894041900665 -0.0 -0.0 -0.0 -0.0 -0.0 -0.0 -0.0 -0.0 -0.0 -0.0 -0.0 -0.0 -0.0 -0.0 -0.0 -0.0 -0.0 -0.0 -0.0 -0.0 -0.0 -0.0 -0.0 -0.0 -0.0 -0.0 -0.0 -0.0 -0.0 -0.0 -0.0 -0.0 -0.0 -0.0 -0.0 -0.0 -0.0 -0.0 -0.0 1024.0 31.677288833803825 -0.0 -37.076690034350094 -0.0 -0.0 -0.0 -0.0 35.158860729663125 -178.92245655658226 -0.0 -0.0 -0.0 -0.0 -0.0 -0.0 -36.8765956766384 -113.61288796425423 -0.0 51.36353360242817 -0.0 -0.0 -0.0 -0.0 -0.0 -41.41463630557302 -0.0 -0.0 -0.0 -0.0 -0.0 -0.0 -0.0 -0.0 -0.0 -0.0 -0.0 -0.0 -0.0 -0.0 -0.0 -0.0 -0.0 -0.0 -0.0 -0.0 -0.0 -0.0 -0.0 -0.0 -0.0 -0.0 -0.0 -0.0 -0.0 -0.0 -0.0 -0.0 -0.0 -0.0 -0.0 -0.0 -0.0 -0.0 976.0 31.677288833803825 -0.0 -0.0 -0.0 -0.0 -0.0 -0.0 179.1588607296631 106.92245655658228 -0.0 -0.0 -0.0 -0.0 -0.0 -0.0 36.8765956766384 -0.0 -0.0 -0.0 -0.0 -0.0 -0.0 -0.0 -36.18894041900665 41.41463630557302 -0.0 -0.0 -0.0 -0.0 -0.0 -0.0 41.71127628864386 -0.0 -0.0 -0.0 -0.0 -0.0 -0.0 -0.0 -0.0 -0.0 -0.0 -0.0 -0.0 -0.0 -0.0 -0.0 -0.0 -0.0 -0.0 -0.0 -0.0 -0.0 -0.0 -0.0 -0.0 -0.0 -0.0 -0.0 -0.0 -0.0 -0.0 -0.0
centres 0 2 1264.0 31.677288833803825 -57.03376760404426 -0.0 -0.0 -0.0 -0.0 -0.0 215.1588607296631 34.922456556582276 -36.18894041900665 -0.0 -0.0 -0.0 -0.0 -0.0 -36.8765956766384 -0.0 -0.0 -0.0 -0.0 -0.0 -0.0 -0.0 -36.18894041900665 -0.0 -0.0 -0.0 -0.0 -0.0 -0.0 -0.0 -0.0 -0.0 -0.0 -0.0 -0.0 -0.0 -0.0 -0.0 -0.0 -0.0 -0.0 -0.0 -0.0 -0.0 -0.0 -0.0 -0.0 -0.0 -0.0 -0.0 -0.0 -0.0 -0.0 -0.0 -0.0 -0.0 -0.0 -0.0 -0.0 -0.0 -0.0 -0.0 928.0 64.67728883380383 -0.0 37.076690034350094 -0.0 -0.0 -0.0 -0.0 -71.15886072966312 142.92245655658226 -0.0 -0.0 -0.0 -0.0 -0.0 -0.0 -0.0 -35.61288796425422 -0.0 -0.0 -0.0 -0.0 -0.0 -0.0 36.18894041900665 -0.0 -0.0 -0.0 -0.0 -0.0 -0.0 -0.0 -0.0 -0.0 -0.0 -0.0 -0.0 -0.0 -0.0 -0.0 -0.0 -0.0 -0.0 -0.0 -0.0 -0.0 -0.0 -0.0 -0.0 -0.0 -0.0 -0.0 -0.0 -0.0 -0.0 -0.0 -0.0 -0.0 -0.0 -0.0 -0.0 -0.0 -0.0 -0.0 784.0 -64.67728883380383 27.03376760404426 -0.0 -0.0 -0.0 -0.0 -0.0 -0.0 -106.92245655658228 -36.18894041900665 -44.02856941579074 -0.0 -0.0 -0.0 -0.0 36.8765956766384 -0.0 -0.0 -0.0 -0.0 -0.0 -0.0 -0.0 -36.18894041900665 41.41463630557302 -0.0 -0.0 -0.0 -0.0 -0.0 -0.0 -0.0 -0.0 -0.0 -0.0 -0.0 -0.0 -0.0 -0.0 -0.0 -0.0 -0.0 -0.0 -0.0 -0.0 -0.0 -0.0 -0.0 -0.0 -0.0 -0.0 -0.0 -0.0 -0.0 -0.0 -0.0 -0.0 -0.0 -0.0 -0.0 -0.0 -0.0 -0.0
exact-centres 0 0 832.0:0.0 97.67728883380383:-1.838384310053701e-15 -27.03376760404426:1.092636998207678e-15 0.0:0.0 0.0:0.0 0.0:0.0 0.0:0.0 0.0:0.0 251.15886072966313:-1.0558942003713846e-14 34.922456556582276:4.386151157859091e-17 -36.18894041900664:-2.6415924173103262e-15 0.0:0.0 0.0:0.0 0.0:0.0 0.0:0.0 0.0:0.0 0.0:0.0 -35.61288796425422:-9.209775278844619e-16 0.0:0.0 0.0:0.0 0.0:0.0 0.0:0.0 0.0:0.0 0.0:0.0 0.0:0.0 0.0:0.0 0.0:0.0 0.0:0.0 0.0:0.0 0.0:0.0 0.0:0.0 0.0:0.0 41.71127628864386:-1.804579823471497e-15 0.0:0.0 0.0:0.0 0.0:0.0 0.0:0.0 0.0:0.0 0.0:0.0 0.0:0.0 0.0:0.0 0.0:0.0 0.0:0.0 0.0:0.0 0.0:0.0 0.0:0.0 0.0:0.0 0.0:0.0 0.0:0.0 0.0:0.0 0.0:0.0 0.0:0.0 0.0:0.0 0.0:0.0 0.0:0.0 0.0:0.0 0.0:0.0 0.0:0.0 0.0:0.0 0.0:0.0 0.0:0.0 0.0:0.0 0.0:0.0 0.0:0.0 928.0:0.0 -196.67728883380383:1.838384310053701e-15 0.0:0.0 0.0:0.0 0.0:0.0 0.0:0.0 0.0:0.0 0.0:0.0 -107.15886072966312:-3.651912711488158e-15 142.9224565565823:-1.4166993203623413e-14 0.0:0.0 0.0:0.0 0.0:0.0 0.0:0.0 0.0:0.0 0.0:0.0 36.8765956766384:-1.386380922217404e-15 0.0:0.0 0.0:0.0 0.0:0.0 0.0:0.0 0.0:0.0 0.0:0.0 0.0:0.0 0.0:0.0 0.0:0.0 0.0:0.0 0.0:0.0 0.0:0.0 0.0:0.0 0.0:0.0 0.0:0.0 0.0:0.0 0.0:0.0 0.0:0.0 0.0:0.0 0.0:0.0 0.0:0.0 0.0:0.0 0.0:0.0 0.0:0.0 0.0:0.0 0.0:0.0 0.0:0.0 0.0:0.0 0.0:0.0 0.0:0.0 0.0:0.0 0.0:0.0 0.0:0.0 0.0:0.0 0.0:0.0 0.0:0.0 0.0:0.0 0.0:0.0 0.0:0.0 0.0:0.0 0.0:0.0 0.0:0.0 0.0:0.0 0.0:0.0 0.0:0.0 0.0:0.0 0.0:0.0 1264.0:0.0 31.677288833803825:1.7143293687467999e-15 -57.03376760404426:-2.460076680592823e-15 0.0:0.0 0.0:0.0 0.0:0.0 0.0:0.0 0.0:0.0 -35.158860729663125:3.453514646112844e-15 -142.9224565565823:1.4166993203623413e-14 -36.18894041900664:-2.6415924173103262e-15 -44.02856941579074:3.48381811535347e-15 0.0:0.0 0.0:0.0 0.0:0.0 0.0:0.0 -36.8765956766384:1.386380922217404e-15 35.61288796425422:9.209775278844619e-16 37.076690034350094:1.5538967602924478e-15 0.0:0.0 0.0:0.0 0.0:0.0 0.0:0.0 0.0:0.0 0.0:0.0 0.0:0.0 0.0:0.0 0.0:0.0 0.0:0.0 0.0:0.0 0.0:0.0 0.0:0.0 0.0:0.0 0.0:0.0 0.0:0.0 0.0:0.0 0.0:0.0 0.0:0.0 0.0:0.0 0.0:0.0 0.0:0.0 0.0:0.0 0.0:0.0 0.0:0.0 0.0:0.0 0.0:0.0 0.0:0.0 0.0:0.0 0.0:0.0 0.0:0.0 0.0:0.0 0.0:0.0 0.0:0.0 0.0:0.0 0.0:0.0 0.0:0.0 0.0:0.0 0.0:0.0 0.0:0.0 0.0:0.0 0.0:0.0 0.0:0.0 0.0:0.0 0.0:0.0
exact-centres 0 1 928.0:0.0 -64.67728883380383:1.838384310053701e-15 27.03376760404426:-1.092636998207678e-15 0.0:0.0 0.0:0.0 0.0:0.0 0.0:0.0 0.0:0.0 -251.15886072966313:1.0558942003713846e-14 0.0:0.0 36.18894041900664:2.6415924173103262e-15 0.0:0.0 0.0:0.0 0.0:0.0 0.0:0.0 0.0:0.0 0.0:0.0 74.61288796425423:-6.18444982971654e-15 -37.076690034350094:-1.5538967602924478e-15 0.0:0.0 0.0:0.0 0.0:0.0 0.0:0.0 0.0:0.0 -36.18894041900664:-2.6415924173103262e-15 0.0:0.0 0.0:0.0 0.0:0.0 0.0:0.0 0.0:0.0 0.0:0.0 0.0:0.0 0.0:0.0 0.0:0.0 0.0:0.0 0.0:0.0 0.0:0.0 0.0:0.0 0.0:0.0 0.0:0.0 0.0:0.0 0.0:0.0 0.0:0.0 0.0:0.0 0.0:0.0 0.0:0.0 0.0:0.0 0.0:0.0 0.0:0.0 0.0:0.0 0.0:0.0 0.0:0.0 0.0:0.0 0.0:0.0 0.0:0.0 0.0:0.0 0.0:0.0 0.0:0.0 0.0:0.0 0.0:0.0 0.0:0.0 0.0:0.0 0.0:0.0 0.0:0.0 1024.0:0.0 31.677288833803825:1.7143293687467999e-15 0.0:0.0 -37.076690034350094:-1.5538967602924478e-15 0.0:0.0 0.0:0.0 0.0:0.0 0.0:0.0 35.158860729663125:-3.453514646112844e-15 -178.9224565565823:1.4166993203623413e-14 0.0:0.0 0.0:0.0 0.0:0.0 0.0:0.0 0.0:0.0 0.0:0.0 -36.8765956766384:1.386380922217404e-15 -113.61288796425423:6.18444982971654e-15 0.0:0.0 51.36353360242818:-1.773238314425564e-15 0.0:0.0 0.0:0.0 0.0:0.0 0.0:0.0 0.0:0.0 -41.41463630557302:-2.80676942675683e-16 0.0:0.0 0.0:0.0 0.0:0.0 0.0:0.0 0.0:0.0 0.0:0.0 0.0:0.0 0.0:0.0 0.0:0.0 0.0:0.0 0.0:0.0 0.0:0.0 0.0:0.0 0.0:0.0 0.0:0.0 0.0:0.0 0.0:0.0 0.0:0.0 0.0:0.0 0.0:0.0 0.0:0.0 0.0:0.0 0.0:0.0 0.0:0.0 0.0:0.0 0.0:0.0 0.0:0.0 0.0:0.0 0.0:0.0 0.0:0.0 0.0:0.0 0.0:0.0 0.0:0.0 0.0:0.0 0.0:0.0 0.0:0.0 0.0:0.0 0.0:0.0 976.0:0.0 31.677288833803825:1.7143293687467999e-15 0.0:0.0 0.0:0.0 0.0:0.0 0.0:0.0 0.0:0.0 0.0:0.0 179.15886072966313:-1.0558942003713846e-14 106.92245655658228:4.386151157859091e-17 0.0:0.0 0.0:0.0 0.0:0.0 0.0:0.0 0.0:0.0 0.0:0.0 36.8765956766384:-1.386380922217404e-15 0.0:0.0 0.0:0.0 0.0:0.0 0.0:0.0 0.0:0.0 0.0:0.0 0.0:0.0 -36.18894041900664:-2.6415924173103262e-15 41.41463630557302:2.80676942675683e-16 0.0:0.0 0.0:0.0 0.0:0.0 0.0:0.0 0.0:0.0 0.0:0.0 41.71127628864386:-1.804579823471497e-15 0.0:0.0 0.0:0.0 0.0:0.0 0.0:0.0 0.0:0.0 0.0:0.0 0.0:0.0 0.0:0.0 0.0:0.0 0.0:0.0 0.0:0.0 0.0:0.0 0.0:0.0 0.0:0.0 0.0:0.0 0.0:0.0 0.0:0.0 0.0:0.0 0.0:0.0 0.0:0.0 0.0:0.0 0.0:0.0 0.0:0.0 0.0:0.0 0.0:0.0 0.0:0.0 0.0:0.0 0.0:0.0 0.0:0.0 0.0:0.0 0.0:0.0
exact-centres 0 2 1264.0:0.0 31.677288833803825:1.7143293687467999e-15 -57.03376760404426:-2.460076680592823e-15 0.0:0.0 0.0:0.0 0.0:0.0 0.0:0.0 0.0:0.0 215.15886072966313:-1.0558942003713846e-14 34.922456556582276:4.386151157859091e-17 -36.18894041900664:-2.6415924173103262e-15 0.0:0.0 0.0:0.0 0.0:0.0 0.0:0.0 0.0:0.0 -36.8765956766384:1.386380922217404e-15 0.0:0.0 0.0:0.0 0.0:0.0 0.0:0.0 0.0:0.0 0.0:0.0 0.0:0.0 -36.18894041900664:-2.6415924173103262e-15 0.0:0.0 0.0:0.0 0.0:0.0 0.0:0.0 0.0:0.0 0.0:0.0 0.0:0.0 0.0:0.0 0.0:0.0 0.0:0.0 0.0:0.0 0.0:0.0 0.0:0.0 0.0:0.0 0.0:0.0 0.0:0.0 0.0:0.0 0.0:0.0 0.0:0.0 0.0:0.0 0.0:0.0 0.0:0.0 0.0:0.0 0.0:0.0 0.0:0.0 0.0:0.0 0.0:0.0 0.0:0.0 0.0:0.0 0.0:0.0 0.0:0.0 0.0:0.0 0.0:0.0 0.0:0.0 0.0:0.0 0.0:0.0 0.0:0.0 0.0:0.0 0.0:0.0 928.0:0.0 64.67728883380383:-1.838384310053701e-15 0.0:0.0 37.076690034350094:1.5538967602924478e-15 0.0:0.0 0.0:0.0 0.0:0.0 0.0:0.0 -71.15886072966312:-3.651912711488158e-15 142.9224565565823:-1.4166993203623413e-14 0.0:0.0 0.0:0.0 0.0:0.0 0.0:0.0 0.0:0.0 0.0:0.0 0.0:0.0 -35.61288796425422:-9.209775278844619e-16 0.0:0.0 0.0:0.0 0.0:0.0 0.0:0.0 0.0:0.0 0.0:0.0 36.18894041900664:2.6415924173103262e-15 0.0:0.0 0.0:0.0 0.0:0.0 0.0:0.0 0.0:0.0 0.0:0.0 0.0:0.0 0.0:0.0 0.0:0.0 0.0:0.0 0.0:0.0 0.0:0.0 0.0:0.0 0.0:0.0 0.0:0.0 0.0:0.0 0.0:0.0 0.0:0.0 0.0:0.0 0.0:0.0 0.0:0.0 0.0:0.0 0.0:0.0 0.0:0.0 0.0:0.0 0.0:0.0 0.0:0.0 0.0:0.0 0.0:0.0 0.0:0.0 0.0:0.0 0.0:0.0 0.0:0.0 0.0:0.0 0.0:0.0 0.0:0.0 0.0:0.0 0.0:0.0 0.0:0.0 784.0:0.0 -64.67728883380383:1.838384310053701e-15 27.03376760404426:-1.092636998207678e-15 0.0:0.0 0.0:0.0 0.0:0.0 0.0:0.0 0.0:0.0 0.0:0.0 -106.92245655658228:-4.386151157859091e-17 -36.18894041900664:-2.6415924173103262e-15 -44.02856941579074:3.48381811535347e-15 0.0:0.0 0.0:0.0 0.0:0.0 0.0:0.0 36.8765956766384:-1.386380922217404e-15 0.0:0.0 0.0:0.0 0.0:0.0 0.0:0.0 0.0:0.0 0.0:0.0 0.0:0.0 -36.18894041900664:-2.6415924173103262e-15 41.41463630557302:2.80676942675683e-16 0.0:0.0 0.0:0.0 0.0:0.0 0.0:0.0 0.0:0.0 0.0:0.0 0.0:0.0 0.0:0.0 0.0:0.0 0.0:0.0 0.0:0.0 0.0:0.0 0.0:0.0 0.0:0.0 0.0:0.0 0.0:0.0 0.0:0.0 0.0:0.0 0.0:0.0 0.0:0.0 0.0:0.0 0.0:0.0 0.0:0.0 0.0:0.0 0.0:0.0 0.0:0.0 0.0:0.0 0.0:0.0 0.0:0.0 0.0:0.0 0.0:0.0 0.0:0.0 0.0:0.0 0.0:0.0 0.0:0.0 0.0:0.0 0.0:0.0 0.0:0.0
record 0 4233.431011149203 -0.0 nan nan
record 10 3179.938355173369 1106.7125805081407 nan nan
record 20 3110.618299590066 2250.2347384322206 nan nan
record 30 3089.483768549271 2649.216784534423 nan nan
record 40 3082.8525230601576 2820.250956928539 nan nan
canvas 0 0 157.53197400477012 157.61733829919626 157.77002431836758 157.38349256972498 154.98066507797984 149.33653068973604 136.116509805691 119.82260572539899 98.65777627224456 98.67700167350407 99.11141908775143 99.1359379085345 103.70422352308829 112.63858615865728 112.63500511276462 112.48375551424654 112.4516242532095 125.51699366572234 157.58940164997946 157.5419776936186 157.44316245017774 157.303855903928 164.39283556953671 164.36212864176142
canvas 0 1 157.55411034688012 157.57046633216527 156.83652770345978 153.90450573677086 148.35827189370522 136.35947877412426 119.89384482295122 101.66592211314419 98.63777025816724 98.46827249848874 99.09707637556255 99.40454715254876 104.97918276033388 112.72454692447062 112.62988201888828 112.51785641536223 112.99904788932439 125.64543268750124 157.55824241594652 157.66678801305028 157.4884694177229 160.76446654104737 164.40549630823756 164.29898591290726
canvas 0 2 145.3730037688229 145.41054232286282 145.1041484555546 141.76547405010322 130.12828024235148 113.42594329560848 98.35933174198696 97.23778507769934 96.74580731771428 97.43001671766963 99.01385088430735 100.30649374443489 107.28221492301431 112.72240152320268 112.64843032430436 113.96313786434627 114.86885244431159 130.2422095543629 162.77922581429132 165.29845253040114 165.21586387222212 164.6873079428622 164.62317998652009 164.50587761465002
canvas 0 3 145.53942168815152 144.85629400974204 139.39266034596224 127.4849442507352 112.25958178577582 100.24608564416687 96.54311592269991 94.56798872546906 92.78652212597719 94.6377697922733 98.40984173535924 101.9521532491836 109.91592245184631 112.7270201929802 119.59227810247316 124.52709198375418 121.82606095932832 147.7670671755847 166.34022914038584 166.31927095495018 166.2956457585724 164.77266437465406 164.78482469300076 161.9443792071115
canvas 0 4 126.95169242647249 120.542911052663 109.14993864225006 97.03613601970605 88.85634524664675 85.31437628756508 83.89394872484773 84.16634435474707 85.92247889178259 89.34454123993768 96.51735878552915 104.21426424855883 111.97922150539551 130.50178921491135 151.52635848701004 159.48171321263868 157.5459677811782 165.01957444204888 166.40240810154432 166.38310581714927 166.511600805552 164.54969125387078 160.1984936657777 127.66705468634986
canvas 0 5 73.12657976018824 73.13581597305601 73.13189113055418 72.89105942432009 72.73357632843697 72.67835459311414 72.89007556995283 74.26490156727294 80.46116181575378 83.1671178633155 93.13140384974211 106.71577053685361 128.481963739413 162.11452477869662 180.44875527855675 180.64506308674893 179.95799950867396 174.83800608193567 166.37114918916615 166.39193046403287 166.3618850368625 162.1057992924359 127.71374954309877 127.26407214987518
canvas 0 6 72.92697376438649 72.96705426555957 73.01169109729139 72.90265309059932 72.66711716330234 72.55701556961372 72.54774389940113 72.61986012476036 79.3949099670879 79.78744301248581 89.38493724349378 113.52873673286803 147.23146936863793 173.6253742871025 180.72748972357897 188.40190550398793 188.3842276398321 185.59641306353925 166.34600919556655 166.3587642683449 158.34342453828376 137.29705952011776 127.73352599782206 127.05723332168071
canvas 0 7 73.03248643945984 73.02926917716212 73.1236303884227 73.06756737937187 72.7698826210642 72.68667694824379 72.68266027321744 74.24690115459283 79.3865150324074 79.41627704267235 84.97347180754468 119.57193292887753 152.06105116732937 173.84200710774854 183.33576855678655 188.3806982871574 191.5873606753356 191.64346316324185 166.38333818673482 151.65798575861086 140.43220968274315 131.43690105193474 127.98143721641281 126.77813786336768
canvas 0 8 74.50259382369477 73.97987118352164 73.42480751996314 73.2406517178147 73.48853876539116 74.40067025103218 76.69146167116843 79.29339644505184 79.33502216142205 79.3598060006765 79.87348229046329 119.46487880695958 148.13083019787692 169.2981064229772 181.33014968580085 187.1362991318371 191.59667650954867 189.87020474207216 169.28629692458978 151.09140651406366 138.62117125409625 130.57618843518307 130.01807013445753 130.04290049470563
canvas 0 9 81.09364422462446 79.70029115240754 77.81729716638668 76.76832412012166 77.61001161011254 80.38416932834608 83.41627827331877 84.32116842334077 79.25045672720618 80.36050391701815 111.97832339076523 137.02144096020265 137.27974744392716 150.69107190380547 168.3892947475611 180.09952858545867 183.4241667577181 168.6105438698724 152.2958990108951 140.84234843629085 135.56577114330477 130.58555122914814 130.1938826073062 130.15038336774475
canvas 0 10 92.9373966996499 91.97830568363491 90.77826558235456 90.43024190007512 91.94257905763655 96.5788774697074 108.75783681790719 123.8638685865254 128.14845514721154 142.59070242969364 143.1544018487225 137.7137975407707 122.25543721150655 121.15800147301916 126.55059817127625 135.46669302367778 137.06342676816092 137.21268700107245 137.20386109897285 137.20454661034947 134.43515993184232 130.44933461096983 129.86935060924012 129.82369214372085
canvas 0 11 100.53757115691285 99.84354600151434 99.12028102981868 99.50190161114332 103.14667493786561 116.34353494438433 138.67044362637955 148.9955387532188 148.96921401085024 149.05838106988034 149.03674803152904 149.07140033121985 118.50622773949253 109.7883352308495 112.76271072100285 125.79294842341427 135.91928247788863 137.21128424215954 137.17944777539591 135.51951440315594 132.7228057722408 130.3547025931302 130.09145281011223 130.10211349612453
canvas 0 12 107.47816545196535 107.09626785723715 107.41315035828171 111.14780507381965 122.6213104013229 140.6420376191277 149.05270986702484 148.99197495321508 148.99195511738893 149.00956857503624 148.9902276873238 149.1193037139255 105.8400832798048 105.82809367077624 105.87209702635646 106.46479095980473 107.03184628086066 112.50892304536517 115.49332614398807 115.21275207111925 113.0297029044266 111.63274733799443 110.67133555627247 110.16939942649722
canvas 0 13 121.74117306132149 123.43584422735765 127.77761986343658 135.84455937741123 145.082057514071 148.83289531951473 149.02675037051614 149.02971047524846 149.07818047088392 149.04987636948215 149.03164283203117 141.23214739096622 105.8121918995687 105.79427207468021 105.71015893854677 105.70775496269871 92.2280822102275 91.442854592719 93.0430594062702 94.7680910034669 103.4455068696067 104.29761138307867 104.34760852137246 104.24887286156176
canvas 0 14 147.02784220817966 148.93358594082744 151.99372462626206 154.14528249200194 153.67070913043514 151.46468726626148 149.5952413157439 149.09046761789534 148.98844454551016 148.98293055417523 141.6775003174669 116.68336578428666 105.81248649094537 105.78970140126036 105.67401136610988 99.51690004066904 87.53030563090907 88.30559560542686 91.76310066925966 91.77811918834222 103.27953198695651 104.26546707279427 104.3751265748967 104.45510019881304
canvas 0 15 165.53035433866768 167.58590671137785 169.66042560884554 169.8285791762593 167.19529655015427 161.25660856685116 152.48057856103918 149.67144215753456 149.02649131639944 144.60148828116294 121.82666156541674 113.00960662803013 105.79192452939523 105.82242498744475 104.35726585793029 86.97380969071119 85.03690353355348 86.38092708341868 91.72577578178453 98.31437591825271 104.2787031050331 104.2912425123746 129.26779288952102 129.25536680292453
canvas 0 16 187.0375993941589 186.61693393436533 187.69161547033875 187.63330784969034 187.39311308276356 186.57279611516142 162.57295393997694 153.10275146048147 153.205152191236 153.42416780383752 124.39935164722327 114.55292365944148 105.78109658350944 105.04624752012813 80.89130475168646 80.9921688196918 81.07847008168143 83.25645949312094 95.31693549023267 102.22443178696959 104.32104573409102 108.34858180378318 129.1957324666314 129.1904264380739
canvas 0 17 187.13011845314008 187.254824244179 187.61415149621217 187.69170688893297 187.50870301621734 187.17172540657646 166.0222858278842 153.09870566476047 153.1335916758949 150.23414689042446 122.83620630735749 114.35018124158303 105.50489381591022 92.21497793519261 80.8397661182914 79.47794437930274 79.48828678305739 79.57439124255241 95.5099652678415 102.40201843473129 106.90332104108514 118.49652896900156 129.25415859342584 131.097237989582
canvas 0 18 186.6147393506443 187.06474664005242 187.5052252274522 187.55629549034296 187.40407323481293 187.28527267861924 164.1614988492467 153.0798630573592 150.86596203196123 138.0329541433924 121.04737790354984 115.09257074157405 105.46250843234638 91.80947840604713 80.87539162103651 79.44044213570588 79.47072657118503 79.489456779091 93.82282215289617 100.31657457287783 107.4841635668272 119.0863232105295 129.29885200900904 131.30792817496038
canvas 0 19 182.17918121323603 185.89144093473485 187.53496763781098 187.3008708247239 187.1478702809287 176.22433139638017 157.0341540590198 147.9945858292032 140.5411328801022 128.40693822134455 121.39071879233869 118.80457700252782 112.1984177674756 99.43276277005613 82.93391092075684 79.50351337661024 79.53577358244493 83.47194621484553 92.17103748503368 94.28555109658417 99.22252798487789 109.79285585854842 124.80009292702016 131.38832566014344
canvas 0 20 149.03167435679066 156.05449615982536 167.42021213360235 175.72568115941738 169.55154051189163 151.85779841664495 137.07927350983465 129.6934978376681 128.0129042073211 123.7969778438443 122.06244649479166 122.40850742893066 122.34857794011485 121.47209677404072 113.28463479529023 101.17103185781454 89.94152539274029 90.93666303962351 92.02471566074216 92.03940677965997 92.08164276426808 92.15224720206241 92.21203678242463 92.21961997278379
canvas 0 21 123.56203714016026 123.56960419138333 123.49621543319174 123.56736083733706 123.55659932216629 123.62316108094038 123.63627425738464 123.61849873522173 121.9398202070823 121.02467713962223 121.39398990527764 122.44918865482857 128.04974641317986 137.70817582650554 138.0756503396033 134.2754025720166 120.48371886488766 93.7708195255463 92.0352888464693 92.03441284115175 92.06603945462277 92.12551376894181 92.16481514358037 92.15428463552209
canvas 0 22 123.65105574300958 123.61475866874089 123.55787940063077 123.4899280108967 123.43820434312298 123.30023919646145 123.3594779906273 118.63357450248435 115.55959984407065 115.50447162968338 116.43880283535742 119.69029317234505 133.77812257192218 143.58523293227228 143.56592043637582 143.52719303990477 143.54998877080052 96.8887978082845 95.22267580272832 94.32974017649744 94.57858005222707 94.81484927882882 94.02225317363525 93.04709324359536
canvas 0 23 123.67189308753711 123.56431344647758 123.48517446018491 123.2189200864217 123.04732724138653 122.8328439353945 121.41136971262502 116.58670614113288 114.24262655893895 114.21227824878306 114.16131604594376 114.17903633820006 134.63576196065833 143.57724333270158 143.59165678994165 143.553837375102 143.54739074423205 97.84627130206428 97.17185480801982 97.20123061484797 97.15586950530358 98.01820683722727 97.70608671782728 97.8534110261192
constants method=tv centres_tested=8.474169950018421e-13 centres_reference=5.139138019376396e-14 tau=3.8535697735995385 sigma=0.032113081446662826 rho=1.9 root=0.9949874371066201 gamma_max=1.0 lipschitz=33.941125496954314 dual_lipschitz=10891.445358628956 dual_centres=0.009683777217858987 weight_max=3.519791666666667e-05 dual_reach=3850.7074350046382 dual_fixed=8.9807484375 xi_bound=33.941125496954314 xi_terms_bound=33.941125496954314 cells=1 vector_terms=2 tensor_terms=3 primal_terms=1748 dual_terms=584 dual_rounding=4
start SI0=4262.6578655119665 ScenA=8.474169950018421e-13 ScenR=5.139138019376396e-14 Sgx0=402.34834866668797
majorant 0 Ma=12.920645290663643 McenA=6.82839715801807e-17 McenR=4.701756850190705e-18 Md=0.0 Mf=21076.3862034694 Mg=12.920645290663643 Mi=4262.657865511968 Mmean=0.0 Mp=9.744471514959647 Mphi=3093.025100045214 Mput=0.0 Mq=99.32656695432445 Mrp=18.51449587842333 Mrx=8660.4702801266 Mx=3093.025100045214
majorant 1 Ma=28.14825920236571 McenA=6.82839715801807e-17 McenR=4.701756850190705e-18 Md=175.00896863388425 Mf=21070.88039516213 Mg=10.701217143182921 Mi=4269.859286104932 Mmean=0.0 Mp=11.459959062635205 Mphi=3084.655457904028 Mput=0.0 Mq=98.82901721574768 Mrp=38.0142077551169 Mrx=8644.222119453361 Mx=3093.0251000452154
majorant 2 Ma=16.100129138220854 McenA=6.82839715801807e-17 McenR=4.701756850190705e-18 Md=71.21421836321092 Mf=21063.613494384048 Mg=11.86888805763916 Mi=4312.858815867195 Mmean=0.0 Mp=11.37564671109593 Mphi=3076.6207627203253 Mput=0.0 Mq=98.88843140969891 Mrp=27.419966567048466 Mrx=8619.363183593518 Mx=3078.1900377371594
majorant 3 Ma=26.384137339711767 McenA=6.82839715801807e-17 McenR=4.701756850190705e-18 Md=159.11985881381295 Mf=21055.309032210862 Mg=10.612450181906409 Mi=4313.851276751101 Mmean=0.0 Mp=11.488174015745527 Mphi=3072.618050246441 Mput=0.0 Mq=98.64285473431855 Mrp=36.63100811077422 Mrx=8614.147184988336 Mx=3079.268974977492
majorant 4 Ma=17.17393851854746 McenA=6.82839715801807e-17 McenR=4.701756850190705e-18 Md=76.025917740993 Mf=21047.258583366453 Mg=11.726751553034854 Mi=4339.909273766977 Mmean=0.0 Mp=11.390494915560335 Mphi=3070.178032941753 Mput=0.0 Mq=98.75688434525904 Mrp=28.411231816985808 Mrx=8604.404131065365 Mx=3072.0619503154703
majorant 5 Ma=25.270327209908075 McenA=6.82839715801807e-17 McenR=4.701756850190705e-18 Md=147.38299693701262 Mf=21040.08551922263 Mg=10.83092598391189 Mi=4358.546162847136 Mmean=0.0 Mp=11.516629003992179 Mphi=3069.1801863578144 Mput=0.0 Mq=98.72320447449866 Mrp=35.605347493570605 Mrx=8609.058969888738 Mx=3075.0914180106492
majorant 6 Ma=18.19056058362617 McenA=6.82839715801807e-17 McenR=4.701756850190705e-18 Md=83.82201157883881 Mf=21060.88591250414 Mg=11.852420472690259 Mi=4397.627318613685 Mmean=0.0 Mp=11.4457805991932 Mphi=3072.039457305627 Mput=0.0 Mq=98.84282239901367 Mrp=29.387229646490884 Mrx=8611.114128206229 Mx=3074.250047228659
majorant 7 Ma=24.502910224585953 McenA=6.82839715801807e-17 McenR=4.701756850190705e-18 Md=138.48581527331407 Mf=21061.293524299403 Mg=11.061871098077438 Mi=4416.7505883203585 Mmean=0.0 Mp=11.494171504394645 Mphi=3072.3114352361913 Mput=0.0 Mq=98.82506711429923 Mrp=34.77593554765824 Mrx=8617.138240714974 Mx=3077.7521805941337
majorant 8 Ma=18.95643616027723 McenA=6.82839715801807e-17 McenR=4.701756850190705e-18 Md=88.82007670235085 Mf=21079.77587204722 Mg=12.003638167791628 Mi=4447.251029958669 Mmean=0.0 Mp=11.40678916813779 Mphi=3074.951915948057 Mput=0.0 Mq=98.93989143686981 Mrp=29.859405036024068 Mrx=8619.929833489598 Mx=3077.407343690588
majorant 9 Ma=23.92618848580821 McenA=6.82839715801807e-17 McenR=4.701756850190705e-18 Md=131.54443881480466 Mf=21082.841814509786 Mg=11.317058885550754 Mi=4464.904497417243 Mmean=0.0 Mp=11.384538963944683 Mphi=3075.6969016823373 Mput=0.0 Mq=98.86728041283952 Mrp=33.93640016142274 Mrx=8624.085500223842 Mx=3080.7894319816687
majorant 10 Ma=19.482639166414998 McenA=6.82839715801807e-17 McenR=4.701756850190705e-18 Md=91.49997985135363 Mf=21086.063889288347 Mg=12.045024467918134 Mi=4479.148265152026 Mmean=0.0 Mp=11.36292300933403 Mphi=3076.1306482634986 Mput=0.0 Mq=98.9533076014724 Mrp=30.105512584796625 Mrx=8623.007754513646 Mx=3078.814016703969
majorant 11 Ma=23.490177522403645 McenA=6.82839715801807e-17 McenR=4.701756850190705e-18 Md=126.23321086148495 Mf=21086.77486187031 Mg=11.474078107869282 Mi=4492.636126598008 Mmean=0.0 Mp=11.367742036436999 Mphi=3076.4415474873263 Mput=0.0 Mq=98.89109567931364 Mrp=33.46803184692304 Mrx=8625.72288107922 Mx=3081.2626038726125
majorant 12 Ma=19.92159430598588 McenA=6.82839715801807e-17 McenR=4.701756850190705e-18 Md=94.30874604417315 Mf=21089.01255593184 Mg=12.05655150570168 Mi=4505.778921230986 Mmean=0.0 Mp=11.36686873043047 Mphi=3076.6718283702376 Mput=0.0 Mq=98.96420294893393 Mrp=30.43300576146983 Mrx=8624.730092289461 Mx=3079.5465538734725
majorant 13 Ma=23.157227340166546 McenA=6.82839715801807e-17 McenR=4.701756850190705e-18 Md=122.51944333936434 Mf=21090.22341269592 Mg=11.612194949132588 Mi=4516.706685036173 Mmean=0.0 Mp=11.374066879430925 Mphi=3077.021501678869 Mput=0.0 Mq=98.92069868041887 Mrp=33.15960587503637 Mrx=8627.30228356338 Mx=3081.624937425145
majorant 14 Ma=20.315760914796538 McenA=6.82839715801807e-17 McenR=4.701756850190705e-18 Md=97.00139304892583 Mf=21093.326496375616 Mg=12.129064095744642 Mi=4530.0302200046945 Mmean=0.0 Mp=11.377443927241247 Mphi=3077.4126206431242 Mput=0.0 Mq=98.97827088912084 Mrp=30.72936679402889 Mrx=8626.831180910858 Mx=3080.4429395244188
majorant 15 Ma=22.94407720357206 McenA=6.82839715801807e-17 McenR=4.701756850190705e-18 Md=120.03891226226038 Mf=21093.66385640757 Mg=11.80891014251098 Mi=4544.025262253839 Mmean=0.0 Mp=11.358272650741846 Mphi=3077.655402816297 Mput=0.0 Mq=98.92886919728105 Mrp=32.87888385447245 Mrx=8628.425956664367 Mx=3082.0879399917244
majorant 16 Ma=20.63354173953638 McenA=6.82839715801807e-17 McenR=4.701756850190705e-18 Md=98.7494725080081 Mf=21092.918600238045 Mg=12.237520363404906 Mi=4557.390981286055 Mmean=0.0 Mp=11.321820657522753 Mphi=3077.553005604885 Mput=0.0 Mq=98.96982813090192 Mrp=30.79790910646752 Mrx=8627.095462194566 Mx=3080.709720985051
majorant 17 Ma=22.723050304591627 McenA=6.82839715801807e-17 McenR=4.701756850190705e-18 Md=116.79975410797404 Mf=21091.75874072895 Mg=11.945971934143842 Mi=4566.812878133055 Mmean=0.0 Mp=11.324796114518897 Mphi=3077.553522295639 Mput=0.0 Mq=98.92985398752907 Mrp=32.54939922392004 Mrx=8628.034140320355 Mx=3081.8530675965467
majorant 18 Ma=20.89325809979656 McenA=6.82839715801807e-17 McenR=4.701756850190705e-18 Md=100.15222967496885 Mf=21091.23845433603 Mg=12.301020124206559 Mi=4575.813225643618 Mmean=0.0 Mp=11.327670918206286 Mphi=3077.46547303481 Mput=0.0 Mq=98.96140172475812 Mrp=30.98207620154501 Mrx=8626.89211579514 Mx=3080.728137302265
majorant 19 Ma=22.587580814358756 McenA=6.82839715801807e-17 McenR=4.701756850190705e-18 Md=114.95649719598345 Mf=21089.81862329029 Mg=12.071750580583654 Mi=4583.84448814519 Mmean=0.0 Mp=11.33220520502761 Mphi=3077.4177740621635 Mput=0.0 Mq=98.92804286707889 Mrp=32.40656729603414 Mrx=8627.53433864876 Mx=3081.6056076734867
majorant 20 Ma=21.1181988144836 McenA=6.82839715801807e-17 McenR=4.701756850190705e-18 Md=101.61990591743132 Mf=21089.024032724545 Mg=12.373533025843491 Mi=4591.718375582095 Mmean=0.0 Mp=11.320476716461895 Mphi=3077.313858993878 Mput=0.0 Mq=98.95298618411763 Mrp=31.114276198490487 Mrx=8626.529462221242 Mx=3080.6630623983287
majorant 21 Ma=22.471104684851877 McenA=6.82839715801807e-17 McenR=4.701756850190705e-18 Md=113.31532746383796 Mf=21087.550730422907 Mg=12.182916340329792 Mi=4597.8486442991 Mmean=0.0 Mp=11.304953924554797 Mphi=3077.2532250718505 Mput=0.0 Mq=98.92478527755398 Mrp=32.20651131568317 Mrx=8626.978532446525 Mx=3081.3539035671624
majorant 22 Ma=21.2760248226774 McenA=6.82839715801807e-17 McenR=4.701756850190705e-18 Md=102.47285092876582 Mf=21086.639158423975 Mg=12.424342837682348 Mi=4603.946497066917 Mmean=0.0 Mp=11.28774334879872 Mphi=3077.1350489502706 Mput=0.0 Mq=98.9445599356107 Mrp=31.133322552650654 Mrx=8626.08688525335 Mx=3080.554578541081
majorant 23 Ma=22.36436845243789 McenA=6.82839715801807e-17 McenR=4.701756850190705e-18 Md=111.98717362356359 Mf=21085.41407100855 Mg=12.262007794044896 Mi=4610.399379978817 Mmean=0.0 Mp=11.282465136128328 Mphi=3077.068279735767 Mput=0.0 Mq=98.9232042963558 Mrp=32.029722037249634 Mrx=8626.466107283406 Mx=3081.0997652531823
majorant 24 Ma=21.408247609665903 McenA=6.82839715801807e-17 McenR=4.701756850190705e-18 Md=103.35763792064944 Mf=21085.18352091017 Mg=12.458664019290207 Mi=4616.699537870836 Mmean=0.0 Mp=11.278518967294069 Mphi=3077.0165026092054 Mput=0.0 Mq=98.95177708384254 Mrp=31.195242809055824 Mrx=8626.1951505127 Mx=3080.495442210714
majorant 25 Ma=22.288613140667266 McenA=6.82839715801807e-17 McenR=4.701756850190705e-18 Md=111.02340454622075 Mf=21086.920532465356 Mg=12.327329950397296 Mi=4621.14780241284 Mmean=0.0 Mp=11.27659738276254 Mphi=3077.336599959657 Mput=0.0 Mq=98.93520808205982 Mrp=31.92800023161204 Mrx=8627.213939925263 Mx=3081.310628068103
majorant 26 Ma=21.515482215389806 McenA=6.82839715801807e-17 McenR=4.701756850190705e-18 Md=104.02997167391874 Mf=21087.018077860568 Mg=12.483924565192376 Mi=4624.700661531122 Mmean=0.0 Mp=11.2711559601363 Mphi=3077.334624566515 Mput=0.0 Mq=98.95979732085233 Mrp=31.250455292749017 Mrx=8627.111615502346 Mx=3080.8612918499384
majorant 27 Ma=22.22147205388757 McenA=6.82839715801807e-17 McenR=4.701756850190705e-18 Md=110.17818169292458 Mf=21088.74561454694 Mg=12.372054270312491 Mi=4628.348081450218 Mmean=0.0 Mp=11.27641027664161 Mphi=3077.6384702712426 Mput=0.0 Mq=98.94807679886284 Mrp=31.850828626857517 Mrx=8628.070021326163 Mx=3081.5663630286112
majorant 28 Ma=21.60820445402043 McenA=6.82839715801807e-17 McenR=4.701756850190705e-18 Md=104.67846196132572 Mf=21089.251726867 Mg=12.501771248823212 Mi=4632.163957312569 Mmean=0.0 Mp=11.287876129840644 Mphi=3077.688979907738 Mput=0.0 Mq=98.96899333881068 Mrp=31.350204321877335 Mrx=8628.113553697034 Mx=3081.2549456700194
majorant 29 Ma=22.190000839859735 McenA=6.82839715801807e-17 McenR=4.701756850190705e-18 Md=109.8115897266477 Mf=21090.88843303935 Mg=12.419154492518585 Mi=4635.5051176804045 Mmean=0.0 Mp=11.299223190814134 Mphi=3077.968004342116 Mput=0.0 Mq=98.9599618400076 Mrp=31.860354368056242 Mrx=8628.963145629352 Mx=3081.858214718771
majorant 30 Ma=21.697348591730808 McenA=6.82839715801807e-17 McenR=4.701756850190705e-18 Md=105.39251528717853 Mf=21091.350769669363 Mg=12.529363379413951 Mi=4638.388054264475 Mmean=0.0 Mp=11.305122286038177 Mphi=3078.0246773899344 Mput=0.0 Mq=98.97777602252475 Mrp=31.45092529168525 Mrx=8629.052224742038 Mx=3081.621254343724
majorant 31 Ma=22.163494592939823 McenA=6.82839715801807e-17 McenR=4.701756850190705e-18 Md=109.4689295354935 Mf=21092.83541257912 Mg=12.461896639457375 Mi=4641.23410083005 Mmean=0.0 Mp=11.303012888335374 Mphi=3078.2767542985766 Mput=0.0 Mq=98.97226287876305 Mrp=31.835210492692916 Mrx=8629.842567058533 Mx=3082.13643738258
majorant 32 Ma=21.754102944319527 McenA=6.82839715801807e-17 McenR=4.701756850190705e-18 Md=105.8177153151708 Mf=21093.567981680637 Mg=12.545203408778702 Mi=4644.185970193905 Mmean=0.0 Mp=11.29637769768074 Mphi=3078.3771793560695 Mput=0.0 Mq=98.98825356862092 Mrp=31.468997011893816 Mrx=8630.062079094747 Mx=3081.999127793117
majorant 33 Ma=22.12525236733467 McenA=6.82839715801807e-17 McenR=4.701756850190705e-18 Md=109.0545039357105 Mf=21095.1593304664 Mg=12.487583995283915 Mi=4646.626914592391 Mmean=0.0 Mp=11.289022553480649 Mphi=3078.630382269208 Mput=0.0 Mq=98.98477855882996 Mrp=31.76192634305895 Mrx=8630.821988769012 Mx=3082.465350807968
majorant 34 Ma=21.791285035306036 McenA=6.82839715801807e-17 McenR=4.701756850190705e-18 Md=106.01886684998293 Mf=21096.028289405414 Mg=12.553216396560655 Mi=4648.23496814096 Mmean=0.0 Mp=11.282802059707764 Mphi=3078.743378583423 Mput=0.0 Mq=98.99834345632826 Mrp=31.46095178956803 Mrx=8631.076489826706 Mx=3082.385875864679
majorant 35 Ma=22.090843982365875 McenA=6.82839715801807e-17 McenR=4.701756850190705e-18 Md=108.5718226050184 Mf=21097.49716400035 Mg=12.504532074036979 Mi=4649.414794058346 Mmean=0.0 Mp=11.280184865793212 Mphi=3078.9684631432665 Mput=0.0 Mq=98.99607205279656 Mrp=31.705532434871056 Mrx=8631.744495154637 Mx=3082.7832101002214
majorant 36 Ma=21.821613071052393 McenA=6.82839715801807e-17 McenR=4.701756850190705e-18 Md=106.12472118475533 Mf=21098.375292177312 Mg=12.554595467588788 Mi=4650.530151390979 Mmean=0.0 Mp=11.282780745824196 Mphi=3079.0771744531553 Mput=0.0 Mq=99.00769514687937 Mrp=31.481163836425797 Mrx=8632.001150786919 Mx=3082.73589193916
majorant 37 Ma=22.070262652131053 McenA=6.82839715801807e-17 McenR=4.701756850190705e-18 Md=108.31563829695024 Mf=21099.76606558231 Mg=12.517424658975553 Mi=4651.58770828915 Mmean=0.0 Mp=11.290921862457019 Mphi=3079.279340497343 Mput=0.0 Mq=99.0067771151749 Mrp=31.707261951068396 Mrx=8632.60578130624 Mx=3083.077397951371
majorant 38 Ma=21.86431210480213 McenA=6.82839715801807e-17 McenR=4.701756850190705e-18 Md=106.44748559731532 Mf=21100.68356632484 Mg=12.568555217243953 Mi=4653.132108563821 Mmean=0.0 Mp=11.29950097727429 Mphi=3079.3955627094297 Mput=0.0 Mq=99.01759127286404 Mrp=31.548023026132803 Mrx=8632.907251445149 Mx=3083.067315340354
majorant 39 Ma=22.074886596488742 McenA=6.82839715801807e-17 McenR=4.701756850190705e-18 Md=108.23872793466374 Mf=21102.01759244942 Mg=12.552733129110784 Mi=4655.347848199263 Mmean=0.0 Mp=11.302520257751386 Mphi=3079.6023788095026 Mput=0.0 Mq=99.01849643242126 Mrp=31.726228111627233 Mrx=8633.525062982431 Mx=3083.3867417604474
recordbound 0 Dabs=0.0 Lcen=0.0 Lzeta=0.0 P=4233.431011149203 Zdot=0.0
recordbound 10 Dabs=6923.968122287664 Lcen=0.002805143734800122 Lzeta=0.002805143734800122 P=3179.938355173369 Zdot=484831.363538834
recordbound 20 Dabs=5519.957533984055 Lcen=0.002934045809080587 Lzeta=0.002934045809080587 P=3110.618299590066 Zdot=477509.501054464
recordbound 30 Dabs=5035.989716140421 Lcen=0.002976489653286349 Lzeta=0.002976489653286349 P=3089.483768549271 Zdot=476032.264849635
recordbound 40 Dabs=4895.780906447325 Lcen=0.0030126856301348915 Lzeta=0.0030126856301348915 P=3082.8525230601576 Zdot=475630.4996430869
stop 40 iterations
tolerance canvas 2.0799646338842437e-07
tolerance record 0 2.155718243471432e-09 1.1975262662825108e-08 2.2819587369441463e-08
tolerance record 10 1.6935467007307946e-06 1.1566366375700154e-08 5.1279932417162376e-05
tolerance record 20 3.478635480197483e-06 1.153946090731314e-08 0.00010534762361301829
tolerance record 30 5.268971184245998e-06 1.153125787787227e-08 0.00015957366318317706
tolerance record 40 7.062064577329535e-06 1.1528684066233308e-08 0.00021388287615071202
