# A conformance case of JPEG-Unround, written by conformance/generate.py: the quantized
# coefficients of a picture and the options of its reconstruction; what the Python
# implementation made of them; the exact centres; and what bounds the rounding of that
# run, from which conformance/bounds.py computes the tolerances at the end (docs/math.md, 9).
# Each line is a keyword and its values. Numbers are decimal, each double the shortest
# decimal that reads back as it; an exact centre is hi:lo, two doubles whose sum is the
# value to about 2^-106 of it.
name grey-mmse
picture 21 30 grayscale
component 0 1 1 3 4
table 0 32 22 20 32 48 80 102 122 24 24 28 38 52 116 120 110 28 26 32 48 80 114 138 112 28 34 44 58 102 174 160 124 36 44 74 112 136 218 206 154 48 70 110 128 162 208 226 184 98 128 156 174 206 242 240 202 144 184 190 196 224 200 206 198
levels 0 0 -6 7 -2 1 0 0 0 0 1 4 -1 1 0 0 0 0 0 -1 0 0 0 0 0 0 -1 0 0 0 0 0 0 0 1 0 0 0 0 0 0 0 0 0 0 0 0 0 0 0 0 0 0 0 0 0 0 0 0 0 0 0 0 0 0 0 -6 -9 1 0 0 0 0 0 -5 0 0 -1 0 0 0 0 2 0 0 0 0 0 0 0 0 0 0 0 0 0 0 0 -1 1 0 0 0 0 0 0 0 0 0 0 0 0 0 0 0 0 0 0 0 0 0 0 0 0 0 0 0 0 0 0 9 -2 -3 0 0 0 0 0 8 -4 -3 -1 0 0 0 0 -3 2 1 0 0 0 0 0 0 1 0 0 0 0 0 0 0 -1 0 0 0 0 0 0 0 0 0 0 0 0 0 0 0 0 0 0 0 0 0 0 0 0 0 0 0 0 0 0 -6 4 2 0 0 0 0 0 -2 5 -1 0 0 0 0 0 1 -2 0 0 0 0 0 0 0 0 0 0 0 0 0 0 0 0 0 0 0 0 0 0 0 0 0 0 0 0 0 0 0 0 0 0 0 0 0 0 0 0 0 0 0 0 0 0
levels 0 1 5 -7 1 -1 0 0 0 0 -5 1 0 0 0 0 0 0 -1 3 -1 0 0 0 0 0 -2 0 0 0 0 0 0 0 0 1 0 0 0 0 0 0 0 0 0 0 0 0 0 0 0 0 0 0 0 0 0 0 0 0 0 0 0 0 0 0 4 10 -1 0 0 0 0 0 0 -5 1 1 0 0 0 0 -2 -5 0 1 0 0 0 0 1 0 0 0 0 0 0 0 -1 -1 0 0 0 0 0 0 1 1 0 0 0 0 0 0 0 0 0 0 0 0 0 0 0 0 0 0 0 0 0 0 -12 2 2 0 0 0 0 0 2 2 1 1 0 0 0 0 4 0 0 0 0 0 0 0 -1 1 0 0 0 0 0 0 1 0 0 0 0 0 0 0 -1 0 0 0 0 0 0 0 0 0 0 0 0 0 0 0 0 0 0 0 0 0 0 0 3 -5 -2 0 0 0 0 0 -1 -1 1 0 0 0 0 0 -4 -1 2 0 0 0 0 0 1 0 0 0 0 0 0 0 -1 0 0 0 0 0 0 0 1 1 0 0 0 0 0 0 0 0 0 0 0 0 0 0 0 0 0 0 0 0 0 0
levels 0 2 -3 4 -1 1 0 0 0 0 12 -1 -2 0 0 0 0 0 0 0 0 0 0 0 0 0 -1 -1 0 0 0 0 0 0 0 0 0 0 0 0 0 0 1 0 0 0 0 0 0 0 0 0 0 0 0 0 0 0 0 0 0 0 0 0 0 0 -3 -5 0 1 0 0 0 0 0 8 -1 -1 0 0 0 0 0 0 0 0 0 0 0 0 1 0 0 0 0 0 0 0 0 0 0 0 0 0 0 0 0 0 0 0 0 0 0 0 0 0 0 0 0 0 0 0 0 0 0 0 0 0 0 0 3 0 -1 0 0 0 0 0 -5 -4 -2 -1 0 0 0 0 0 0 0 0 0 0 0 0 -1 1 1 0 0 0 0 0 0 0 0 0 0 0 0 0 0 0 0 0 0 0 0 0 0 0 0 0 0 0 0 0 0 0 0 0 0 0 0 0 -4 0 2 -1 0 0 0 0 0 -2 -1 0 0 0 0 0 0 0 0 0 0 0 0 0 0 -1 1 0 0 0 0 0 0 0 0 0 0 0 0 0 0 0 0 0 0 0 0 0 0 0 0 0 0 0 0 0 0 0 0 0 0 0 0 0
options --method mmse --alpha 1.0 --alpha1 1.0 --alpha0 2.0 --channels coupled --mu 0.001 --mu-scale 1.0 --mu-power 1.0 --weight-power 2.0 --dc-weight 0.0 --centres mmse --slack 0.0 --slack-cost 0.0 --relative-tolerance 0.0 --partial-tolerance 0.0 --step-product 0.99 --record-every 10 --free-radius 255.0 --subgradient-iterations 50 --subgradient-record-every 1 --subgradient-step 0.5 --subgradient-decay 0.5
weights 0 0.0 2.066115702479339e-06 2.5e-06 9.765625e-07 4.340277777777778e-07 1.5625e-07 9.611687812379854e-08 6.718624025799516e-08 1.7361111111111112e-06 1.7361111111111112e-06 1.2755102040816327e-06 6.925207756232687e-07 3.698224852071006e-07 7.431629013079668e-08 6.944444444444444e-08 8.264462809917355e-08 1.2755102040816327e-06 1.4792899408284024e-06 9.765625e-07 4.340277777777778e-07 1.5625e-07 7.694675284702986e-08 5.2509976895610165e-08 7.971938775510204e-08 1.2755102040816327e-06 8.650519031141868e-07 5.165289256198347e-07 2.972651605231867e-07 9.611687812379854e-08 3.3029462280354074e-08 3.90625e-08 6.503642039542144e-08 7.71604938271605e-07 5.165289256198347e-07 1.8261504747991236e-07 7.971938775510204e-08 5.4065743944636676e-08 2.1041999831664e-08 2.3564897728343858e-08 4.2165626581210995e-08 4.340277777777778e-07 2.0408163265306124e-07 8.264462809917355e-08 6.103515625e-08 3.8103947568968145e-08 2.3113905325443787e-08 1.95786670843449e-08 2.953686200378072e-08 1.0412328196584757e-07 6.103515625e-08 4.10913872452334e-08 3.3029462280354074e-08 2.3564897728343858e-08 1.707533638412677e-08 1.736111111111111e-08 2.450740123517302e-08 4.822530864197531e-08 2.953686200378072e-08 2.7700831024930747e-08 2.6030820491461892e-08 1.992984693877551e-08 2.5e-08 2.3564897728343858e-08 2.5507601265177022e-08
lower 0 0 816.0 143.0 -50.0 16.0 -24.0 -40.0 -51.0 -61.0 12.0 84.0 -42.0 19.0 -26.0 -58.0 -60.0 -55.0 -14.0 -39.0 -16.0 -24.0 -40.0 -57.0 -69.0 -56.0 -42.0 -17.0 -22.0 -29.0 -51.0 -87.0 -80.0 -62.0 18.0 -22.0 -37.0 -56.0 -68.0 -109.0 -103.0 -77.0 -24.0 -35.0 -55.0 -64.0 -81.0 -104.0 -113.0 -92.0 -49.0 -64.0 -78.0 -87.0 -103.0 -121.0 -120.0 -101.0 -72.0 -92.0 -95.0 -98.0 -112.0 -100.0 -103.0 -99.0 816.0 -209.0 10.0 -16.0 -24.0 -40.0 -51.0 -61.0 -132.0 -12.0 -14.0 -57.0 -26.0 -58.0 -60.0 -55.0 42.0 -13.0 -16.0 -24.0 -40.0 -57.0 -69.0 -56.0 -14.0 -17.0 -22.0 -29.0 -51.0 -87.0 -80.0 -62.0 -54.0 22.0 -37.0 -56.0 -68.0 -109.0 -103.0 -77.0 -24.0 -35.0 -55.0 -64.0 -81.0 -104.0 -113.0 -92.0 -49.0 -64.0 -78.0 -87.0 -103.0 -121.0 -120.0 -101.0 -72.0 -92.0 -95.0 -98.0 -112.0 -100.0 -103.0 -99.0 1296.0 -55.0 -70.0 -16.0 -24.0 -40.0 -51.0 -61.0 180.0 -108.0 -98.0 -57.0 -26.0 -58.0 -60.0 -55.0 -98.0 39.0 16.0 -24.0 -40.0 -57.0 -69.0 -56.0 -14.0 17.0 -22.0 -29.0 -51.0 -87.0 -80.0 -62.0 -18.0 -66.0 -37.0 -56.0 -68.0 -109.0 -103.0 -77.0 -24.0 -35.0 -55.0 -64.0 -81.0 -104.0 -113.0 -92.0 -49.0 -64.0 -78.0 -87.0 -103.0 -121.0 -120.0 -101.0 -72.0 -92.0 -95.0 -98.0 -112.0 -100.0 -103.0 -99.0 816.0 77.0 30.0 -16.0 -24.0 -40.0 -51.0 -61.0 -60.0 108.0 -42.0 -19.0 -26.0 -58.0 -60.0 -55.0 14.0 -65.0 -16.0 -24.0 -40.0 -57.0 -69.0 -56.0 -14.0 -17.0 -22.0 -29.0 -51.0 -87.0 -80.0 -62.0 -18.0 -22.0 -37.0 -56.0 -68.0 -109.0 -103.0 -77.0 -24.0 -35.0 -55.0 -64.0 -81.0 -104.0 -113.0 -92.0 -49.0 -64.0 -78.0 -87.0 -103.0 -121.0 -120.0 -101.0 -72.0 -92.0 -95.0 -98.0 -112.0 -100.0 -103.0 -99.0
lower 0 1 1168.0 -165.0 10.0 -48.0 -24.0 -40.0 -51.0 -61.0 -132.0 12.0 -14.0 -19.0 -26.0 -58.0 -60.0 -55.0 -42.0 65.0 -48.0 -24.0 -40.0 -57.0 -69.0 -56.0 -70.0 -17.0 -22.0 -29.0 -51.0 -87.0 -80.0 -62.0 -18.0 22.0 -37.0 -56.0 -68.0 -109.0 -103.0 -77.0 -24.0 -35.0 -55.0 -64.0 -81.0 -104.0 -113.0 -92.0 -49.0 -64.0 -78.0 -87.0 -103.0 -121.0 -120.0 -101.0 -72.0 -92.0 -95.0 -98.0 -112.0 -100.0 -103.0 -99.0 1136.0 209.0 -30.0 -16.0 -24.0 -40.0 -51.0 -61.0 -12.0 -132.0 14.0 19.0 -26.0 -58.0 -60.0 -55.0 -70.0 -143.0 -16.0 24.0 -40.0 -57.0 -69.0 -56.0 14.0 -17.0 -22.0 -29.0 -51.0 -87.0 -80.0 -62.0 -54.0 -66.0 -37.0 -56.0 -68.0 -109.0 -103.0 -77.0 24.0 35.0 -55.0 -64.0 -81.0 -104.0 -113.0 -92.0 -49.0 -64.0 -78.0 -87.0 -103.0 -121.0 -120.0 -101.0 -72.0 -92.0 -95.0 -98.0 -112.0 -100.0 -103.0 -99.0 624.0 33.0 30.0 -16.0 -24.0 -40.0 -51.0 -61.0 36.0 36.0 14.0 19.0 -26.0 -58.0 -60.0 -55.0 98.0 -13.0 -16.0 -24.0 -40.0 -57.0 -69.0 -56.0 -42.0 17.0 -22.0 -29.0 -51.0 -87.0 -80.0 -62.0 18.0 -22.0 -37.0 -56.0 -68.0 -109.0 -103.0 -77.0 -72.0 -35.0 -55.0 -64.0 -81.0 -104.0 -113.0 -92.0 -49.0 -64.0 -78.0 -87.0 -103.0 -121.0 -120.0 -101.0 -72.0 -92.0 -95.0 -98.0 -112.0 -100.0 -103.0 -99.0 1104.0 -121.0 -50.0 -16.0 -24.0 -40.0 -51.0 -61.0 -36.0 -36.0 14.0 -19.0 -26.0 -58.0 -60.0 -55.0 -126.0 -39.0 48.0 -24.0 -40.0 -57.0 -69.0 -56.0 14.0 -17.0 -22.0 -29.0 -51.0 -87.0 -80.0 -62.0 -54.0 -22.0 -37.0 -56.0 -68.0 -109.0 -103.0 -77.0 24.0 35.0 -55.0 -64.0 -81.0 -104.0 -113.0 -92.0 -49.0 -64.0 -78.0 -87.0 -103.0 -121.0 -120.0 -101.0 -72.0 -92.0 -95.0 -98.0 -112.0 -100.0 -103.0 -99.0
lower 0 2 912.0 77.0 -30.0 16.0 -24.0 -40.0 -51.0 -61.0 276.0 -36.0 -70.0 -19.0 -26.0 -58.0 -60.0 -55.0 -14.0 -13.0 -16.0 -24.0 -40.0 -57.0 -69.0 -56.0 -42.0 -51.0 -22.0 -29.0 -51.0 -87.0 -80.0 -62.0 -18.0 -22.0 -37.0 -56.0 -68.0 -109.0 -103.0 -77.0 24.0 -35.0 -55.0 -64.0 -81.0 -104.0 -113.0 -92.0 -49.0 -64.0 -78.0 -87.0 -103.0 -121.0 -120.0 -101.0 -72.0 -92.0 -95.0 -98.0 -112.0 -100.0 -103.0 -99.0 912.0 -121.0 -10.0 16.0 -24.0 -40.0 -51.0 -61.0 -12.0 180.0 -42.0 -57.0 -26.0 -58.0 -60.0 -55.0 -14.0 -13.0 -16.0 -24.0 -40.0 -57.0 -69.0 -56.0 14.0 -17.0 -22.0 -29.0 -51.0 -87.0 -80.0 -62.0 -18.0 -22.0 -37.0 -56.0 -68.0 -109.0 -103.0 -77.0 -24.0 -35.0 -55.0 -64.0 -81.0 -104.0 -113.0 -92.0 -49.0 -64.0 -78.0 -87.0 -103.0 -121.0 -120.0 -101.0 -72.0 -92.0 -95.0 -98.0 -112.0 -100.0 -103.0 -99.0 1104.0 -11.0 -30.0 -16.0 -24.0 -40.0 -51.0 -61.0 -132.0 -108.0 -70.0 -57.0 -26.0 -58.0 -60.0 -55.0 -14.0 -13.0 -16.0 -24.0 -40.0 -57.0 -69.0 -56.0 -42.0 17.0 22.0 -29.0 -51.0 -87.0 -80.0 -62.0 -18.0 -22.0 -37.0 -56.0 -68.0 -109.0 -103.0 -77.0 -24.0 -35.0 -55.0 -64.0 -81.0 -104.0 -113.0 -92.0 -49.0 -64.0 -78.0 -87.0 -103.0 -121.0 -120.0 -101.0 -72.0 -92.0 -95.0 -98.0 -112.0 -100.0 -103.0 -99.0 880.0 -11.0 30.0 -48.0 -24.0 -40.0 -51.0 -61.0 -12.0 -60.0 -42.0 -19.0 -26.0 -58.0 -60.0 -55.0 -14.0 -13.0 -16.0 -24.0 -40.0 -57.0 -69.0 -56.0 -14.0 -51.0 22.0 -29.0 -51.0 -87.0 -80.0 -62.0 -18.0 -22.0 -37.0 -56.0 -68.0 -109.0 -103.0 -77.0 -24.0 -35.0 -55.0 -64.0 -81.0 -104.0 -113.0 -92.0 -49.0 -64.0 -78.0 -87.0 -103.0 -121.0 -120.0 -101.0 -72.0 -92.0 -95.0 -98.0 -112.0 -100.0 -103.0 -99.0
upper 0 0 848.0 165.0 -30.0 48.0 24.0 40.0 51.0 61.0 36.0 108.0 -14.0 57.0 26.0 58.0 60.0 55.0 14.0 -13.0 16.0 24.0 40.0 57.0 69.0 56.0 -14.0 17.0 22.0 29.0 51.0 87.0 80.0 62.0 54.0 22.0 37.0 56.0 68.0 109.0 103.0 77.0 24.0 35.0 55.0 64.0 81.0 104.0 113.0 92.0 49.0 64.0 78.0 87.0 103.0 121.0 120.0 101.0 72.0 92.0 95.0 98.0 112.0 100.0 103.0 99.0 848.0 -187.0 30.0 16.0 24.0 40.0 51.0 61.0 -108.0 12.0 14.0 -19.0 26.0 58.0 60.0 55.0 70.0 13.0 16.0 24.0 40.0 57.0 69.0 56.0 14.0 17.0 22.0 29.0 51.0 87.0 80.0 62.0 -18.0 66.0 37.0 56.0 68.0 109.0 103.0 77.0 24.0 35.0 55.0 64.0 81.0 104.0 113.0 92.0 49.0 64.0 78.0 87.0 103.0 121.0 120.0 101.0 72.0 92.0 95.0 98.0 112.0 100.0 103.0 99.0 1328.0 -33.0 -50.0 16.0 24.0 40.0 51.0 61.0 204.0 -84.0 -70.0 -19.0 26.0 58.0 60.0 55.0 -70.0 65.0 48.0 24.0 40.0 57.0 69.0 56.0 14.0 51.0 22.0 29.0 51.0 87.0 80.0 62.0 18.0 -22.0 37.0 56.0 68.0 109.0 103.0 77.0 24.0 35.0 55.0 64.0 81.0 104.0 113.0 92.0 49.0 64.0 78.0 87.0 103.0 121.0 120.0 101.0 72.0 92.0 95.0 98.0 112.0 100.0 103.0 99.0 848.0 99.0 50.0 16.0 24.0 40.0 51.0 61.0 -36.0 132.0 -14.0 19.0 26.0 58.0 60.0 55.0 42.0 -39.0 16.0 24.0 40.0 57.0 69.0 56.0 14.0 17.0 22.0 29.0 51.0 87.0 80.0 62.0 18.0 22.0 37.0 56.0 68.0 109.0 103.0 77.0 24.0 35.0 55.0 64.0 81.0 104.0 113.0 92.0 49.0 64.0 78.0 87.0 103.0 121.0 120.0 101.0 72.0 92.0 95.0 98.0 112.0 100.0 103.0 99.0
upper 0 1 1200.0 -143.0 30.0 -16.0 24.0 40.0 51.0 61.0 -108.0 36.0 14.0 19.0 26.0 58.0 60.0 55.0 -14.0 91.0 -16.0 24.0 40.0 57.0 69.0 56.0 -42.0 17.0 22.0 29.0 51.0 87.0 80.0 62.0 18.0 66.0 37.0 56.0 68.0 109.0 103.0 77.0 24.0 35.0 55.0 64.0 81.0 104.0 113.0 92.0 49.0 64.0 78.0 87.0 103.0 121.0 120.0 101.0 72.0 92.0 95.0 98.0 112.0 100.0 103.0 99.0 1168.0 231.0 -10.0 16.0 24.0 40.0 51.0 61.0 12.0 -108.0 42.0 57.0 26.0 58.0 60.0 55.0 -42.0 -117.0 16.0 72.0 40.0 57.0 69.0 56.0 42.0 17.0 22.0 29.0 51.0 87.0 80.0 62.0 -18.0 -22.0 37.0 56.0 68.0 109.0 103.0 77.0 72.0 105.0 55.0 64.0 81.0 104.0 113.0 92.0 49.0 64.0 78.0 87.0 103.0 121.0 120.0 101.0 72.0 92.0 95.0 98.0 112.0 100.0 103.0 99.0 656.0 55.0 50.0 16.0 24.0 40.0 51.0 61.0 60.0 60.0 42.0 57.0 26.0 58.0 60.0 55.0 126.0 13.0 16.0 24.0 40.0 57.0 69.0 56.0 -14.0 51.0 22.0 29.0 51.0 87.0 80.0 62.0 54.0 22.0 37.0 56.0 68.0 109.0 103.0 77.0 -24.0 35.0 55.0 64.0 81.0 104.0 113.0 92.0 49.0 64.0 78.0 87.0 103.0 121.0 120.0 101.0 72.0 92.0 95.0 98.0 112.0 100.0 103.0 99.0 1136.0 -99.0 -30.0 16.0 24.0 40.0 51.0 61.0 -12.0 -12.0 42.0 19.0 26.0 58.0 60.0 55.0 -98.0 -13.0 80.0 24.0 40.0 57.0 69.0 56.0 42.0 17.0 22.0 29.0 51.0 87.0 80.0 62.0 -18.0 22.0 37.0 56.0 68.0 109.0 103.0 77.0 72.0 105.0 55.0 64.0 81.0 104.0 113.0 92.0 49.0 64.0 78.0 87.0 103.0 121.0 120.0 101.0 72.0 92.0 95.0 98.0 112.0 100.0 103.0 99.0
upper 0 2 944.0 99.0 -10.0 48.0 24.0 40.0 51.0 61.0 300.0 -12.0 -42.0 19.0 26.0 58.0 60.0 55.0 14.0 13.0 16.0 24.0 40.0 57.0 69.0 56.0 -14.0 -17.0 22.0 29.0 51.0 87.0 80.0 62.0 18.0 22.0 37.0 56.0 68.0 109.0 103.0 77.0 72.0 35.0 55.0 64.0 81.0 104.0 113.0 92.0 49.0 64.0 78.0 87.0 103.0 121.0 120.0 101.0 72.0 92.0 95.0 98.0 112.0 100.0 103.0 99.0 944.0 -99.0 10.0 48.0 24.0 40.0 51.0 61.0 12.0 204.0 -14.0 -19.0 26.0 58.0 60.0 55.0 14.0 13.0 16.0 24.0 40.0 57.0 69.0 56.0 42.0 17.0 22.0 29.0 51.0 87.0 80.0 62.0 18.0 22.0 37.0 56.0 68.0 109.0 103.0 77.0 24.0 35.0 55.0 64.0 81.0 104.0 113.0 92.0 49.0 64.0 78.0 87.0 103.0 121.0 120.0 101.0 72.0 92.0 95.0 98.0 112.0 100.0 103.0 99.0 1136.0 11.0 -10.0 16.0 24.0 40.0 51.0 61.0 -108.0 -84.0 -42.0 -19.0 26.0 58.0 60.0 55.0 14.0 13.0 16.0 24.0 40.0 57.0 69.0 56.0 -14.0 51.0 66.0 29.0 51.0 87.0 80.0 62.0 18.0 22.0 37.0 56.0 68.0 109.0 103.0 77.0 24.0 35.0 55.0 64.0 81.0 104.0 113.0 92.0 49.0 64.0 78.0 87.0 103.0 121.0 120.0 101.0 72.0 92.0 95.0 98.0 112.0 100.0 103.0 99.0 912.0 11.0 50.0 -16.0 24.0 40.0 51.0 61.0 12.0 -36.0 -14.0 19.0 26.0 58.0 60.0 55.0 14.0 13.0 16.0 24.0 40.0 57.0 69.0 56.0 14.0 -17.0 66.0 29.0 51.0 87.0 80.0 62.0 18.0 22.0 37.0 56.0 68.0 109.0 103.0 77.0 24.0 35.0 55.0 64.0 81.0 104.0 113.0 92.0 49.0 64.0 78.0 87.0 103.0 121.0 120.0 101.0 72.0 92.0 95.0 98.0 112.0 100.0 103.0 99.0
centres 0 0 832.0 153.60255580020547 -38.87336483449439 26.69226062420509 -0.0 -0.0 -0.0 -0.0 23.42270543668469 95.35154304291041 -25.988355002375418 32.91254725390694 -0.0 -0.0 -0.0 -0.0 -0.0 -24.28539510050995 -0.0 -0.0 -0.0 -0.0 -0.0 -0.0 -24.986518189902093 -0.0 -0.0 -0.0 -0.0 -0.0 -0.0 -0.0 30.028793202230727 -0.0 -0.0 -0.0 -0.0 -0.0 -0.0 -0.0 -0.0 -0.0 -0.0 -0.0 -0.0 -0.0 -0.0 -0.0 -0.0 -0.0 -0.0 -0.0 -0.0 -0.0 -0.0 -0.0 -0.0 -0.0 -0.0 -0.0 -0.0 -0.0 -0.0 -0.0 832.0 -197.6025558002055 18.87336483449439 -0.0 -0.0 -0.0 -0.0 -0.0 -119.42270543668468 -0.0 -0.0 -32.91254725390694 -0.0 -0.0 -0.0 -0.0 54.43783125476628 -0.0 -0.0 -0.0 -0.0 -0.0 -0.0 -0.0 -0.0 -0.0 -0.0 -0.0 -0.0 -0.0 -0.0 -0.0 -30.028793202230727 35.73027445971005 -0.0 -0.0 -0.0 -0.0 -0.0 -0.0 -0.0 -0.0 -0.0 -0.0 -0.0 -0.0 -0.0 -0.0 -0.0 -0.0 -0.0 -0.0 -0.0 -0.0 -0.0 -0.0 -0.0 -0.0 -0.0 -0.0 -0.0 -0.0 -0.0 -0.0 1312.0 -43.60255580020548 -58.87336483449439 -0.0 -0.0 -0.0 -0.0 -0.0 191.42270543668468 -95.35154304291041 -81.98835500237543 -32.91254725390694 -0.0 -0.0 -0.0 -0.0 -82.43783125476628 50.28539510050995 26.43440848163393 -0.0 -0.0 -0.0 -0.0 -0.0 -0.0 28.36052691321791 -0.0 -0.0 -0.0 -0.0 -0.0 -0.0 -0.0 -35.73027445971005 -0.0 -0.0 -0.0 -0.0 -0.0 -0.0 -0.0 -0.0 -0.0 -0.0 -0.0 -0.0 -0.0 -0.0 -0.0 -0.0 -0.0 -0.0 -0.0 -0.0 -0.0 -0.0 -0.0 -0.0 -0.0 -0.0 -0.0 -0.0 -0.0 -0.0 832.0 87.60255580020548 38.87336483449439 -0.0 -0.0 -0.0 -0.0 -0.0 -47.422705436684694 119.35154304291041 -25.988355002375418 -0.0 -0.0 -0.0 -0.0 -0.0 26.437831254766284 -50.28539510050995 -0.0 -0.0 -0.0 -0.0 -0.0 -0.0 -0.0 -0.0 -0.0 -0.0 -0.0 -0.0 -0.0 -0.0 -0.0 -0.0 -0.0 -0.0 -0.0 -0.0 -0.0 -0.0 -0.0 -0.0 -0.0 -0.0 -0.0 -0.0 -0.0 -0.0 -0.0 -0.0 -0.0 -0.0 -0.0 -0.0 -0.0 -0.0 -0.0 -0.0 -0.0 -0.0 -0.0 -0.0 -0.0 -0.0
centres 0 1 1184.0 -153.60255580020547 18.87336483449439 -26.69226062420509 -0.0 -0.0 -0.0 -0.0 -119.42270543668468 23.3515430429104 -0.0 -0.0 -0.0 -0.0 -0.0 -0.0 -26.437831254766284 76.28539510050996 -26.43440848163393 -0.0 -0.0 -0.0 -0.0 -0.0 -52.98651818990209 -0.0 -0.0 -0.0 -0.0 -0.0 -0.0 -0.0 -0.0 35.73027445971005 -0.0 -0.0 -0.0 -0.0 -0.0 -0.0 -0.0 -0.0 -0.0 -0.0 -0.0 -0.0 -0.0 -0.0 -0.0 -0.0 -0.0 -0.0 -0.0 -0.0 -0.0 -0.0 -0.0 -0.0 -0.0 -0.0 -0.0 -0.0 -0.0 -0.0 1152.0 219.6025558002055 -18.87336483449439 -0.0 -0.0 -0.0 -0.0 -0.0 -0.0 -119.35154304291041 25.988355002375418 32.91254725390694 -0.0 -0.0 -0.0 -0.0 -54.43783125476628 -128.28539510050996 -0.0 33.2823531006096 -0.0 -0.0 -0.0 -0.0 24.986518189902093 -0.0 -0.0 -0.0 -0.0 -0.0 -0.0 -0.0 -30.028793202230727 -35.73027445971005 -0.0 -0.0 -0.0 -0.0 -0.0 -0.0 38.978481228774605 52.23324117812485 -0.0 -0.0 -0.0 -0.0 -0.0 -0.0 -0.0 -0.0 -0.0 -0.0 -0.0 -0.0 -0.0 -0.0 -0.0 -0.0 -0.0 -0.0 -0.0 -0.0 -0.0 -0.0 640.0 43.60255580020548 38.87336483449439 -0.0 -0.0 -0.0 -0.0 -0.0 47.422705436684694 47.3515430429104 25.988355002375418 32.91254725390694 -0.0 -0.0 -0.0 -0.0 110.43783125476628 -0.0 -0.0 -0.0 -0.0 -0.0 -0.0 -0.0 -24.986518189902093 28.36052691321791 -0.0 -0.0 -0.0 -0.0 -0.0 -0.0 30.028793202230727 -0.0 -0.0 -0.0 -0.0 -0.0 -0.0 -0.0 -38.978481228774605 -0.0 -0.0 -0.0 -0.0 -0.0 -0.0 -0.0 -0.0 -0.0 -0.0 -0.0 -0.0 -0.0 -0.0 -0.0 -0.0 -0.0 -0.0 -0.0 -0.0 -0.0 -0.0 -0.0 1120.0 -109.60255580020548 -38.87336483449439 -0.0 -0.0 -0.0 -0.0 -0.0 -23.42270543668469 -23.3515430429104 25.988355002375418 -0.0 -0.0 -0.0 -0.0 -0.0 -110.43783125476628 -24.28539510050995 58.43440848163393 -0.0 -0.0 -0.0 -0.0 -0.0 24.986518189902093 -0.0 -0.0 -0.0 -0.0 -0.0 -0.0 -0.0 -30.028793202230727 -0.0 -0.0 -0.0 -0.0 -0.0 -0.0 -0.0 38.978481228774605 52.23324117812485 -0.0 -0.0 -0.0 -0.0 -0.0 -0.0 -0.0 -0.0 -0.0 -0.0 -0.0 -0.0 -0.0 -0.0 -0.0 -0.0 -0.0 -0.0 -0.0 -0.0 -0.0 -0.0
centres 0 2 928.0 87.60255580020548 -18.87336483449439 26.69226062420509 -0.0 -0.0 -0.0 -0.0 287.4227054366847 -23.3515430429104 -53.988355002375414 -0.0 -0.0 -0.0 -0.0 -0.0 -0.0 -0.0 -0.0 -0.0 -0.0 -0.0 -0.0 -0.0 -24.986518189902093 -28.36052691321791 -0.0 -0.0 -0.0 -0.0 -0.0 -0.0 -0.0 -0.0 -0.0 -0.0 -0.0 -0.0 -0.0 -0.0 38.978481228774605 -0.0 -0.0 -0.0 -0.0 -0.0 -0.0 -0.0 -0.0 -0.0 -0.0 -0.0 -0.0 -0.0 -0.0 -0.0 -0.0 -0.0 -0.0 -0.0 -0.0 -0.0 -0.0 -0.0 928.0 -109.60255580020548 -0.0 26.69226062420509 -0.0 -0.0 -0.0 -0.0 -0.0 191.3515430429104 -25.988355002375418 -32.91254725390694 -0.0 -0.0 -0.0 -0.0 -0.0 -0.0 -0.0 -0.0 -0.0 -0.0 -0.0 -0.0 24.986518189902093 -0.0 -0.0 -0.0 -0.0 -0.0 -0.0 -0.0 -0.0 -0.0 -0.0 -0.0 -0.0 -0.0 -0.0 -0.0 -0.0 -0.0 -0.0 -0.0 -0.0 -0.0 -0.0 -0.0 -0.0 -0.0 -0.0 -0.0 -0.0 -0.0 -0.0 -0.0 -0.0 -0.0 -0.0 -0.0 -0.0 -0.0 -0.0 -0.0 1120.0 -0.0 -18.87336483449439 -0.0 -0.0 -0.0 -0.0 -0.0 -119.42270543668468 -95.35154304291041 -53.988355002375414 -32.91254725390694 -0.0 -0.0 -0.0 -0.0 -0.0 -0.0 -0.0 -0.0 -0.0 -0.0 -0.0 -0.0 -24.986518189902093 28.36052691321791 32.83232302624991 -0.0 -0.0 -0.0 -0.0 -0.0 -0.0 -0.0 -0.0 -0.0 -0.0 -0.0 -0.0 -0.0 -0.0 -0.0 -0.0 -0.0 -0.0 -0.0 -0.0 -0.0 -0.0 -0.0 -0.0 -0.0 -0.0 -0.0 -0.0 -0.0 -0.0 -0.0 -0.0 -0.0 -0.0 -0.0 -0.0 -0.0 896.0 -0.0 38.87336483449439 -26.69226062420509 -0.0 -0.0 -0.0 -0.0 -0.0 -47.3515430429104 -25.988355002375418 -0.0 -0.0 -0.0 -0.0 -0.0 -0.0 -0.0 -0.0 -0.0 -0.0 -0.0 -0.0 -0.0 -0.0 -28.36052691321791 32.83232302624991 -0.0 -0.0 -0.0 -0.0 -0.0 -0.0 -0.0 -0.0 -0.0 -0.0 -0.0 -0.0 -0.0 -0.0 -0.0 -0.0 -0.0 -0.0 -0.0 -0.0 -0.0 -0.0 -0.0 -0.0 -0.0 -0.0 -0.0 -0.0 -0.0 -0.0 -0.0 -0.0 -0.0 -0.0 -0.0 -0.0 -0.0
exact-centres 0 0 832.0:0.0 153.60255580020547:1.2404569734847118e-14 -38.87336483449439:-1.370217104995141e-15 26.69226062420509:9.637418503739353e-16 0.0:0.0 0.0:0.0 0.0:0.0 0.0:0.0 23.42270543668469:-6.723371064939219e-16 95.35154304291041:-6.410752176652355e-15 -25.988355002375418:3.1319374914243737e-17 32.91254725390694:1.8472168117940735e-15 0.0:0.0 0.0:0.0 0.0:0.0 0.0:0.0 0.0:0.0 -24.28539510050995:2.178036119819037e-16 0.0:0.0 0.0:0.0 0.0:0.0 0.0:0.0 0.0:0.0 0.0:0.0 -24.986518189902093:7.127319884511698e-16 0.0:0.0 0.0:0.0 0.0:0.0 0.0:0.0 0.0:0.0 0.0:0.0 0.0:0.0 30.028793202230727:1.084209581670677e-15 0.0:0.0 0.0:0.0 0.0:0.0 0.0:0.0 0.0:0.0 0.0:0.0 0.0:0.0 0.0:0.0 0.0:0.0 0.0:0.0 0.0:0.0 0.0:0.0 0.0:0.0 0.0:0.0 0.0:0.0 0.0:0.0 0.0:0.0 0.0:0.0 0.0:0.0 0.0:0.0 0.0:0.0 0.0:0.0 0.0:0.0 0.0:0.0 0.0:0.0 0.0:0.0 0.0:0.0 0.0:0.0 0.0:0.0 0.0:0.0 0.0:0.0 832.0:0.0 -197.60255580020547:-1.2404569734847118e-14 18.87336483449439:1.370217104995141e-15 0.0:0.0 0.0:0.0 0.0:0.0 0.0:0.0 0.0:0.0 -119.4227054366847:4.225050785294423e-15 0.0:0.0 0.0:0.0 -32.91254725390694:-1.8472168117940735e-15 0.0:0.0 0.0:0.0 0.0:0.0 0.0:0.0 54.43783125476628:6.11395795280649e-16 0.0:0.0 0.0:0.0 0.0:0.0 0.0:0.0 0.0:0.0 0.0:0.0 0.0:0.0 0.0:0.0 0.0:0.0 0.0:0.0 0.0:0.0 0.0:0.0 0.0:0.0 0.0:0.0 0.0:0.0 -30.028793202230727:-1.084209581670677e-15 35.73027445971005:3.1679168624970802e-15 0.0:0.0 0.0:0.0 0.0:0.0 0.0:0.0 0.0:0.0 0.0:0.0 0.0:0.0 0.0:0.0 0.0:0.0 0.0:0.0 0.0:0.0 0.0:0.0 0.0:0.0 0.0:0.0 0.0:0.0 0.0:0.0 0.0:0.0 0.0:0.0 0.0:0.0 0.0:0.0 0.0:0.0 0.0:0.0 0.0:0.0 0.0:0.0 0.0:0.0 0.0:0.0 0.0:0.0 0.0:0.0 0.0:0.0 0.0:0.0 1312.0:0.0 -43.60255580020548:1.8062849803548854e-15 -58.87336483449439:-1.370217104995141e-15 0.0:0.0 0.0:0.0 0.0:0.0 0.0:0.0 0.0:0.0 191.42270543668468:9.98580392990758e-15 -95.35154304291041:6.410752176652355e-15 -81.98835500237541:-3.5213943038862572e-15 -32.91254725390694:-1.8472168117940735e-15 0.0:0.0 0.0:0.0 0.0:0.0 0.0:0.0 -82.43783125476628:-6.11395795280649e-16 50.28539510050995:-2.178036119819037e-16 26.43440848163393:1.2810950553296044e-15 0.0:0.0 0.0:0.0 0.0:0.0 0.0:0.0 0.0:0.0 0.0:0.0 28.36052691321791:-7.523811233779443e-16 0.0:0.0 0.0:0.0 0.0:0.0 0.0:0.0 0.0:0.0 0.0:0.0 0.0:0.0 -35.73027445971005:-3.1679168624970802e-15 0.0:0.0 0.0:0.0 0.0:0.0 0.0:0.0 0.0:0.0 0.0:0.0 0.0:0.0 0.0:0.0 0.0:0.0 0.0:0.0 0.0:0.0 0.0:0.0 0.0:0.0 0.0:0.0 0.0:0.0 0.0:0.0 0.0:0.0 0.0:0.0 0.0:0.0 0.0:0.0 0.0:0.0 0.0:0.0 0.0:0.0 0.0:0.0 0.0:0.0 0.0:0.0 0.0:0.0 0.0:0.0 0.0:0.0 0.0:0.0 832.0:0.0 87.60255580020548:-1.8062849803548854e-15 38.87336483449439:1.370217104995141e-15 0.0:0.0 0.0:0.0 0.0:0.0 0.0:0.0 0.0:0.0 -47.42270543668469:-2.880376572306579e-15 119.35154304291041:-6.410752176652355e-15 -25.988355002375418:3.1319374914243737e-17 0.0:0.0 0.0:0.0 0.0:0.0 0.0:0.0 0.0:0.0 26.43783125476628:6.11395795280649e-16 -50.28539510050995:2.178036119819037e-16 0.0:0.0 0.0:0.0 0.0:0.0 0.0:0.0 0.0:0.0 0.0:0.0 0.0:0.0 0.0:0.0 0.0:0.0 0.0:0.0 0.0:0.0 0.0:0.0 0.0:0.0 0.0:0.0 0.0:0.0 0.0:0.0 0.0:0.0 0.0:0.0 0.0:0.0 0.0:0.0 0.0:0.0 0.0:0.0 0.0:0.0 0.0:0.0 0.0:0.0 0.0:0.0 0.0:0.0 0.0:0.0 0.0:0.0 0.0:0.0 0.0:0.0 0.0:0.0 0.0:0.0 0.0:0.0 0.0:0.0 0.0:0.0 0.0:0.0 0.0:0.0 0.0:0.0 0.0:0.0 0.0:0.0 0.0:0.0 0.0:0.0 0.0:0.0 0.0:0.0 0.0:0.0
exact-centres 0 1 1184.0:0.0 -153.60255580020547:-1.2404569734847118e-14 18.87336483449439:1.370217104995141e-15 -26.69226062420509:-9.637418503739353e-16 0.0:0.0 0.0:0.0 0.0:0.0 0.0:0.0 -119.4227054366847:4.225050785294423e-15 23.3515430429104:6.946751809486472e-16 0.0:0.0 0.0:0.0 0.0:0.0 0.0:0.0 0.0:0.0 0.0:0.0 -26.43783125476628:-6.11395795280649e-16 76.28539510050994:6.887623745619098e-15 -26.43440848163393:-1.2810950553296044e-15 0.0:0.0 0.0:0.0 0.0:0.0 0.0:0.0 0.0:0.0 -52.98651818990209:7.127319884511698e-16 0.0:0.0 0.0:0.0 0.0:0.0 0.0:0.0 0.0:0.0 0.0:0.0 0.0:0.0 0.0:0.0 35.73027445971005:3.1679168624970802e-15 0.0:0.0 0.0:0.0 0.0:0.0 0.0:0.0 0.0:0.0 0.0:0.0 0.0:0.0 0.0:0.0 0.0:0.0 0.0:0.0 0.0:0.0 0.0:0.0 0.0:0.0 0.0:0.0 0.0:0.0 0.0:0.0 0.0:0.0 0.0:0.0 0.0:0.0 0.0:0.0 0.0:0.0 0.0:0.0 0.0:0.0 0.0:0.0 0.0:0.0 0.0:0.0 0.0:0.0 0.0:0.0 0.0:0.0 0.0:0.0 1152.0:0.0 219.60255580020547:1.2404569734847118e-14 -18.87336483449439:-1.370217104995141e-15 0.0:0.0 0.0:0.0 0.0:0.0 0.0:0.0 0.0:0.0 0.0:0.0 -119.35154304291041:6.410752176652355e-15 25.988355002375418:-3.1319374914243737e-17 32.91254725390694:1.8472168117940735e-15 0.0:0.0 0.0:0.0 0.0:0.0 0.0:0.0 -54.43783125476628:-6.11395795280649e-16 -128.28539510050996:7.323230969582905e-15 0.0:0.0 33.2823531006096:7.106336015543602e-16 0.0:0.0 0.0:0.0 0.0:0.0 0.0:0.0 24.986518189902093:-7.127319884511698e-16 0.0:0.0 0.0:0.0 0.0:0.0 0.0:0.0 0.0:0.0 0.0:0.0 0.0:0.0 -30.028793202230727:-1.084209581670677e-15 -35.73027445971005:-3.1679168624970802e-15 0.0:0.0 0.0:0.0 0.0:0.0 0.0:0.0 0.0:0.0 0.0:0.0 38.978481228774605:1.518065479741996e-15 52.23324117812485:3.0337138856844447e-15 0.0:0.0 0.0:0.0 0.0:0.0 0.0:0.0 0.0:0.0 0.0:0.0 0.0:0.0 0.0:0.0 0.0:0.0 0.0:0.0 0.0:0.0 0.0:0.0 0.0:0.0 0.0:0.0 0.0:0.0 0.0:0.0 0.0:0.0 0.0:0.0 0.0:0.0 0.0:0.0 0.0:0.0 0.0:0.0 640.0:0.0 43.60255580020548:-1.8062849803548854e-15 38.87336483449439:1.370217104995141e-15 0.0:0.0 0.0:0.0 0.0:0.0 0.0:0.0 0.0:0.0 47.42270543668469:2.880376572306579e-15 47.3515430429104:6.946751809486472e-16 25.988355002375418:-3.1319374914243737e-17 32.91254725390694:1.8472168117940735e-15 0.0:0.0 0.0:0.0 0.0:0.0 0.0:0.0 110.43783125476628:6.11395795280649e-16 0.0:0.0 0.0:0.0 0.0:0.0 0.0:0.0 0.0:0.0 0.0:0.0 0.0:0.0 -24.986518189902093:7.127319884511698e-16 28.36052691321791:-7.523811233779443e-16 0.0:0.0 0.0:0.0 0.0:0.0 0.0:0.0 0.0:0.0 0.0:0.0 30.028793202230727:1.084209581670677e-15 0.0:0.0 0.0:0.0 0.0:0.0 0.0:0.0 0.0:0.0 0.0:0.0 0.0:0.0 -38.978481228774605:-1.518065479741996e-15 0.0:0.0 0.0:0.0 0.0:0.0 0.0:0.0 0.0:0.0 0.0:0.0 0.0:0.0 0.0:0.0 0.0:0.0 0.0:0.0 0.0:0.0 0.0:0.0 0.0:0.0 0.0:0.0 0.0:0.0 0.0:0.0 0.0:0.0 0.0:0.0 0.0:0.0 0.0:0.0 0.0:0.0 0.0:0.0 0.0:0.0 1120.0:0.0 -109.60255580020548:1.8062849803548854e-15 -38.87336483449439:-1.370217104995141e-15 0.0:0.0 0.0:0.0 0.0:0.0 0.0:0.0 0.0:0.0 -23.42270543668469:6.723371064939219e-16 -23.3515430429104:-6.946751809486472e-16 25.988355002375418:-3.1319374914243737e-17 0.0:0.0 0.0:0.0 0.0:0.0 0.0:0.0 0.0:0.0 -110.43783125476628:-6.11395795280649e-16 -24.28539510050995:2.178036119819037e-16 58.43440848163393:1.2810950553296044e-15 0.0:0.0 0.0:0.0 0.0:0.0 0.0:0.0 0.0:0.0 24.986518189902093:-7.127319884511698e-16 0.0:0.0 0.0:0.0 0.0:0.0 0.0:0.0 0.0:0.0 0.0:0.0 0.0:0.0 -30.028793202230727:-1.084209581670677e-15 0.0:0.0 0.0:0.0 0.0:0.0 0.0:0.0 0.0:0.0 0.0:0.0 0.0:0.0 38.978481228774605:1.518065479741996e-15 52.23324117812485:3.0337138856844447e-15 0.0:0.0 0.0:0.0 0.0:0.0 0.0:0.0 0.0:0.0 0.0:0.0 0.0:0.0 0.0:0.0 0.0:0.0 0.0:0.0 0.0:0.0 0.0:0.0 0.0:0.0 0.0:0.0 0.0:0.0 0.0:0.0 0.0:0.0 0.0:0.0 0.0:0.0 0.0:0.0 0.0:0.0 0.0:0.0
exact-centres 0 2 928.0:0.0 87.60255580020548:-1.8062849803548854e-15 -18.87336483449439:-1.370217104995141e-15 26.69226062420509:9.637418503739353e-16 0.0:0.0 0.0:0.0 0.0:0.0 0.0:0.0 287.4227054366847:9.98580392990758e-15 -23.3515430429104:-6.946751809486472e-16 -53.988355002375414:-3.5213943038862572e-15 0.0:0.0 0.0:0.0 0.0:0.0 0.0:0.0 0.0:0.0 0.0:0.0 0.0:0.0 0.0:0.0 0.0:0.0 0.0:0.0 0.0:0.0 0.0:0.0 0.0:0.0 -24.986518189902093:7.127319884511698e-16 -28.36052691321791:7.523811233779443e-16 0.0:0.0 0.0:0.0 0.0:0.0 0.0:0.0 0.0:0.0 0.0:0.0 0.0:0.0 0.0:0.0 0.0:0.0 0.0:0.0 0.0:0.0 0.0:0.0 0.0:0.0 0.0:0.0 38.978481228774605:1.518065479741996e-15 0.0:0.0 0.0:0.0 0.0:0.0 0.0:0.0 0.0:0.0 0.0:0.0 0.0:0.0 0.0:0.0 0.0:0.0 0.0:0.0 0.0:0.0 0.0:0.0 0.0:0.0 0.0:0.0 0.0:0.0 0.0:0.0 0.0:0.0 0.0:0.0 0.0:0.0 0.0:0.0 0.0:0.0 0.0:0.0 0.0:0.0 928.0:0.0 -109.60255580020548:1.8062849803548854e-15 0.0:0.0 26.69226062420509:9.637418503739353e-16 0.0:0.0 0.0:0.0 0.0:0.0 0.0:0.0 0.0:0.0 191.3515430429104:-6.410752176652355e-15 -25.988355002375418:3.1319374914243737e-17 -32.91254725390694:-1.8472168117940735e-15 0.0:0.0 0.0:0.0 0.0:0.0 0.0:0.0 0.0:0.0 0.0:0.0 0.0:0.0 0.0:0.0 0.0:0.0 0.0:0.0 0.0:0.0 0.0:0.0 24.986518189902093:-7.127319884511698e-16 0.0:0.0 0.0:0.0 0.0:0.0 0.0:0.0 0.0:0.0 0.0:0.0 0.0:0.0 0.0:0.0 0.0:0.0 0.0:0.0 0.0:0.0 0.0:0.0 0.0:0.0 0.0:0.0 0.0:0.0 0.0:0.0 0.0:0.0 0.0:0.0 0.0:0.0 0.0:0.0 0.0:0.0 0.0:0.0 0.0:0.0 0.0:0.0 0.0:0.0 0.0:0.0 0.0:0.0 0.0:0.0 0.0:0.0 0.0:0.0 0.0:0.0 0.0:0.0 0.0:0.0 0.0:0.0 0.0:0.0 0.0:0.0 0.0:0.0 0.0:0.0 0.0:0.0 1120.0:0.0 0.0:0.0 -18.87336483449439:-1.370217104995141e-15 0.0:0.0 0.0:0.0 0.0:0.0 0.0:0.0 0.0:0.0 -119.4227054366847:4.225050785294423e-15 -95.35154304291041:6.410752176652355e-15 -53.988355002375414:-3.5213943038862572e-15 -32.91254725390694:-1.8472168117940735e-15 0.0:0.0 0.0:0.0 0.0:0.0 0.0:0.0 0.0:0.0 0.0:0.0 0.0:0.0 0.0:0.0 0.0:0.0 0.0:0.0 0.0:0.0 0.0:0.0 -24.986518189902093:7.127319884511698e-16 28.36052691321791:-7.523811233779443e-16 32.83232302624991:-2.1533383333417784e-15 0.0:0.0 0.0:0.0 0.0:0.0 0.0:0.0 0.0:0.0 0.0:0.0 0.0:0.0 0.0:0.0 0.0:0.0 0.0:0.0 0.0:0.0 0.0:0.0 0.0:0.0 0.0:0.0 0.0:0.0 0.0:0.0 0.0:0.0 0.0:0.0 0.0:0.0 0.0:0.0 0.0:0.0 0.0:0.0 0.0:0.0 0.0:0.0 0.0:0.0 0.0:0.0 0.0:0.0 0.0:0.0 0.0:0.0 0.0:0.0 0.0:0.0 0.0:0.0 0.0:0.0 0.0:0.0 0.0:0.0 0.0:0.0 0.0:0.0 896.0:0.0 0.0:0.0 38.87336483449439:1.370217104995141e-15 -26.69226062420509:-9.637418503739353e-16 0.0:0.0 0.0:0.0 0.0:0.0 0.0:0.0 0.0:0.0 -47.3515430429104:-6.946751809486472e-16 -25.988355002375418:3.1319374914243737e-17 0.0:0.0 0.0:0.0 0.0:0.0 0.0:0.0 0.0:0.0 0.0:0.0 0.0:0.0 0.0:0.0 0.0:0.0 0.0:0.0 0.0:0.0 0.0:0.0 0.0:0.0 0.0:0.0 -28.36052691321791:7.523811233779443e-16 32.83232302624991:-2.1533383333417784e-15 0.0:0.0 0.0:0.0 0.0:0.0 0.0:0.0 0.0:0.0 0.0:0.0 0.0:0.0 0.0:0.0 0.0:0.0 0.0:0.0 0.0:0.0 0.0:0.0 0.0:0.0 0.0:0.0 0.0:0.0 0.0:0.0 0.0:0.0 0.0:0.0 0.0:0.0 0.0:0.0 0.0:0.0 0.0:0.0 0.0:0.0 0.0:0.0 0.0:0.0 0.0:0.0 0.0:0.0 0.0:0.0 0.0:0.0 0.0:0.0 0.0:0.0 0.0:0.0 0.0:0.0 0.0:0.0 0.0:0.0 0.0:0.0 0.0:0.0
canvas 0 0 150.60013410513105 137.93169119264772 125.6258802136508 122.03727076597465 118.71873026366296 100.79475184579431 68.21566764752866 41.2118557648528 56.73870393117705 67.4901527233003 79.1721199192846 84.2502100708302 86.44838258197848 95.13773475109554 111.92679766961223 126.28950847930692 134.9555620807541 159.4184440595371 189.92676094810062 206.87475368982567 205.67022134781095 196.2022921887204 189.35285406256205 187.39981414052946 133.05684468252693 127.83867336529312 118.31398585512014 106.09862600462799 93.16950746262788 81.4949713243879 72.73512404293487 68.05777643795324
canvas 0 1 146.61544485362154 134.72404904729046 122.71651974811675 118.1790917716551 113.60216093535129 95.77941122252574 64.98359974329612 39.806882200601166 50.82172029974551 62.19818717214318 76.4001729741747 86.5544619625147 95.04675052860165 108.8123015345131 128.12138305907698 143.1091119490461 140.40393523181842 163.56981650127145 192.92565056068187 209.91473890969843 209.25209262861927 199.26673042031197 190.47493066399258 186.66636137612176 134.9787126550226 128.88487957567494 117.96980173456038 104.38290290152781 90.53752273034635 78.54149484339459 69.8762482702128 65.37328613694592
canvas 0 2 146.8190800687744 136.57618617866038 125.51283914827961 119.73574104185418 113.38943583654246 96.26725028876189 69.15952673250796 47.571545401038755 51.16843895006835 60.21447327106138 72.63282321775915 83.75240897508671 94.76713955812154 109.49798733302055 127.02343300225071 139.68072934081516 136.2107680570973 158.00948452783035 187.50167569830128 208.238617622956 213.4600212001868 207.868840316144 200.12744313873054 195.59803680076607 136.7334630857799 129.4620477512513 116.79167154966005 101.73379049245112 87.34627786888102 75.81950205276162 68.14286277328593 64.40255267984683
canvas 0 3 145.44776621183433 137.7746714007516 128.71349181470606 122.32082450632369 114.74959128718983 99.54687481049373 78.02640420544512 61.54326022604866 60.91930486679509 65.03424323523208 71.63684525549047 79.46386803135735 88.84534766226278 100.28363245570111 111.99333019849189 119.71953058450032 130.20981533305894 148.06938119137712 174.47317802652748 197.23008629981868 208.8016371585525 209.35676041883153 204.36249177968838 200.0202726249944 135.51345995383525 127.56467975478611 114.19222370561 99.29158195923566 86.44621676638366 77.61171853414025 72.81808491394978 70.93544822903158
canvas 0 4 129.47454972845816 125.11402862659978 119.20121940769424 113.424316563872 105.91491365016893 94.07186729221574 79.58023564432457 69.15357102833524 71.8258671419521 72.6450761899969 76.72523619330741 85.91739475159139 98.86614609316428 111.6695666690197 120.8568223948626 125.28729346047885 143.91377247217216 151.5842309827354 164.604778349916 178.20580868322835 186.6416345125326 186.69738428829362 180.5620121848366 174.6871901378485 129.70803913947313 122.12566383051792 110.02503971651426 97.9492119201333 89.6463943532441 86.38061572517687 86.73928263017625 87.96695648953478
canvas 0 5 106.64352978870743 105.83404770759249 103.73650093028309 99.7129516597276 93.54272426719953 85.9880697555545 78.89678605612956 74.55619873392509 82.2277005373799 81.88829181036542 87.12333463730603 102.13049819399856 123.30395912848522 141.9223847027492 152.26452325222218 155.53637654277915 166.8729556143959 160.92879815505907 154.66137650107825 152.3984787479168 152.01725262094752 148.0778710935355 139.43954334891103 131.81890211532362 120.20102333540937 113.97304084811442 104.92453556909567 97.91104404498266 96.45961260154492 100.79120851878707 107.78707976564145 112.90418471970166
canvas 0 6 97.73212092115492 99.95882358976856 101.3695626162492 99.4565059326658 95.14309416565158 91.63916653598739 90.80007429453524 91.43590601706808 97.30519017545086 94.63534889703175 98.08675586863862 114.05921619431871 137.75511914575324 157.33884148900478 165.897344183144 166.83876492229635 168.5918780950591 152.93247130854812 133.749709085279 122.82306500694006 120.81749137314111 119.81018177558109 114.65547690474459 108.91540459901249 110.23616805369811 105.70394258647481 100.20937763971278 98.66175853903752 104.17659200835072 115.91429464403936 129.2080118773332 137.9611081464738
canvas 0 7 102.31651878906548 106.30150850554355 109.82362420910827 109.33067177196305 106.32297320595386 105.28919705655646 108.04647253140124 111.49063853562713 111.56969518040377 105.75239380476232 104.75318863234695 116.69427981495218 136.82633827628223 152.37869147645895 156.4865820265759 154.2805426685059 153.44107275247143 134.35415625413873 111.76059801601465 101.20629106959535 104.29132534904178 110.84028321450853 112.43439403421226 110.45074234776565 103.87102335407474 100.49489381091833 97.36413721578448 99.35007609400216 109.25788662686742 125.57919447527762 142.7217110994125 153.6809505264486
canvas 0 8 111.16679909788192 117.13483983243857 122.26960588929349 120.8576886026163 114.63601699680028 110.22675960728607 111.1226466396641 114.09334727138372 135.9950425831322 121.03349574668863 111.60900504232953 123.56417819187988 148.53899728736292 163.780181048312 159.00281111669486 147.32727489165003 146.18680457107683 126.96996411579002 103.53633331145612 90.71116426680142 89.84026068804279 91.35046061358061 88.19010302851542 83.30863154342113 110.65241437814885 107.12076544143622 103.64464013471088 105.06590688279573 114.21770173767277 129.7067468939139 146.12546460446265 156.66159407590632
canvas 0 9 106.40043339067736 113.99039283052555 122.96125094619475 128.2023644214998 131.27697572557835 137.39197859185407 147.598702936248 156.06255176706682 142.03394418499397 131.33377973870876 123.18699634942267 128.0454009122732 141.03976579170384 148.13413373212447 143.14948007636764 134.68527900765253 131.19274829431635 115.11286602697879 95.88282074070986 86.32117146772573 87.61471674054688 91.33838920392665 90.89662609771361 88.10206556673995 90.42326494446671 94.0702253474174 101.77578152384584 113.73416765353215 129.09167988336975 145.51027619256084 159.52352209587943 167.63069267833487
canvas 0 10 111.9385903761484 119.21117317433364 128.78237131468228 137.12849929111186 146.52686485332904 161.22162747393088 179.7711508306196 193.39236827297705 192.40122729486708 184.35196358434123 171.08429544138082 155.88844437758436 140.5035089074003 125.60338692616521 112.75394286255123 105.00040823458679 97.09518076542533 85.63531284275902 71.99890899909916 65.62754954750282 67.8465800826094 72.82030807236823 75.2282807545815 75.11350027327036 120.35091067782301 127.7919954191028 139.46417030099315 150.6529090436891 157.57767069737392 159.18422307339478 157.30514003834668 155.16403841295138
canvas 0 11 121.60227722402901 126.90836984701663 133.68514500824824 140.02111836004318 149.33880253999368 165.89464002976854 187.1244856605418 202.65044242150935 211.32433702010695 208.65785207927513 196.4874624459203 170.8072018759706 137.84046921083635 109.9208994504066 94.58364838952814 89.67785425821623 78.89314129139989 71.93266564667923 62.76479813013313 56.85123404039171 56.263232339433614 59.159717418005926 62.451140920462876 64.30071444405594 135.13407673389904 146.07577628173945 161.81167931387668 173.60802592019473 175.1872077698917 166.30880874167028 152.80620609882791 143.07316001212885
canvas 0 12 117.19756758785311 122.8437759229789 130.24900297447044 137.4060882912855 147.6125376577406 164.98948711253558 186.8477846335688 202.7138571066745 189.88289058124886 193.38814614218438 188.459570279237 166.41724483147408 133.81353434111264 106.7879940486869 94.81208816819844 93.33412888447114 80.35780721588306 77.57836134833714 71.97395381499476 64.89232401736703 59.46536667811184 58.44988039461508 61.42429529025832 64.71099293684335 108.79320509064516 124.00915782490789 147.04804695042594 167.22311927341252 176.38637744800798 173.14279848227233 163.0627133427933 154.8600147883338
canvas 0 13 110.66037100234253 118.90152140292585 130.2623991106927 140.94685612890697 152.876210807669 169.9093024700555 190.24850539416244 204.83829043891797 211.62539537904667 212.67892011799276 204.37842307772087 179.08728584742883 142.59554821412533 109.78615786612902 90.85324530144597 84.3885169226878 68.27273530450752 69.99268171490723 68.85681050867862 62.232976072905814 53.998986497585946 50.90625730290265 54.76412301878959 60.01517467027883 125.62269622278444 136.76298271049703 153.57653273235178 168.1706146993612 174.55239660496594 171.75031000503463 163.96196250619332 157.70608042696517
canvas 0 14 128.33074616873736 137.3702694638656 149.0195723334576 157.76024252770563 164.6227467288489 174.23730631406758 187.1224754123843 197.03588809848318 209.7026146792222 207.66246023719935 197.77863617808612 175.54596991113817 143.98210875592736 112.29095507626641 89.03080983855926 77.53216798382343 64.05942956745817 70.39939032252911 74.85716055890957 71.42361594452456 64.11511163149012 62.27243796318591 68.98003946749915 76.9108711686509 137.21071932758773 141.43065073596983 147.65988100863777 152.73231605442155 154.30753737839527 152.14573181340072 148.1442009008357 145.12989169843948
canvas 0 15 156.92281138805578 164.60072927413714 172.89493633779685 175.61102766032255 173.85748037584753 173.5762315955362 177.63155963471903 182.31213741796336 138.97280379149709 140.9044785029427 141.77042357211133 137.89172240182614 127.75709817265744 113.3698623558306 99.37449520719247 90.79763527209647 85.21113405557833 94.68805299859855 103.34940875304397 103.17938391032955 98.03532844887486 98.40612731841262 107.83232330157799 117.85006595685039 88.99910176773807 92.82136146267277 99.94320596458422 109.3641621723703 119.7092044063017 129.4033937643037 136.9116482929405 141.00714113809113
canvas 0 16 158.39060380779827 161.93942951336024 169.85096098580084 179.43390679711368 183.16879419454514 174.81204499562602 157.3530164797597 142.9621471750897 138.01307283431612 140.78951112889655 140.70061006677184 132.7952682627788 118.32437189605695 103.52175746309373 93.67863990569465 89.55780557130487 82.75599594344872 98.92740724970223 117.55381618258725 125.7014780943551 123.55669478362455 121.15173920365024 124.85449336117794 130.47328717568928 97.67425275338567 101.16806496121309 104.09934745163329 104.43942633238926 106.026799716034 114.29477982753193 128.43780775962176 139.85952119819112
canvas 0 17 154.60749112119402 155.84868725885505 159.96913772985025 165.52343731425518 166.07830057895157 155.87427918868863 137.70909841708 123.19197358007315 128.39083283108826 130.4475802354976 130.62162121736023 125.28855913587371 114.96983777253969 103.78955029591161 95.69436582171265 91.90388783098045 81.89372257675075 100.82870741186326 124.4224934444548 137.90270046526302 138.57416414162293 134.5627970291188 133.41976169512557 134.8631723969257 99.6580450679499 105.83628543486913 111.97832684467723 113.09263644546998 111.15042519511785 112.12235258334691 118.0630351371068 124.09889329146233
canvas 0 18 162.64568145964242 160.79926272820924 160.08828071654185 161.0385211360056 158.79136070644898 148.0139337996632 130.7175256002138 117.14343954253106 115.51919698166456 116.24612901974616 116.90602354696193 116.32591464051056 113.6794122792465 109.19231227266232 104.32688699799927 101.14682793594805 91.54534681718096 109.47453371388154 133.0928651121875 148.65053488276124 151.45184973486124 146.56820012488026 141.27814042240564 138.7660079385515 104.02294597234904 111.40180399383202 118.66972721087357 119.11864966912133 113.72851113953588 108.99488678456798 108.93358201072648 111.12989321899381
canvas 0 19 150.43877563657244 146.09514102937857 141.91149668916043 140.55676308160488 138.6648192707369 130.848721118199 117.52732740703019 106.72232825485392 105.11413390140204 104.1035784317163 105.39827120764436 111.0281948934855 118.40592973874686 122.66390059749664 122.01835907841595 119.63585078163884 118.84796844043466 127.4770219701925 139.1671843365691 147.2796231624389 148.84748567715366 145.56267256353232 141.1346866632975 138.3664882535642 110.63968339568318 114.67512367312997 117.13366010579348 113.97468386381416 108.09584824990122 106.06712812754411 110.12408809353249 115.28978449060149
canvas 0 20 113.62016785668084 107.26264359364666 100.59346551874339 98.40742583935369 98.7006115659799 95.75341239642964 88.00779224741234 80.8891084942176 96.72678259794615 93.83558420174757 95.8173776508411 108.16899217814121 126.39688318962651 140.120450544018 144.04247828812026 142.52323271901307 154.98722168072774 149.96943016854135 143.38636352469712 138.88518671639878 137.31732420168402 136.9908752977339 136.31176547543635 135.46870186759818 118.21124679718093 116.42549922333642 110.86261879408335 102.57068508306448 97.96353339678116 103.41753624858478 117.29434573399551 129.2545347229735
canvas 0 21 101.41326203361089 92.55852189481597 82.41668149136198 77.92566778495296 78.57407013026781 78.58819971496548 74.8175940542287 70.46799720654047 86.32171951768363 81.69303361371769 84.30962531152353 102.87127243111614 131.12340064912686 153.5920388688523 161.73395036853694 161.01225556470385 182.28984330398146 167.9719184248523 149.46068274907873 137.5142749960764 134.7129601439764 135.98534773638596 136.1683117163282 135.06918218261092 124.82798422051506 119.69881890263437 109.32655168900325 97.42671927775731 92.3308705071465 100.48977759156091 118.48485181680152 133.41442599458114
canvas 0 22 109.45145237205925 97.50909736417015 82.53582447805356 73.44075160670337 71.28713025776523 70.72785432594004 67.82602123736248 64.41946316899838 73.45008366825992 67.49158239796624 70.59402764112521 93.90862793575299 129.8329751558337 158.99480084560304 170.36647154482358 170.25519566967142 191.94146754441164 176.6177447268706 158.13105441681142 148.26210941357465 147.59064573721474 147.9907508321474 144.02669044360832 138.9720177242367 129.1928851249142 125.26433746159725 116.0179520551996 103.45273250140868 94.90895645156455 97.36231179278198 109.35539869042123 120.44542592211262
canvas 0 23 105.66833968545501 91.41835510966499 72.65400122210296 59.53028212384487 54.196636642171654 51.7900885190026 48.182103174682794 44.64928957398184 63.82784366503206 57.14965150456733 60.51503879171362 86.40191880884791 126.47844103231645 159.2625936784209 172.38219746084155 172.60127792934702 191.07919417771365 178.51904488903162 164.99973167867896 160.46333178448256 162.60811509521315 161.401808657616 152.5919587775559 143.3619029454731 131.17667743947845 129.9325579352533 123.89693144824354 112.10594261448938 100.03258193064838 95.18988454859696 98.98062606790626 104.68479801538386
constants method=mmse centres_tested=8.627622486870601e-13 centres_reference=4.510791180808633e-14 cells=1
start SI0=5075.416273949084 ScenA=8.627622486870601e-13 ScenR=4.510791180808633e-14 Sgx0=544.3195906170212
stop 0 iterations
tolerance canvas 1.7812402198994056e-11
