# A conformance case of JPEG-Unround, written by conformance/generate.py: the quantized
# coefficients of a picture and the options of its reconstruction; what the Python
# implementation made of them; the exact centres; and what bounds the rounding of that
# run, from which conformance/bounds.py computes the tolerances at the end (docs/math.md, 9).
# Each line is a keyword and its values. Numbers are decimal, each double the shortest
# decimal that reads back as it; an exact centre is hi:lo, two doubles whose sum is the
# value to about 2^-106 of it.
name grey-tv-unrelaxed
picture 21 30 grayscale
component 0 1 1 3 4
table 0 32 22 20 32 48 80 102 122 24 24 28 38 52 116 120 110 28 26 32 48 80 114 138 112 28 34 44 58 102 174 160 124 36 44 74 112 136 218 206 154 48 70 110 128 162 208 226 184 98 128 156 174 206 242 240 202 144 184 190 196 224 200 206 198
levels 0 0 -6 7 -2 1 0 0 0 0 1 4 -1 1 0 0 0 0 0 -1 0 0 0 0 0 0 -1 0 0 0 0 0 0 0 1 0 0 0 0 0 0 0 0 0 0 0 0 0 0 0 0 0 0 0 0 0 0 0 0 0 0 0 0 0 0 0 -6 -9 1 0 0 0 0 0 -5 0 0 -1 0 0 0 0 2 0 0 0 0 0 0 0 0 0 0 0 0 0 0 0 -1 1 0 0 0 0 0 0 0 0 0 0 0 0 0 0 0 0 0 0 0 0 0 0 0 0 0 0 0 0 0 0 9 -2 -3 0 0 0 0 0 8 -4 -3 -1 0 0 0 0 -3 2 1 0 0 0 0 0 0 1 0 0 0 0 0 0 0 -1 0 0 0 0 0 0 0 0 0 0 0 0 0 0 0 0 0 0 0 0 0 0 0 0 0 0 0 0 0 0 -6 4 2 0 0 0 0 0 -2 5 -1 0 0 0 0 0 1 -2 0 0 0 0 0 0 0 0 0 0 0 0 0 0 0 0 0 0 0 0 0 0 0 0 0 0 0 0 0 0 0 0 0 0 0 0 0 0 0 0 0 0 0 0 0 0
levels 0 1 5 -7 1 -1 0 0 0 0 -5 1 0 0 0 0 0 0 -1 3 -1 0 0 0 0 0 -2 0 0 0 0 0 0 0 0 1 0 0 0 0 0 0 0 0 0 0 0 0 0 0 0 0 0 0 0 0 0 0 0 0 0 0 0 0 0 0 4 10 -1 0 0 0 0 0 0 -5 1 1 0 0 0 0 -2 -5 0 1 0 0 0 0 1 0 0 0 0 0 0 0 -1 -1 0 0 0 0 0 0 1 1 0 0 0 0 0 0 0 0 0 0 0 0 0 0 0 0 0 0 0 0 0 0 -12 2 2 0 0 0 0 0 2 2 1 1 0 0 0 0 4 0 0 0 0 0 0 0 -1 1 0 0 0 0 0 0 1 0 0 0 0 0 0 0 -1 0 0 0 0 0 0 0 0 0 0 0 0 0 0 0 0 0 0 0 0 0 0 0 3 -5 -2 0 0 0 0 0 -1 -1 1 0 0 0 0 0 -4 -1 2 0 0 0 0 0 1 0 0 0 0 0 0 0 -1 0 0 0 0 0 0 0 1 1 0 0 0 0 0 0 0 0 0 0 0 0 0 0 0 0 0 0 0 0 0 0
levels 0 2 -3 4 -1 1 0 0 0 0 12 -1 -2 0 0 0 0 0 0 0 0 0 0 0 0 0 -1 -1 0 0 0 0 0 0 0 0 0 0 0 0 0 0 1 0 0 0 0 0 0 0 0 0 0 0 0 0 0 0 0 0 0 0 0 0 0 0 -3 -5 0 1 0 0 0 0 0 8 -1 -1 0 0 0 0 0 0 0 0 0 0 0 0 1 0 0 0 0 0 0 0 0 0 0 0 0 0 0 0 0 0 0 0 0 0 0 0 0 0 0 0 0 0 0 0 0 0 0 0 0 0 0 0 3 0 -1 0 0 0 0 0 -5 -4 -2 -1 0 0 0 0 0 0 0 0 0 0 0 0 -1 1 1 0 0 0 0 0 0 0 0 0 0 0 0 0 0 0 0 0 0 0 0 0 0 0 0 0 0 0 0 0 0 0 0 0 0 0 0 0 -4 0 2 -1 0 0 0 0 0 -2 -1 0 0 0 0 0 0 0 0 0 0 0 0 0 0 -1 1 0 0 0 0 0 0 0 0 0 0 0 0 0 0 0 0 0 0 0 0 0 0 0 0 0 0 0 0 0 0 0 0 0 0 0 0 0
options --method tv --alpha 1.0 --alpha1 1.0 --alpha0 2.0 --channels coupled --mu 0.001 --mu-scale 1.0 --mu-power 1.0 --weight-power 2.0 --dc-weight 0.0 --centres mmse --slack 0.0 --slack-cost 0.0 --relative-tolerance 0.0 --partial-tolerance 0.0 --step-product 0.99 --record-every 20 --free-radius 255.0 --iterations 60 --tolerance 0.0 --step-ratio 4.0 --relaxation 1.0 --subgradient-iterations 50 --subgradient-record-every 1 --subgradient-step 0.5 --subgradient-decay 0.5
steps 0.7035623639735145 0.17589059099337861
weights 0 0.0 2.066115702479339e-06 2.5e-06 9.765625e-07 4.340277777777778e-07 1.5625e-07 9.611687812379854e-08 6.718624025799516e-08 1.7361111111111112e-06 1.7361111111111112e-06 1.2755102040816327e-06 6.925207756232687e-07 3.698224852071006e-07 7.431629013079668e-08 6.944444444444444e-08 8.264462809917355e-08 1.2755102040816327e-06 1.4792899408284024e-06 9.765625e-07 4.340277777777778e-07 1.5625e-07 7.694675284702986e-08 5.2509976895610165e-08 7.971938775510204e-08 1.2755102040816327e-06 8.650519031141868e-07 5.165289256198347e-07 2.972651605231867e-07 9.611687812379854e-08 3.3029462280354074e-08 3.90625e-08 6.503642039542144e-08 7.71604938271605e-07 5.165289256198347e-07 1.8261504747991236e-07 7.971938775510204e-08 5.4065743944636676e-08 2.1041999831664e-08 2.3564897728343858e-08 4.2165626581210995e-08 4.340277777777778e-07 2.0408163265306124e-07 8.264462809917355e-08 6.103515625e-08 3.8103947568968145e-08 2.3113905325443787e-08 1.95786670843449e-08 2.953686200378072e-08 1.0412328196584757e-07 6.103515625e-08 4.10913872452334e-08 3.3029462280354074e-08 2.3564897728343858e-08 1.707533638412677e-08 1.736111111111111e-08 2.450740123517302e-08 4.822530864197531e-08 2.953686200378072e-08 2.7700831024930747e-08 2.6030820491461892e-08 1.992984693877551e-08 2.5e-08 2.3564897728343858e-08 2.5507601265177022e-08
lower 0 0 816.0 143.0 -50.0 16.0 -24.0 -40.0 -51.0 -61.0 12.0 84.0 -42.0 19.0 -26.0 -58.0 -60.0 -55.0 -14.0 -39.0 -16.0 -24.0 -40.0 -57.0 -69.0 -56.0 -42.0 -17.0 -22.0 -29.0 -51.0 -87.0 -80.0 -62.0 18.0 -22.0 -37.0 -56.0 -68.0 -109.0 -103.0 -77.0 -24.0 -35.0 -55.0 -64.0 -81.0 -104.0 -113.0 -92.0 -49.0 -64.0 -78.0 -87.0 -103.0 -121.0 -120.0 -101.0 -72.0 -92.0 -95.0 -98.0 -112.0 -100.0 -103.0 -99.0 816.0 -209.0 10.0 -16.0 -24.0 -40.0 -51.0 -61.0 -132.0 -12.0 -14.0 -57.0 -26.0 -58.0 -60.0 -55.0 42.0 -13.0 -16.0 -24.0 -40.0 -57.0 -69.0 -56.0 -14.0 -17.0 -22.0 -29.0 -51.0 -87.0 -80.0 -62.0 -54.0 22.0 -37.0 -56.0 -68.0 -109.0 -103.0 -77.0 -24.0 -35.0 -55.0 -64.0 -81.0 -104.0 -113.0 -92.0 -49.0 -64.0 -78.0 -87.0 -103.0 -121.0 -120.0 -101.0 -72.0 -92.0 -95.0 -98.0 -112.0 -100.0 -103.0 -99.0 1296.0 -55.0 -70.0 -16.0 -24.0 -40.0 -51.0 -61.0 180.0 -108.0 -98.0 -57.0 -26.0 -58.0 -60.0 -55.0 -98.0 39.0 16.0 -24.0 -40.0 -57.0 -69.0 -56.0 -14.0 17.0 -22.0 -29.0 -51.0 -87.0 -80.0 -62.0 -18.0 -66.0 -37.0 -56.0 -68.0 -109.0 -103.0 -77.0 -24.0 -35.0 -55.0 -64.0 -81.0 -104.0 -113.0 -92.0 -49.0 -64.0 -78.0 -87.0 -103.0 -121.0 -120.0 -101.0 -72.0 -92.0 -95.0 -98.0 -112.0 -100.0 -103.0 -99.0 816.0 77.0 30.0 -16.0 -24.0 -40.0 -51.0 -61.0 -60.0 108.0 -42.0 -19.0 -26.0 -58.0 -60.0 -55.0 14.0 -65.0 -16.0 -24.0 -40.0 -57.0 -69.0 -56.0 -14.0 -17.0 -22.0 -29.0 -51.0 -87.0 -80.0 -62.0 -18.0 -22.0 -37.0 -56.0 -68.0 -109.0 -103.0 -77.0 -24.0 -35.0 -55.0 -64.0 -81.0 -104.0 -113.0 -92.0 -49.0 -64.0 -78.0 -87.0 -103.0 -121.0 -120.0 -101.0 -72.0 -92.0 -95.0 -98.0 -112.0 -100.0 -103.0 -99.0
lower 0 1 1168.0 -165.0 10.0 -48.0 -24.0 -40.0 -51.0 -61.0 -132.0 12.0 -14.0 -19.0 -26.0 -58.0 -60.0 -55.0 -42.0 65.0 -48.0 -24.0 -40.0 -57.0 -69.0 -56.0 -70.0 -17.0 -22.0 -29.0 -51.0 -87.0 -80.0 -62.0 -18.0 22.0 -37.0 -56.0 -68.0 -109.0 -103.0 -77.0 -24.0 -35.0 -55.0 -64.0 -81.0 -104.0 -113.0 -92.0 -49.0 -64.0 -78.0 -87.0 -103.0 -121.0 -120.0 -101.0 -72.0 -92.0 -95.0 -98.0 -112.0 -100.0 -103.0 -99.0 1136.0 209.0 -30.0 -16.0 -24.0 -40.0 -51.0 -61.0 -12.0 -132.0 14.0 19.0 -26.0 -58.0 -60.0 -55.0 -70.0 -143.0 -16.0 24.0 -40.0 -57.0 -69.0 -56.0 14.0 -17.0 -22.0 -29.0 -51.0 -87.0 -80.0 -62.0 -54.0 -66.0 -37.0 -56.0 -68.0 -109.0 -103.0 -77.0 24.0 35.0 -55.0 -64.0 -81.0 -104.0 -113.0 -92.0 -49.0 -64.0 -78.0 -87.0 -103.0 -121.0 -120.0 -101.0 -72.0 -92.0 -95.0 -98.0 -112.0 -100.0 -103.0 -99.0 624.0 33.0 30.0 -16.0 -24.0 -40.0 -51.0 -61.0 36.0 36.0 14.0 19.0 -26.0 -58.0 -60.0 -55.0 98.0 -13.0 -16.0 -24.0 -40.0 -57.0 -69.0 -56.0 -42.0 17.0 -22.0 -29.0 -51.0 -87.0 -80.0 -62.0 18.0 -22.0 -37.0 -56.0 -68.0 -109.0 -103.0 -77.0 -72.0 -35.0 -55.0 -64.0 -81.0 -104.0 -113.0 -92.0 -49.0 -64.0 -78.0 -87.0 -103.0 -121.0 -120.0 -101.0 -72.0 -92.0 -95.0 -98.0 -112.0 -100.0 -103.0 -99.0 1104.0 -121.0 -50.0 -16.0 -24.0 -40.0 -51.0 -61.0 -36.0 -36.0 14.0 -19.0 -26.0 -58.0 -60.0 -55.0 -126.0 -39.0 48.0 -24.0 -40.0 -57.0 -69.0 -56.0 14.0 -17.0 -22.0 -29.0 -51.0 -87.0 -80.0 -62.0 -54.0 -22.0 -37.0 -56.0 -68.0 -109.0 -103.0 -77.0 24.0 35.0 -55.0 -64.0 -81.0 -104.0 -113.0 -92.0 -49.0 -64.0 -78.0 -87.0 -103.0 -121.0 -120.0 -101.0 -72.0 -92.0 -95.0 -98.0 -112.0 -100.0 -103.0 -99.0
lower 0 2 912.0 77.0 -30.0 16.0 -24.0 -40.0 -51.0 -61.0 276.0 -36.0 -70.0 -19.0 -26.0 -58.0 -60.0 -55.0 -14.0 -13.0 -16.0 -24.0 -40.0 -57.0 -69.0 -56.0 -42.0 -51.0 -22.0 -29.0 -51.0 -87.0 -80.0 -62.0 -18.0 -22.0 -37.0 -56.0 -68.0 -109.0 -103.0 -77.0 24.0 -35.0 -55.0 -64.0 -81.0 -104.0 -113.0 -92.0 -49.0 -64.0 -78.0 -87.0 -103.0 -121.0 -120.0 -101.0 -72.0 -92.0 -95.0 -98.0 -112.0 -100.0 -103.0 -99.0 912.0 -121.0 -10.0 16.0 -24.0 -40.0 -51.0 -61.0 -12.0 180.0 -42.0 -57.0 -26.0 -58.0 -60.0 -55.0 -14.0 -13.0 -16.0 -24.0 -40.0 -57.0 -69.0 -56.0 14.0 -17.0 -22.0 -29.0 -51.0 -87.0 -80.0 -62.0 -18.0 -22.0 -37.0 -56.0 -68.0 -109.0 -103.0 -77.0 -24.0 -35.0 -55.0 -64.0 -81.0 -104.0 -113.0 -92.0 -49.0 -64.0 -78.0 -87.0 -103.0 -121.0 -120.0 -101.0 -72.0 -92.0 -95.0 -98.0 -112.0 -100.0 -103.0 -99.0 1104.0 -11.0 -30.0 -16.0 -24.0 -40.0 -51.0 -61.0 -132.0 -108.0 -70.0 -57.0 -26.0 -58.0 -60.0 -55.0 -14.0 -13.0 -16.0 -24.0 -40.0 -57.0 -69.0 -56.0 -42.0 17.0 22.0 -29.0 -51.0 -87.0 -80.0 -62.0 -18.0 -22.0 -37.0 -56.0 -68.0 -109.0 -103.0 -77.0 -24.0 -35.0 -55.0 -64.0 -81.0 -104.0 -113.0 -92.0 -49.0 -64.0 -78.0 -87.0 -103.0 -121.0 -120.0 -101.0 -72.0 -92.0 -95.0 -98.0 -112.0 -100.0 -103.0 -99.0 880.0 -11.0 30.0 -48.0 -24.0 -40.0 -51.0 -61.0 -12.0 -60.0 -42.0 -19.0 -26.0 -58.0 -60.0 -55.0 -14.0 -13.0 -16.0 -24.0 -40.0 -57.0 -69.0 -56.0 -14.0 -51.0 22.0 -29.0 -51.0 -87.0 -80.0 -62.0 -18.0 -22.0 -37.0 -56.0 -68.0 -109.0 -103.0 -77.0 -24.0 -35.0 -55.0 -64.0 -81.0 -104.0 -113.0 -92.0 -49.0 -64.0 -78.0 -87.0 -103.0 -121.0 -120.0 -101.0 -72.0 -92.0 -95.0 -98.0 -112.0 -100.0 -103.0 -99.0
upper 0 0 848.0 165.0 -30.0 48.0 24.0 40.0 51.0 61.0 36.0 108.0 -14.0 57.0 26.0 58.0 60.0 55.0 14.0 -13.0 16.0 24.0 40.0 57.0 69.0 56.0 -14.0 17.0 22.0 29.0 51.0 87.0 80.0 62.0 54.0 22.0 37.0 56.0 68.0 109.0 103.0 77.0 24.0 35.0 55.0 64.0 81.0 104.0 113.0 92.0 49.0 64.0 78.0 87.0 103.0 121.0 120.0 101.0 72.0 92.0 95.0 98.0 112.0 100.0 103.0 99.0 848.0 -187.0 30.0 16.0 24.0 40.0 51.0 61.0 -108.0 12.0 14.0 -19.0 26.0 58.0 60.0 55.0 70.0 13.0 16.0 24.0 40.0 57.0 69.0 56.0 14.0 17.0 22.0 29.0 51.0 87.0 80.0 62.0 -18.0 66.0 37.0 56.0 68.0 109.0 103.0 77.0 24.0 35.0 55.0 64.0 81.0 104.0 113.0 92.0 49.0 64.0 78.0 87.0 103.0 121.0 120.0 101.0 72.0 92.0 95.0 98.0 112.0 100.0 103.0 99.0 1328.0 -33.0 -50.0 16.0 24.0 40.0 51.0 61.0 204.0 -84.0 -70.0 -19.0 26.0 58.0 60.0 55.0 -70.0 65.0 48.0 24.0 40.0 57.0 69.0 56.0 14.0 51.0 22.0 29.0 51.0 87.0 80.0 62.0 18.0 -22.0 37.0 56.0 68.0 109.0 103.0 77.0 24.0 35.0 55.0 64.0 81.0 104.0 113.0 92.0 49.0 64.0 78.0 87.0 103.0 121.0 120.0 101.0 72.0 92.0 95.0 98.0 112.0 100.0 103.0 99.0 848.0 99.0 50.0 16.0 24.0 40.0 51.0 61.0 -36.0 132.0 -14.0 19.0 26.0 58.0 60.0 55.0 42.0 -39.0 16.0 24.0 40.0 57.0 69.0 56.0 14.0 17.0 22.0 29.0 51.0 87.0 80.0 62.0 18.0 22.0 37.0 56.0 68.0 109.0 103.0 77.0 24.0 35.0 55.0 64.0 81.0 104.0 113.0 92.0 49.0 64.0 78.0 87.0 103.0 121.0 120.0 101.0 72.0 92.0 95.0 98.0 112.0 100.0 103.0 99.0
upper 0 1 1200.0 -143.0 30.0 -16.0 24.0 40.0 51.0 61.0 -108.0 36.0 14.0 19.0 26.0 58.0 60.0 55.0 -14.0 91.0 -16.0 24.0 40.0 57.0 69.0 56.0 -42.0 17.0 22.0 29.0 51.0 87.0 80.0 62.0 18.0 66.0 37.0 56.0 68.0 109.0 103.0 77.0 24.0 35.0 55.0 64.0 81.0 104.0 113.0 92.0 49.0 64.0 78.0 87.0 103.0 121.0 120.0 101.0 72.0 92.0 95.0 98.0 112.0 100.0 103.0 99.0 1168.0 231.0 -10.0 16.0 24.0 40.0 51.0 61.0 12.0 -108.0 42.0 57.0 26.0 58.0 60.0 55.0 -42.0 -117.0 16.0 72.0 40.0 57.0 69.0 56.0 42.0 17.0 22.0 29.0 51.0 87.0 80.0 62.0 -18.0 -22.0 37.0 56.0 68.0 109.0 103.0 77.0 72.0 105.0 55.0 64.0 81.0 104.0 113.0 92.0 49.0 64.0 78.0 87.0 103.0 121.0 120.0 101.0 72.0 92.0 95.0 98.0 112.0 100.0 103.0 99.0 656.0 55.0 50.0 16.0 24.0 40.0 51.0 61.0 60.0 60.0 42.0 57.0 26.0 58.0 60.0 55.0 126.0 13.0 16.0 24.0 40.0 57.0 69.0 56.0 -14.0 51.0 22.0 29.0 51.0 87.0 80.0 62.0 54.0 22.0 37.0 56.0 68.0 109.0 103.0 77.0 -24.0 35.0 55.0 64.0 81.0 104.0 113.0 92.0 49.0 64.0 78.0 87.0 103.0 121.0 120.0 101.0 72.0 92.0 95.0 98.0 112.0 100.0 103.0 99.0 1136.0 -99.0 -30.0 16.0 24.0 40.0 51.0 61.0 -12.0 -12.0 42.0 19.0 26.0 58.0 60.0 55.0 -98.0 -13.0 80.0 24.0 40.0 57.0 69.0 56.0 42.0 17.0 22.0 29.0 51.0 87.0 80.0 62.0 -18.0 22.0 37.0 56.0 68.0 109.0 103.0 77.0 72.0 105.0 55.0 64.0 81.0 104.0 113.0 92.0 49.0 64.0 78.0 87.0 103.0 121.0 120.0 101.0 72.0 92.0 95.0 98.0 112.0 100.0 103.0 99.0
upper 0 2 944.0 99.0 -10.0 48.0 24.0 40.0 51.0 61.0 300.0 -12.0 -42.0 19.0 26.0 58.0 60.0 55.0 14.0 13.0 16.0 24.0 40.0 57.0 69.0 56.0 -14.0 -17.0 22.0 29.0 51.0 87.0 80.0 62.0 18.0 22.0 37.0 56.0 68.0 109.0 103.0 77.0 72.0 35.0 55.0 64.0 81.0 104.0 113.0 92.0 49.0 64.0 78.0 87.0 103.0 121.0 120.0 101.0 72.0 92.0 95.0 98.0 112.0 100.0 103.0 99.0 944.0 -99.0 10.0 48.0 24.0 40.0 51.0 61.0 12.0 204.0 -14.0 -19.0 26.0 58.0 60.0 55.0 14.0 13.0 16.0 24.0 40.0 57.0 69.0 56.0 42.0 17.0 22.0 29.0 51.0 87.0 80.0 62.0 18.0 22.0 37.0 56.0 68.0 109.0 103.0 77.0 24.0 35.0 55.0 64.0 81.0 104.0 113.0 92.0 49.0 64.0 78.0 87.0 103.0 121.0 120.0 101.0 72.0 92.0 95.0 98.0 112.0 100.0 103.0 99.0 1136.0 11.0 -10.0 16.0 24.0 40.0 51.0 61.0 -108.0 -84.0 -42.0 -19.0 26.0 58.0 60.0 55.0 14.0 13.0 16.0 24.0 40.0 57.0 69.0 56.0 -14.0 51.0 66.0 29.0 51.0 87.0 80.0 62.0 18.0 22.0 37.0 56.0 68.0 109.0 103.0 77.0 24.0 35.0 55.0 64.0 81.0 104.0 113.0 92.0 49.0 64.0 78.0 87.0 103.0 121.0 120.0 101.0 72.0 92.0 95.0 98.0 112.0 100.0 103.0 99.0 912.0 11.0 50.0 -16.0 24.0 40.0 51.0 61.0 12.0 -36.0 -14.0 19.0 26.0 58.0 60.0 55.0 14.0 13.0 16.0 24.0 40.0 57.0 69.0 56.0 14.0 -17.0 66.0 29.0 51.0 87.0 80.0 62.0 18.0 22.0 37.0 56.0 68.0 109.0 103.0 77.0 24.0 35.0 55.0 64.0 81.0 104.0 113.0 92.0 49.0 64.0 78.0 87.0 103.0 121.0 120.0 101.0 72.0 92.0 95.0 98.0 112.0 100.0 103.0 99.0
centres 0 0 832.0 153.60255580020547 -38.87336483449439 26.69226062420509 -0.0 -0.0 -0.0 -0.0 23.42270543668469 95.35154304291041 -25.988355002375418 32.91254725390694 -0.0 -0.0 -0.0 -0.0 -0.0 -24.28539510050995 -0.0 -0.0 -0.0 -0.0 -0.0 -0.0 -24.986518189902093 -0.0 -0.0 -0.0 -0.0 -0.0 -0.0 -0.0 30.028793202230727 -0.0 -0.0 -0.0 -0.0 -0.0 -0.0 -0.0 -0.0 -0.0 -0.0 -0.0 -0.0 -0.0 -0.0 -0.0 -0.0 -0.0 -0.0 -0.0 -0.0 -0.0 -0.0 -0.0 -0.0 -0.0 -0.0 -0.0 -0.0 -0.0 -0.0 -0.0 832.0 -197.6025558002055 18.87336483449439 -0.0 -0.0 -0.0 -0.0 -0.0 -119.42270543668468 -0.0 -0.0 -32.91254725390694 -0.0 -0.0 -0.0 -0.0 54.43783125476628 -0.0 -0.0 -0.0 -0.0 -0.0 -0.0 -0.0 -0.0 -0.0 -0.0 -0.0 -0.0 -0.0 -0.0 -0.0 -30.028793202230727 35.73027445971005 -0.0 -0.0 -0.0 -0.0 -0.0 -0.0 -0.0 -0.0 -0.0 -0.0 -0.0 -0.0 -0.0 -0.0 -0.0 -0.0 -0.0 -0.0 -0.0 -0.0 -0.0 -0.0 -0.0 -0.0 -0.0 -0.0 -0.0 -0.0 -0.0 -0.0 1312.0 -43.60255580020548 -58.87336483449439 -0.0 -0.0 -0.0 -0.0 -0.0 191.42270543668468 -95.35154304291041 -81.98835500237543 -32.91254725390694 -0.0 -0.0 -0.0 -0.0 -82.43783125476628 50.28539510050995 26.43440848163393 -0.0 -0.0 -0.0 -0.0 -0.0 -0.0 28.36052691321791 -0.0 -0.0 -0.0 -0.0 -0.0 -0.0 -0.0 -35.73027445971005 -0.0 -0.0 -0.0 -0.0 -0.0 -0.0 -0.0 -0.0 -0.0 -0.0 -0.0 -0.0 -0.0 -0.0 -0.0 -0.0 -0.0 -0.0 -0.0 -0.0 -0.0 -0.0 -0.0 -0.0 -0.0 -0.0 -0.0 -0.0 -0.0 -0.0 832.0 87.60255580020548 38.87336483449439 -0.0 -0.0 -0.0 -0.0 -0.0 -47.422705436684694 119.35154304291041 -25.988355002375418 -0.0 -0.0 -0.0 -0.0 -0.0 26.437831254766284 -50.28539510050995 -0.0 -0.0 -0.0 -0.0 -0.0 -0.0 -0.0 -0.0 -0.0 -0.0 -0.0 -0.0 -0.0 -0.0 -0.0 -0.0 -0.0 -0.0 -0.0 -0.0 -0.0 -0.0 -0.0 -0.0 -0.0 -0.0 -0.0 -0.0 -0.0 -0.0 -0.0 -0.0 -0.0 -0.0 -0.0 -0.0 -0.0 -0.0 -0.0 -0.0 -0.0 -0.0 -0.0 -0.0 -0.0 -0.0
centres 0 1 1184.0 -153.60255580020547 18.87336483449439 -26.69226062420509 -0.0 -0.0 -0.0 -0.0 -119.42270543668468 23.3515430429104 -0.0 -0.0 -0.0 -0.0 -0.0 -0.0 -26.437831254766284 76.28539510050996 -26.43440848163393 -0.0 -0.0 -0.0 -0.0 -0.0 -52.98651818990209 -0.0 -0.0 -0.0 -0.0 -0.0 -0.0 -0.0 -0.0 35.73027445971005 -0.0 -0.0 -0.0 -0.0 -0.0 -0.0 -0.0 -0.0 -0.0 -0.0 -0.0 -0.0 -0.0 -0.0 -0.0 -0.0 -0.0 -0.0 -0.0 -0.0 -0.0 -0.0 -0.0 -0.0 -0.0 -0.0 -0.0 -0.0 -0.0 -0.0 1152.0 219.6025558002055 -18.87336483449439 -0.0 -0.0 -0.0 -0.0 -0.0 -0.0 -119.35154304291041 25.988355002375418 32.91254725390694 -0.0 -0.0 -0.0 -0.0 -54.43783125476628 -128.28539510050996 -0.0 33.2823531006096 -0.0 -0.0 -0.0 -0.0 24.986518189902093 -0.0 -0.0 -0.0 -0.0 -0.0 -0.0 -0.0 -30.028793202230727 -35.73027445971005 -0.0 -0.0 -0.0 -0.0 -0.0 -0.0 38.978481228774605 52.23324117812485 -0.0 -0.0 -0.0 -0.0 -0.0 -0.0 -0.0 -0.0 -0.0 -0.0 -0.0 -0.0 -0.0 -0.0 -0.0 -0.0 -0.0 -0.0 -0.0 -0.0 -0.0 -0.0 640.0 43.60255580020548 38.87336483449439 -0.0 -0.0 -0.0 -0.0 -0.0 47.422705436684694 47.3515430429104 25.988355002375418 32.91254725390694 -0.0 -0.0 -0.0 -0.0 110.43783125476628 -0.0 -0.0 -0.0 -0.0 -0.0 -0.0 -0.0 -24.986518189902093 28.36052691321791 -0.0 -0.0 -0.0 -0.0 -0.0 -0.0 30.028793202230727 -0.0 -0.0 -0.0 -0.0 -0.0 -0.0 -0.0 -38.978481228774605 -0.0 -0.0 -0.0 -0.0 -0.0 -0.0 -0.0 -0.0 -0.0 -0.0 -0.0 -0.0 -0.0 -0.0 -0.0 -0.0 -0.0 -0.0 -0.0 -0.0 -0.0 -0.0 -0.0 1120.0 -109.60255580020548 -38.87336483449439 -0.0 -0.0 -0.0 -0.0 -0.0 -23.42270543668469 -23.3515430429104 25.988355002375418 -0.0 -0.0 -0.0 -0.0 -0.0 -110.43783125476628 -24.28539510050995 58.43440848163393 -0.0 -0.0 -0.0 -0.0 -0.0 24.986518189902093 -0.0 -0.0 -0.0 -0.0 -0.0 -0.0 -0.0 -30.028793202230727 -0.0 -0.0 -0.0 -0.0 -0.0 -0.0 -0.0 38.978481228774605 52.23324117812485 -0.0 -0.0 -0.0 -0.0 -0.0 -0.0 -0.0 -0.0 -0.0 -0.0 -0.0 -0.0 -0.0 -0.0 -0.0 -0.0 -0.0 -0.0 -0.0 -0.0 -0.0 -0.0
centres 0 2 928.0 87.60255580020548 -18.87336483449439 26.69226062420509 -0.0 -0.0 -0.0 -0.0 287.4227054366847 -23.3515430429104 -53.988355002375414 -0.0 -0.0 -0.0 -0.0 -0.0 -0.0 -0.0 -0.0 -0.0 -0.0 -0.0 -0.0 -0.0 -24.986518189902093 -28.36052691321791 -0.0 -0.0 -0.0 -0.0 -0.0 -0.0 -0.0 -0.0 -0.0 -0.0 -0.0 -0.0 -0.0 -0.0 38.978481228774605 -0.0 -0.0 -0.0 -0.0 -0.0 -0.0 -0.0 -0.0 -0.0 -0.0 -0.0 -0.0 -0.0 -0.0 -0.0 -0.0 -0.0 -0.0 -0.0 -0.0 -0.0 -0.0 -0.0 928.0 -109.60255580020548 -0.0 26.69226062420509 -0.0 -0.0 -0.0 -0.0 -0.0 191.3515430429104 -25.988355002375418 -32.91254725390694 -0.0 -0.0 -0.0 -0.0 -0.0 -0.0 -0.0 -0.0 -0.0 -0.0 -0.0 -0.0 24.986518189902093 -0.0 -0.0 -0.0 -0.0 -0.0 -0.0 -0.0 -0.0 -0.0 -0.0 -0.0 -0.0 -0.0 -0.0 -0.0 -0.0 -0.0 -0.0 -0.0 -0.0 -0.0 -0.0 -0.0 -0.0 -0.0 -0.0 -0.0 -0.0 -0.0 -0.0 -0.0 -0.0 -0.0 -0.0 -0.0 -0.0 -0.0 -0.0 -0.0 1120.0 -0.0 -18.87336483449439 -0.0 -0.0 -0.0 -0.0 -0.0 -119.42270543668468 -95.35154304291041 -53.988355002375414 -32.91254725390694 -0.0 -0.0 -0.0 -0.0 -0.0 -0.0 -0.0 -0.0 -0.0 -0.0 -0.0 -0.0 -24.986518189902093 28.36052691321791 32.83232302624991 -0.0 -0.0 -0.0 -0.0 -0.0 -0.0 -0.0 -0.0 -0.0 -0.0 -0.0 -0.0 -0.0 -0.0 -0.0 -0.0 -0.0 -0.0 -0.0 -0.0 -0.0 -0.0 -0.0 -0.0 -0.0 -0.0 -0.0 -0.0 -0.0 -0.0 -0.0 -0.0 -0.0 -0.0 -0.0 -0.0 -0.0 896.0 -0.0 38.87336483449439 -26.69226062420509 -0.0 -0.0 -0.0 -0.0 -0.0 -47.3515430429104 -25.988355002375418 -0.0 -0.0 -0.0 -0.0 -0.0 -0.0 -0.0 -0.0 -0.0 -0.0 -0.0 -0.0 -0.0 -0.0 -28.36052691321791 32.83232302624991 -0.0 -0.0 -0.0 -0.0 -0.0 -0.0 -0.0 -0.0 -0.0 -0.0 -0.0 -0.0 -0.0 -0.0 -0.0 -0.0 -0.0 -0.0 -0.0 -0.0 -0.0 -0.0 -0.0 -0.0 -0.0 -0.0 -0.0 -0.0 -0.0 -0.0 -0.0 -0.0 -0.0 -0.0 -0.0 -0.0 -0.0
exact-centres 0 0 832.0:0.0 153.60255580020547:1.2404569734847118e-14 -38.87336483449439:-1.370217104995141e-15 26.69226062420509:9.637418503739353e-16 0.0:0.0 0.0:0.0 0.0:0.0 0.0:0.0 23.42270543668469:-6.723371064939219e-16 95.35154304291041:-6.410752176652355e-15 -25.988355002375418:3.1319374914243737e-17 32.91254725390694:1.8472168117940735e-15 0.0:0.0 0.0:0.0 0.0:0.0 0.0:0.0 0.0:0.0 -24.28539510050995:2.178036119819037e-16 0.0:0.0 0.0:0.0 0.0:0.0 0.0:0.0 0.0:0.0 0.0:0.0 -24.986518189902093:7.127319884511698e-16 0.0:0.0 0.0:0.0 0.0:0.0 0.0:0.0 0.0:0.0 0.0:0.0 0.0:0.0 30.028793202230727:1.084209581670677e-15 0.0:0.0 0.0:0.0 0.0:0.0 0.0:0.0 0.0:0.0 0.0:0.0 0.0:0.0 0.0:0.0 0.0:0.0 0.0:0.0 0.0:0.0 0.0:0.0 0.0:0.0 0.0:0.0 0.0:0.0 0.0:0.0 0.0:0.0 0.0:0.0 0.0:0.0 0.0:0.0 0.0:0.0 0.0:0.0 0.0:0.0 0.0:0.0 0.0:0.0 0.0:0.0 0.0:0.0 0.0:0.0 0.0:0.0 0.0:0.0 0.0:0.0 832.0:0.0 -197.60255580020547:-1.2404569734847118e-14 18.87336483449439:1.370217104995141e-15 0.0:0.0 0.0:0.0 0.0:0.0 0.0:0.0 0.0:0.0 -119.4227054366847:4.225050785294423e-15 0.0:0.0 0.0:0.0 -32.91254725390694:-1.8472168117940735e-15 0.0:0.0 0.0:0.0 0.0:0.0 0.0:0.0 54.43783125476628:6.11395795280649e-16 0.0:0.0 0.0:0.0 0.0:0.0 0.0:0.0 0.0:0.0 0.0:0.0 0.0:0.0 0.0:0.0 0.0:0.0 0.0:0.0 0.0:0.0 0.0:0.0 0.0:0.0 0.0:0.0 0.0:0.0 -30.028793202230727:-1.084209581670677e-15 35.73027445971005:3.1679168624970802e-15 0.0:0.0 0.0:0.0 0.0:0.0 0.0:0.0 0.0:0.0 0.0:0.0 0.0:0.0 0.0:0.0 0.0:0.0 0.0:0.0 0.0:0.0 0.0:0.0 0.0:0.0 0.0:0.0 0.0:0.0 0.0:0.0 0.0:0.0 0.0:0.0 0.0:0.0 0.0:0.0 0.0:0.0 0.0:0.0 0.0:0.0 0.0:0.0 0.0:0.0 0.0:0.0 0.0:0.0 0.0:0.0 0.0:0.0 0.0:0.0 1312.0:0.0 -43.60255580020548:1.8062849803548854e-15 -58.87336483449439:-1.370217104995141e-15 0.0:0.0 0.0:0.0 0.0:0.0 0.0:0.0 0.0:0.0 191.42270543668468:9.98580392990758e-15 -95.35154304291041:6.410752176652355e-15 -81.98835500237541:-3.5213943038862572e-15 -32.91254725390694:-1.8472168117940735e-15 0.0:0.0 0.0:0.0 0.0:0.0 0.0:0.0 -82.43783125476628:-6.11395795280649e-16 50.28539510050995:-2.178036119819037e-16 26.43440848163393:1.2810950553296044e-15 0.0:0.0 0.0:0.0 0.0:0.0 0.0:0.0 0.0:0.0 0.0:0.0 28.36052691321791:-7.523811233779443e-16 0.0:0.0 0.0:0.0 0.0:0.0 0.0:0.0 0.0:0.0 0.0:0.0 0.0:0.0 -35.73027445971005:-3.1679168624970802e-15 0.0:0.0 0.0:0.0 0.0:0.0 0.0:0.0 0.0:0.0 0.0:0.0 0.0:0.0 0.0:0.0 0.0:0.0 0.0:0.0 0.0:0.0 0.0:0.0 0.0:0.0 0.0:0.0 0.0:0.0 0.0:0.0 0.0:0.0 0.0:0.0 0.0:0.0 0.0:0.0 0.0:0.0 0.0:0.0 0.0:0.0 0.0:0.0 0.0:0.0 0.0:0.0 0.0:0.0 0.0:0.0 0.0:0.0 0.0:0.0 832.0:0.0 87.60255580020548:-1.8062849803548854e-15 38.87336483449439:1.370217104995141e-15 0.0:0.0 0.0:0.0 0.0:0.0 0.0:0.0 0.0:0.0 -47.42270543668469:-2.880376572306579e-15 119.35154304291041:-6.410752176652355e-15 -25.988355002375418:3.1319374914243737e-17 0.0:0.0 0.0:0.0 0.0:0.0 0.0:0.0 0.0:0.0 26.43783125476628:6.11395795280649e-16 -50.28539510050995:2.178036119819037e-16 0.0:0.0 0.0:0.0 0.0:0.0 0.0:0.0 0.0:0.0 0.0:0.0 0.0:0.0 0.0:0.0 0.0:0.0 0.0:0.0 0.0:0.0 0.0:0.0 0.0:0.0 0.0:0.0 0.0:0.0 0.0:0.0 0.0:0.0 0.0:0.0 0.0:0.0 0.0:0.0 0.0:0.0 0.0:0.0 0.0:0.0 0.0:0.0 0.0:0.0 0.0:0.0 0.0:0.0 0.0:0.0 0.0:0.0 0.0:0.0 0.0:0.0 0.0:0.0 0.0:0.0 0.0:0.0 0.0:0.0 0.0:0.0 0.0:0.0 0.0:0.0 0.0:0.0 0.0:0.0 0.0:0.0 0.0:0.0 0.0:0.0 0.0:0.0 0.0:0.0 0.0:0.0
exact-centres 0 1 1184.0:0.0 -153.60255580020547:-1.2404569734847118e-14 18.87336483449439:1.370217104995141e-15 -26.69226062420509:-9.637418503739353e-16 0.0:0.0 0.0:0.0 0.0:0.0 0.0:0.0 -119.4227054366847:4.225050785294423e-15 23.3515430429104:6.946751809486472e-16 0.0:0.0 0.0:0.0 0.0:0.0 0.0:0.0 0.0:0.0 0.0:0.0 -26.43783125476628:-6.11395795280649e-16 76.28539510050994:6.887623745619098e-15 -26.43440848163393:-1.2810950553296044e-15 0.0:0.0 0.0:0.0 0.0:0.0 0.0:0.0 0.0:0.0 -52.98651818990209:7.127319884511698e-16 0.0:0.0 0.0:0.0 0.0:0.0 0.0:0.0 0.0:0.0 0.0:0.0 0.0:0.0 0.0:0.0 35.73027445971005:3.1679168624970802e-15 0.0:0.0 0.0:0.0 0.0:0.0 0.0:0.0 0.0:0.0 0.0:0.0 0.0:0.0 0.0:0.0 0.0:0.0 0.0:0.0 0.0:0.0 0.0:0.0 0.0:0.0 0.0:0.0 0.0:0.0 0.0:0.0 0.0:0.0 0.0:0.0 0.0:0.0 0.0:0.0 0.0:0.0 0.0:0.0 0.0:0.0 0.0:0.0 0.0:0.0 0.0:0.0 0.0:0.0 0.0:0.0 0.0:0.0 0.0:0.0 1152.0:0.0 219.60255580020547:1.2404569734847118e-14 -18.87336483449439:-1.370217104995141e-15 0.0:0.0 0.0:0.0 0.0:0.0 0.0:0.0 0.0:0.0 0.0:0.0 -119.35154304291041:6.410752176652355e-15 25.988355002375418:-3.1319374914243737e-17 32.91254725390694:1.8472168117940735e-15 0.0:0.0 0.0:0.0 0.0:0.0 0.0:0.0 -54.43783125476628:-6.11395795280649e-16 -128.28539510050996:7.323230969582905e-15 0.0:0.0 33.2823531006096:7.106336015543602e-16 0.0:0.0 0.0:0.0 0.0:0.0 0.0:0.0 24.986518189902093:-7.127319884511698e-16 0.0:0.0 0.0:0.0 0.0:0.0 0.0:0.0 0.0:0.0 0.0:0.0 0.0:0.0 -30.028793202230727:-1.084209581670677e-15 -35.73027445971005:-3.1679168624970802e-15 0.0:0.0 0.0:0.0 0.0:0.0 0.0:0.0 0.0:0.0 0.0:0.0 38.978481228774605:1.518065479741996e-15 52.23324117812485:3.0337138856844447e-15 0.0:0.0 0.0:0.0 0.0:0.0 0.0:0.0 0.0:0.0 0.0:0.0 0.0:0.0 0.0:0.0 0.0:0.0 0.0:0.0 0.0:0.0 0.0:0.0 0.0:0.0 0.0:0.0 0.0:0.0 0.0:0.0 0.0:0.0 0.0:0.0 0.0:0.0 0.0:0.0 0.0:0.0 0.0:0.0 640.0:0.0 43.60255580020548:-1.8062849803548854e-15 38.87336483449439:1.370217104995141e-15 0.0:0.0 0.0:0.0 0.0:0.0 0.0:0.0 0.0:0.0 47.42270543668469:2.880376572306579e-15 47.3515430429104:6.946751809486472e-16 25.988355002375418:-3.1319374914243737e-17 32.91254725390694:1.8472168117940735e-15 0.0:0.0 0.0:0.0 0.0:0.0 0.0:0.0 110.43783125476628:6.11395795280649e-16 0.0:0.0 0.0:0.0 0.0:0.0 0.0:0.0 0.0:0.0 0.0:0.0 0.0:0.0 -24.986518189902093:7.127319884511698e-16 28.36052691321791:-7.523811233779443e-16 0.0:0.0 0.0:0.0 0.0:0.0 0.0:0.0 0.0:0.0 0.0:0.0 30.028793202230727:1.084209581670677e-15 0.0:0.0 0.0:0.0 0.0:0.0 0.0:0.0 0.0:0.0 0.0:0.0 0.0:0.0 -38.978481228774605:-1.518065479741996e-15 0.0:0.0 0.0:0.0 0.0:0.0 0.0:0.0 0.0:0.0 0.0:0.0 0.0:0.0 0.0:0.0 0.0:0.0 0.0:0.0 0.0:0.0 0.0:0.0 0.0:0.0 0.0:0.0 0.0:0.0 0.0:0.0 0.0:0.0 0.0:0.0 0.0:0.0 0.0:0.0 0.0:0.0 0.0:0.0 0.0:0.0 1120.0:0.0 -109.60255580020548:1.8062849803548854e-15 -38.87336483449439:-1.370217104995141e-15 0.0:0.0 0.0:0.0 0.0:0.0 0.0:0.0 0.0:0.0 -23.42270543668469:6.723371064939219e-16 -23.3515430429104:-6.946751809486472e-16 25.988355002375418:-3.1319374914243737e-17 0.0:0.0 0.0:0.0 0.0:0.0 0.0:0.0 0.0:0.0 -110.43783125476628:-6.11395795280649e-16 -24.28539510050995:2.178036119819037e-16 58.43440848163393:1.2810950553296044e-15 0.0:0.0 0.0:0.0 0.0:0.0 0.0:0.0 0.0:0.0 24.986518189902093:-7.127319884511698e-16 0.0:0.0 0.0:0.0 0.0:0.0 0.0:0.0 0.0:0.0 0.0:0.0 0.0:0.0 -30.028793202230727:-1.084209581670677e-15 0.0:0.0 0.0:0.0 0.0:0.0 0.0:0.0 0.0:0.0 0.0:0.0 0.0:0.0 38.978481228774605:1.518065479741996e-15 52.23324117812485:3.0337138856844447e-15 0.0:0.0 0.0:0.0 0.0:0.0 0.0:0.0 0.0:0.0 0.0:0.0 0.0:0.0 0.0:0.0 0.0:0.0 0.0:0.0 0.0:0.0 0.0:0.0 0.0:0.0 0.0:0.0 0.0:0.0 0.0:0.0 0.0:0.0 0.0:0.0 0.0:0.0 0.0:0.0 0.0:0.0 0.0:0.0
exact-centres 0 2 928.0:0.0 87.60255580020548:-1.8062849803548854e-15 -18.87336483449439:-1.370217104995141e-15 26.69226062420509:9.637418503739353e-16 0.0:0.0 0.0:0.0 0.0:0.0 0.0:0.0 287.4227054366847:9.98580392990758e-15 -23.3515430429104:-6.946751809486472e-16 -53.988355002375414:-3.5213943038862572e-15 0.0:0.0 0.0:0.0 0.0:0.0 0.0:0.0 0.0:0.0 0.0:0.0 0.0:0.0 0.0:0.0 0.0:0.0 0.0:0.0 0.0:0.0 0.0:0.0 0.0:0.0 -24.986518189902093:7.127319884511698e-16 -28.36052691321791:7.523811233779443e-16 0.0:0.0 0.0:0.0 0.0:0.0 0.0:0.0 0.0:0.0 0.0:0.0 0.0:0.0 0.0:0.0 0.0:0.0 0.0:0.0 0.0:0.0 0.0:0.0 0.0:0.0 0.0:0.0 38.978481228774605:1.518065479741996e-15 0.0:0.0 0.0:0.0 0.0:0.0 0.0:0.0 0.0:0.0 0.0:0.0 0.0:0.0 0.0:0.0 0.0:0.0 0.0:0.0 0.0:0.0 0.0:0.0 0.0:0.0 0.0:0.0 0.0:0.0 0.0:0.0 0.0:0.0 0.0:0.0 0.0:0.0 0.0:0.0 0.0:0.0 0.0:0.0 0.0:0.0 928.0:0.0 -109.60255580020548:1.8062849803548854e-15 0.0:0.0 26.69226062420509:9.637418503739353e-16 0.0:0.0 0.0:0.0 0.0:0.0 0.0:0.0 0.0:0.0 191.3515430429104:-6.410752176652355e-15 -25.988355002375418:3.1319374914243737e-17 -32.91254725390694:-1.8472168117940735e-15 0.0:0.0 0.0:0.0 0.0:0.0 0.0:0.0 0.0:0.0 0.0:0.0 0.0:0.0 0.0:0.0 0.0:0.0 0.0:0.0 0.0:0.0 0.0:0.0 24.986518189902093:-7.127319884511698e-16 0.0:0.0 0.0:0.0 0.0:0.0 0.0:0.0 0.0:0.0 0.0:0.0 0.0:0.0 0.0:0.0 0.0:0.0 0.0:0.0 0.0:0.0 0.0:0.0 0.0:0.0 0.0:0.0 0.0:0.0 0.0:0.0 0.0:0.0 0.0:0.0 0.0:0.0 0.0:0.0 0.0:0.0 0.0:0.0 0.0:0.0 0.0:0.0 0.0:0.0 0.0:0.0 0.0:0.0 0.0:0.0 0.0:0.0 0.0:0.0 0.0:0.0 0.0:0.0 0.0:0.0 0.0:0.0 0.0:0.0 0.0:0.0 0.0:0.0 0.0:0.0 0.0:0.0 1120.0:0.0 0.0:0.0 -18.87336483449439:-1.370217104995141e-15 0.0:0.0 0.0:0.0 0.0:0.0 0.0:0.0 0.0:0.0 -119.4227054366847:4.225050785294423e-15 -95.35154304291041:6.410752176652355e-15 -53.988355002375414:-3.5213943038862572e-15 -32.91254725390694:-1.8472168117940735e-15 0.0:0.0 0.0:0.0 0.0:0.0 0.0:0.0 0.0:0.0 0.0:0.0 0.0:0.0 0.0:0.0 0.0:0.0 0.0:0.0 0.0:0.0 0.0:0.0 -24.986518189902093:7.127319884511698e-16 28.36052691321791:-7.523811233779443e-16 32.83232302624991:-2.1533383333417784e-15 0.0:0.0 0.0:0.0 0.0:0.0 0.0:0.0 0.0:0.0 0.0:0.0 0.0:0.0 0.0:0.0 0.0:0.0 0.0:0.0 0.0:0.0 0.0:0.0 0.0:0.0 0.0:0.0 0.0:0.0 0.0:0.0 0.0:0.0 0.0:0.0 0.0:0.0 0.0:0.0 0.0:0.0 0.0:0.0 0.0:0.0 0.0:0.0 0.0:0.0 0.0:0.0 0.0:0.0 0.0:0.0 0.0:0.0 0.0:0.0 0.0:0.0 0.0:0.0 0.0:0.0 0.0:0.0 0.0:0.0 0.0:0.0 0.0:0.0 896.0:0.0 0.0:0.0 38.87336483449439:1.370217104995141e-15 -26.69226062420509:-9.637418503739353e-16 0.0:0.0 0.0:0.0 0.0:0.0 0.0:0.0 0.0:0.0 -47.3515430429104:-6.946751809486472e-16 -25.988355002375418:3.1319374914243737e-17 0.0:0.0 0.0:0.0 0.0:0.0 0.0:0.0 0.0:0.0 0.0:0.0 0.0:0.0 0.0:0.0 0.0:0.0 0.0:0.0 0.0:0.0 0.0:0.0 0.0:0.0 0.0:0.0 -28.36052691321791:7.523811233779443e-16 32.83232302624991:-2.1533383333417784e-15 0.0:0.0 0.0:0.0 0.0:0.0 0.0:0.0 0.0:0.0 0.0:0.0 0.0:0.0 0.0:0.0 0.0:0.0 0.0:0.0 0.0:0.0 0.0:0.0 0.0:0.0 0.0:0.0 0.0:0.0 0.0:0.0 0.0:0.0 0.0:0.0 0.0:0.0 0.0:0.0 0.0:0.0 0.0:0.0 0.0:0.0 0.0:0.0 0.0:0.0 0.0:0.0 0.0:0.0 0.0:0.0 0.0:0.0 0.0:0.0 0.0:0.0 0.0:0.0 0.0:0.0 0.0:0.0 0.0:0.0 0.0:0.0 0.0:0.0
record 0 12437.351207401107 -0.0 nan nan
record 20 9488.293925444757 5594.620218041109 nan nan
record 40 9319.159094410063 7454.4195404013835 nan nan
record 60 9286.353039903734 8105.6303729965075 nan nan
canvas 0 0 147.53119657306084 147.57064951276132 124.19465324097045 118.87022276353726 118.88266633431572 102.48617480859835 61.21588655428323 60.52391223178772 60.55348818494684 62.27281961995307 74.89479296629239 84.29248630377421 90.89686608035655 100.37671104718703 117.64746981682403 133.7846374051516 136.7335277996758 162.8483112602973 195.16355286718604 198.40000159597443 198.38266408757246 198.3640855941255 195.10152806455318 176.12942586874402 135.43327252101514 130.14604351705944 120.99628863084571 107.54615410303542 91.58542894988325 79.29866737321619 76.85888903604703 76.77439661041291
canvas 0 1 147.50754021382744 141.009312708893 122.67697976215871 118.84317720722137 115.93618234945822 93.93208156698472 61.6515806491643 60.49045593597339 60.631134663934304 65.6144671903341 76.33532049201392 85.77693316851703 95.8866564216835 112.22037773816777 129.35370676547973 137.18990000062425 137.14945727481268 162.6470318172126 193.39375239830082 198.37517514269499 198.37107692086695 198.3740385592821 195.35868084616916 180.37006364543532 135.83535531773384 130.28758528280355 120.27613742008037 106.45959721102058 92.04728941690657 80.00585212704203 76.89588644354006 76.76320225034478
canvas 0 2 139.48305982737506 137.09110621395777 121.95782290104141 118.09868903388751 113.23676004903002 92.59791194997801 64.28157975687971 60.50792428178287 64.1982246281628 69.46794559300724 76.54988102975132 84.92867855148266 96.28821828874202 112.68637555947613 128.88477667462908 137.24586801737152 138.23182109435226 159.11133062729508 187.77461209475882 198.34431510594058 198.35560664024754 198.29387979661902 195.19592799984778 189.97526890116063 136.11763895794263 129.63011484062378 117.84912233981147 104.60549732754512 93.63334435543118 81.83538897335431 77.06390790344616 76.74413824706163
canvas 0 3 137.6300068400213 131.56669193002278 121.25436835471926 117.01719497365914 111.35375816220972 94.66235636512441 76.14809545927488 71.81543377962521 70.76700117440768 72.94003478225439 76.62940264662622 82.26354538804557 91.20715658582759 105.63706852338022 123.321452247886 136.7207156924528 140.26631275323183 156.7598076348947 175.01313041136885 191.71701313069298 198.33132289495325 196.55542556079948 193.5196685624713 188.8404889074581 135.02381661062032 126.06423019343701 112.49881495071982 103.34146747973041 96.86445761102281 86.21345652663233 78.19866968370657 76.72983737092945
canvas 0 4 125.28999324348244 121.64721810176029 117.45434240388916 112.80581205597946 106.19780612417199 92.2612441344762 81.48026733419574 78.11836340570038 76.5938217150883 76.66388282052753 78.78479486026563 84.93929667862317 95.27268666917065 110.24034416653166 126.45361207037857 137.81996340464073 152.38431466096839 154.50626347863448 160.85288453034082 170.81408197344757 181.7595554687823 189.23141602591403 187.06186729746298 166.67487514671328 129.55908813092026 117.22978955874832 105.77718810564305 103.74633702048823 101.34027946236213 95.93310194172837 89.34214526117502 84.84638054972991
canvas 0 5 109.1678192878859 109.08923709089592 108.98519336528223 108.93069129107508 101.28761528174849 91.61764758414976 84.42364062982315 80.9834041938298 79.07023809224894 81.18776358872523 88.72953369767275 101.58804460783635 123.86770892023758 148.16682873654156 151.04954422373967 152.27210103119643 152.4320116911266 152.4335813997659 152.38872198500275 151.4830511845886 146.69772817074153 142.92201999016777 137.52216762762424 127.8946598504037 116.65257522223918 105.78722226489305 104.38452382096689 104.34332049629106 104.28393044515775 104.19743113198611 104.06461356954813 109.26760999303143
canvas 0 6 109.20811871429805 109.11908096395591 108.97640966775734 107.9924107030641 103.36985809960125 96.00599020711255 90.60825966617757 90.93245884573017 92.85768807988535 97.9071738963009 105.66611740681452 117.33337856243422 139.09333759112258 148.67702247377258 151.0360463218461 152.2390079862484 152.455081470782 152.48852418541733 149.06274776918764 125.42603015208577 116.8711895024124 116.06797769710784 116.49972131277391 116.50388236882563 105.8942435260657 104.5017321985927 104.41527523483454 104.37684034178784 104.32529960280317 104.27133291516158 127.62433848473047 138.29469211763768
canvas 0 7 109.28904923168238 109.21154408813689 110.41698638652153 110.97027466697966 110.98865670356182 111.04147792117257 111.14054052763677 112.96315578668154 111.83264748930603 112.40523766627918 116.25829778301326 123.08533649428605 139.38703029292654 147.2978063805663 149.33224365217743 149.42734939085344 149.61336524737897 145.76336038209124 115.75928482108901 105.53129495637825 106.15803164796583 111.31463018775577 116.4880811074896 113.48929085057974 104.646534094432 104.55950964169782 104.4143387448252 104.44110029878654 104.36611201278289 122.38248333340336 147.26804654346998 147.8386343510789
canvas 0 8 109.37212106092765 110.0043914072437 111.01283155258449 110.97583667547312 110.96689147391629 111.15210095501203 115.29023513441479 122.77637855911347 126.43243613548188 125.2685167450448 125.26404501934188 129.56437145013874 142.21267564281882 146.65313759570296 149.25560161624955 149.3273122485399 143.6736698297667 120.0990712832118 98.37826613238391 94.22199466261318 92.55912466487487 92.14315620050994 92.26071607047061 94.68115551776667 104.75693201831923 104.64792198347068 104.19958031838479 104.507350616882 105.49602942189746 131.84404358976394 147.47793975951348 147.91839691952723
canvas 0 9 111.37030253787782 114.84952159216662 119.27698744918499 123.56734596459826 128.8847989527539 134.87211048461205 146.80965897812283 153.15250923863124 138.77751514225582 125.40199465522007 127.97774853304739 137.49334970260458 140.44720329442697 140.4636861006528 141.95402368810633 138.03068359042976 124.19704675795786 104.46833021669323 92.20716997592757 88.65985637633635 88.58655337632639 87.76043194529277 85.33890278848062 85.65657197554269 88.87637650384728 97.69776400379529 103.3559254636894 104.80797168621055 131.7671502607534 154.2206807055115 154.0229168576215 153.99959212475864
canvas 0 10 121.32960039781513 121.36158809134128 124.50883800127518 133.20222519396287 138.80017000876563 152.73770030134625 180.74699988834632 189.93769343665912 189.30923137923352 185.70168517824067 175.50561105130964 153.0822556787372 140.4250033490055 135.87864970351933 111.99493306720082 99.03526468637602 96.42965569443962 80.94093584812218 71.91129100669154 71.27471404760219 70.95001824392342 71.83282678711471 74.33941793510719 81.04690290793292 109.16918646590733 122.27880057598816 138.09646846813214 153.5411764679736 156.33013722917175 155.2615756310208 154.090392225257 153.9940672271514
canvas 0 11 121.26927955455398 121.29248726987032 128.50146650549158 136.937376790814 146.10568959307105 164.01778124958088 186.6818943079202 193.40765547987033 193.88875411061468 193.89048846452974 193.49561481187686 168.01643939636992 139.28748109985312 110.85892866340168 95.09284103796429 95.0878299037736 78.39773048292953 72.33766251452079 70.6352581393487 67.56052029993376 66.11325997495697 66.07231173802155 66.01323729877186 65.96494600129255 124.75390542169104 146.39054132788175 159.02190670353008 160.9748150569635 160.9881044300243 158.5252363391998 154.25015519203936 154.01854369958414
canvas 0 12 121.18617522490013 121.13713725575883 130.33737907433894 140.43258924535365 151.0810055642874 166.59576221222326 186.3412503234208 193.40776294931734 193.89050079825867 194.28110601875946 194.09194933654953 176.23934219193805 135.73663330644953 104.1103337608592 95.10207592200476 87.42103676509865 76.13692942999525 72.13442086560302 69.58206324442341 67.04939651907672 66.13688751239819 66.08990598751637 66.02799769264972 65.96102810544922 107.76207235409701 136.6405614197857 157.41921453907784 160.9602009958249 162.49571379878853 162.51827446248026 159.24529064031177 158.530197713406
canvas 0 13 121.17084861846611 122.60227647883185 135.17701843865547 147.19608338615515 158.38192037758708 168.50389709898525 184.04242207622553 193.07353117767423 194.85804960444005 194.86632714600833 194.85214564046487 180.4297869160564 136.67555525533942 103.7910367976489 91.26070494664305 83.26835415231325 77.08591079192591 73.17132072594245 70.28009077720596 67.32044850849753 66.18016063056326 66.11909728372142 66.07463503082812 66.05953278242923 119.40305894094323 138.31890558861653 155.0837227082467 160.35406934020438 162.47426225417388 162.6731546706046 159.15154507222758 158.5248191440513
canvas 0 14 122.48904150433185 135.7224934618828 151.12142368530573 160.89846723110168 165.40042963878642 169.47476336854584 180.1422668661693 190.69215845388544 194.84659367294773 194.90602553878023 190.17118350828255 165.29824034278028 134.99880677076192 106.57941691206699 92.54227137090935 85.32342999586189 80.61509665897239 76.87156440052895 73.83937429231838 68.94819779591624 66.22249865902639 66.1231349386639 66.09356967023852 88.68522831670964 126.05310809136917 137.34621487451864 149.90776742029232 154.99410705544608 149.50806788976513 140.8339329523967 140.5533183156905 141.3097637846641
canvas 0 15 159.05767654158308 160.8185009781774 163.18841041016572 165.50985068445456 166.68193729803315 168.441375194771 172.5017674797406 176.0199096135688 153.17580543956095 142.1923595980186 136.38743027635184 135.69469815693884 127.7720606905466 108.9643664917333 97.53059049830212 95.66646943525649 95.641427675567 95.69208869332242 95.76200421351022 98.52542671275853 98.35780200495077 99.04113183995271 106.61103159358977 112.84788995088462 111.06830287651776 111.05860184221298 111.08433295485149 111.06934793264642 116.20202448575373 127.59004109202438 139.28495318565658 141.29946690789268
canvas 0 16 162.4401251772119 162.7609801037648 164.13989485393165 165.92145787119176 166.55227074069438 166.50311630274143 166.5036080363616 144.08829561846315 141.55652748197855 138.6137867599607 135.94007712121635 129.9024143261551 117.01512625829028 107.58837221899913 98.66579704100738 95.76799352420169 95.54660694841859 95.60711267386911 104.7508961743247 118.27175719974919 120.27670384188609 121.72452155968254 123.60624104141122 121.10761349459567 111.1555187297384 111.15715864830881 111.1172510629086 112.86365298952344 113.03882054662196 114.72180797260259 132.48591463502947 141.2825887376098
canvas 0 17 162.14198034064455 162.2425545102203 163.27485654904189 165.44167049866851 166.69426903847582 166.4093081047771 140.72346174492063 132.52990863961114 133.74120767679216 132.81350358047493 128.1641680394602 119.27107622339882 115.42417959575774 109.58275675539086 101.44246611442377 96.50361090499011 95.4583680901959 96.7887339371673 130.1499621143115 138.63881286007867 138.37994030744872 137.1927024609124 134.6410462133698 130.68442024158753 111.22971669918269 111.18977178171392 113.40565430038211 113.3451294630082 112.97251138662635 112.89464433690674 112.98690075356578 112.9797267328751
canvas 0 18 160.6040688640815 160.0909508853929 160.2118750377116 162.5403896298799 162.55170001123795 148.74630520252754 129.7893729347189 120.78244495609482 121.17202713904292 119.55710952257687 117.07227395026617 116.38407578623281 116.38141260714659 113.6795762876571 107.93555153868854 100.78179603528416 96.14539372960832 112.4238054739752 139.90821788694973 139.90689049586106 139.87501878025324 139.7391010010551 137.960639980964 136.97532785408018 111.26193688203554 113.19569495901212 113.78110305747761 113.772496635424 112.97942207981407 112.64533743334785 113.00314130004057 112.99397916819066
canvas 0 19 155.24005890134558 150.19512425098677 146.10807532739867 146.0240508592976 142.3725751697372 130.431504792086 115.82555937757047 108.43867003976752 110.63393698585583 112.1803217777425 114.36098061445388 116.39200719691782 118.24329616727574 118.29913710767401 118.83889003388038 118.33256858796969 119.46682130411867 135.70419015775047 139.99362300832436 139.94825508533637 139.91807043822337 139.90310273440016 138.19952346843627 138.05661259492925 114.6656247742412 114.20741973107275 113.78982978195097 113.81367705216917 111.97174790637754 110.85553944820614 113.02755695011297 113.01019339809801
canvas 0 20 104.41894383098887 103.32776489558138 102.30222460117368 98.1182004460024 95.22897722789996 91.88703577736 87.99551471771734 87.69849308333133 92.9761804685861 98.40200425289125 105.67711617320782 114.46110471931178 118.40478795772918 125.78723810514443 138.09213926328093 146.07063116339714 155.41010724193407 151.06615181540326 141.70659294713244 139.9945779049004 139.95345045659573 139.8661261888978 138.2112582304706 136.7966950712902 120.64057604008674 117.20822862195588 113.77692660640534 105.04791518196724 105.002535256558 106.09273825701692 113.05269953539907 124.34752794838785
canvas 0 21 102.19260232241429 102.17113962553161 93.43403302614935 83.22622724307587 78.29761526700122 75.48672157962541 74.07009512710009 74.4542701111098 77.87690618541376 82.3199322089021 91.0170066437064 109.76691713874031 125.44867630529399 146.4248209984205 158.16404821024744 164.2808103947053 172.03016061344078 167.70901304315905 146.38623042466747 140.10549144238038 140.02906768954702 140.26130132759295 138.33792898999266 135.25731668613219 125.33234214477798 122.44236334327903 116.58167406159517 105.02154776609562 102.15264818608357 102.15170401199943 113.98601528687226 124.34192947169778
canvas 0 22 102.20084232390312 98.87869680969524 82.55964432247377 70.8929756730182 67.87025324306789 67.7413114661213 67.80125124406106 68.12020542006036 69.75053662333686 71.00057141772112 74.97204771177735 97.88923259540024 131.6821674889888 158.45786642593293 166.22393900327097 169.05041825759906 178.54641544903708 178.5234595049833 154.99491858410354 147.79193295410658 146.47740363736165 144.65458658794594 140.35775376972555 135.2826294386763 126.84894977831829 126.24849817317238 123.42459998080103 106.57758321808598 102.1717840993037 102.18826012024071 108.74765652055714 124.33735250765068
canvas 0 23 98.64364093335624 95.41100347206267 73.51576371240014 67.28686850419297 67.29554210686786 67.30704279467722 67.30443566336723 67.29076104144596 68.76894145611942 68.7540240369307 68.73900275882488 87.45177941388381 133.88582227404189 162.16208181112913 167.50954608148334 171.36995449189382 178.5776522652157 178.58529578427914 159.33216101688265 149.82442624686553 149.8156622895399 149.80660683045585 143.45522674664113 135.90236566736934 127.09023219549704 127.04945151997998 127.01480537599153 110.2640264119871 102.19453678735645 102.23826922316735 102.2948596483821 102.3282933851572
constants method=tv centres_tested=8.627622486870601e-13 centres_reference=4.510791180808633e-14 tau=0.7035623639735145 sigma=0.17589059099337861 rho=1.0 root=0.9949874371066201 gamma_max=1.0 lipschitz=78.38367176906178 dual_lipschitz=11528.111033469459 dual_centres=0.0005274300502137627 weight_max=2.5e-06 dual_reach=4075.802743018852 dual_fixed=0.3780000000000001 xi_bound=78.38367176906178 xi_terms_bound=78.38367176906178 cells=1 vector_terms=2 tensor_terms=3 primal_terms=2324 dual_terms=776 dual_rounding=4
start SI0=5075.416273949084 ScenA=8.627622486870601e-13 ScenR=4.510791180808633e-14 Sgx0=544.3195906170212
majorant 0 Ma=95.74069448290177 McenA=7.770857869983916e-19 McenR=5.725048630334757e-20 Md=0.0 Mf=24191.89372497549 Mg=95.74069448290177 Mi=5075.416273949087 Mmean=0.0 Mp=26.79518743691115 Mphi=3544.433729677282 Mput=0.0 Mq=623.4325434498026 Mx=3544.433729677282
majorant 1 Ma=113.40493703354817 McenA=7.770857869983916e-19 McenR=5.725048630334757e-20 Md=46.95193977721746 Mf=24187.773598596956 Mg=90.37291269000362 Mi=5089.932824332279 Mmean=0.0 Mp=27.372294708300107 Mphi=3542.033522881578 Mput=0.0 Mq=622.6062499073554 Mx=3544.4337296772824
majorant 2 Ma=111.54492948272132 McenA=7.770857869983916e-19 McenR=5.725048630334757e-20 Md=48.1415281833588 Mf=24183.36699940198 Mg=88.48256689720132 Mi=5101.391733387554 Mmean=0.0 Mp=27.460491255116363 Mphi=3539.713747707972 Mput=0.0 Mq=622.2101693383675 Mx=3542.0335228815784
majorant 3 Ma=109.69026299608194 McenA=7.770857869983916e-19 McenR=5.725048630334757e-20 Md=48.19796449298616 Mf=24178.848615731607 Mg=86.78512931397977 Mi=5109.672679583177 Mmean=0.0 Mp=27.384169539350193 Mphi=3537.475498264687 Mput=0.0 Mq=621.8291674962243 Mx=3539.7137477079727
majorant 4 Ma=108.24495083192659 McenA=7.770857869983916e-19 McenR=5.725048630334757e-20 Md=47.98050481916228 Mf=24174.35352326105 Mg=85.47271404932407 Mi=5114.4627602793835 Mmean=0.0 Mp=27.341893963934577 Mphi=3535.3097277598413 Mput=0.0 Mq=621.4698132765641 Mx=3537.4762655610766
majorant 5 Ma=107.13141201402888 McenA=7.770857869983916e-19 McenR=5.725048630334757e-20 Md=47.87776218089886 Mf=24169.900238943555 Mg=84.4582241613828 Mi=5116.256810295586 Mmean=0.0 Mp=27.295250770779926 Mphi=3533.234585819771 Mput=0.0 Mq=621.125455890562 Mx=3535.344163394647
majorant 6 Ma=106.06895119743336 McenA=7.770857869983916e-19 McenR=5.725048630334757e-20 Md=47.69623076020058 Mf=24165.47518171085 Mg=83.47053314877253 Mi=5116.39247413754 Mmean=0.0 Mp=27.263406030455513 Mphi=3531.2408365681526 Mput=0.0 Mq=620.7970707148347 Mx=3533.304894085308
majorant 7 Ma=105.18803196747814 McenA=7.770857869983916e-19 McenR=5.725048630334757e-20 Md=47.57468048330538 Mf=24161.06612097146 Mg=82.64917632990125 Mi=5115.69625266389 Mmean=0.0 Mp=27.257560681084712 Mphi=3529.330433151541 Mput=0.0 Mq=620.5098438854088 Mx=3531.3560916049737
majorant 8 Ma=104.59695962487127 McenA=7.770857869983916e-19 McenR=5.725048630334757e-20 Md=47.59819363715456 Mf=24156.685803557397 Mg=82.1065267976582 Mi=5115.89999500485 Mmean=0.0 Mp=27.22948166785607 Mphi=3527.5756435465287 Mput=0.0 Mq=620.2691943754253 Mx=3529.568747535523
majorant 9 Ma=104.22805273990184 McenA=7.770857869983916e-19 McenR=5.725048630334757e-20 Md=47.62282811902318 Mf=24151.84515639806 Mg=81.80420532982397 Mi=5117.079400101736 Mmean=0.0 Mp=27.194445413588866 Mphi=3526.0280604765435 Mput=0.0 Mq=619.9380501621278 Mx=3527.9948309383462
majorant 10 Ma=104.00228469840464 McenA=7.770857869983916e-19 McenR=5.725048630334757e-20 Md=47.58022562892967 Mf=24144.657297865608 Mg=81.63951192056274 Mi=5120.096297226561 Mmean=0.0 Mp=27.16506911757427 Mphi=3524.323229460797 Mput=0.0 Mq=619.7334252788299 Mx=3526.2698116025726
majorant 11 Ma=103.78664066394921 McenA=7.770857869983916e-19 McenR=5.725048630334757e-20 Md=47.49998645409719 Mf=24137.473010260874 Mg=81.48061245588185 Mi=5123.638895180335 Mmean=0.0 Mp=27.131556143758026 Mphi=3522.896712747026 Mput=0.0 Mq=619.5275109365032 Mx=3524.8283633483757
majorant 12 Ma=103.67314495764855 McenA=7.770857869983916e-19 McenR=5.725048630334757e-20 Md=47.439500227951875 Mf=24130.33994793081 Mg=81.42957835731492 Mi=5128.088715984968 Mmean=0.0 Mp=27.10080588621164 Mphi=3521.6039412845603 Mput=0.0 Mq=619.5358229698065 Mx=3523.523559156494
majorant 13 Ma=103.61248088089454 McenA=7.770857869983916e-19 McenR=5.725048630334757e-20 Md=47.377765929781184 Mf=24127.66117104152 Mg=81.43063659584165 Mi=5133.600264450501 Mmean=0.0 Mp=27.07122971605197 Mphi=3520.986269136068 Mput=0.0 Mq=619.5755398389745 Mx=3522.8960880232753
majorant 14 Ma=103.56552689351963 McenA=7.770857869983916e-19 McenR=5.725048630334757e-20 Md=47.34403408051073 Mf=24127.670378947274 Mg=81.44576620008723 Mi=5139.597135018896 Mmean=0.0 Mp=27.03203445613574 Mphi=3520.7943638760507 Mput=0.0 Mq=619.5572703119439 Mx=3522.6961387616966
majorant 15 Ma=103.50546599405556 McenA=7.770857869983916e-19 McenR=5.725048630334757e-20 Md=47.29490314816887 Mf=24127.77652182735 Mg=81.44256397262782 Mi=5145.689943862618 Mmean=0.0 Mp=26.992526491917253 Mphi=3520.6499583145387 Mput=0.0 Mq=619.5417274123365 Mx=3522.5447908764777
majorant 16 Ma=103.45164501654335 McenA=7.770857869983916e-19 McenR=5.725048630334757e-20 Md=47.26066359150209 Mf=24127.993534661036 Mg=81.44005498466285 Mi=5151.757539484972 Mmean=0.0 Mp=26.960969354860413 Mphi=3520.536709430697 Mput=0.0 Mq=619.5782418800875 Mx=3522.4253983839103
majorant 17 Ma=103.4291120118683 McenA=7.770857869983916e-19 McenR=5.725048630334757e-20 Md=47.23078799826286 Mf=24129.272594350594 Mg=81.46633539346585 Mi=5157.907361418024 Mmean=0.0 Mp=26.940417012983996 Mphi=3520.586718534519 Mput=0.0 Mq=619.6542100907792 Mx=3522.4699059900813
majorant 18 Ma=103.41430176283484 McenA=7.770857869983916e-19 McenR=5.725048630334757e-20 Md=47.2372476894007 Mf=24131.745972126704 Mg=81.49654114420375 Mi=5164.16826208563 Mmean=0.0 Mp=26.924518549743468 Mphi=3520.830241166085 Mput=0.0 Mq=619.7081778239263 Mx=3522.7085318730287
majorant 19 Ma=103.40524253607022 McenA=7.770857869983916e-19 McenR=5.725048630334757e-20 Md=47.250009039734984 Mf=24134.328003418075 Mg=81.52840140072266 Mi=5170.153602395618 Mmean=0.0 Mp=26.90404072851904 Mphi=3521.107693886023 Mput=0.0 Mq=619.7606778626621 Mx=3522.981501124387
majorant 20 Ma=103.39988046490903 McenA=7.770857869983916e-19 McenR=5.725048630334757e-20 Md=47.23438449953856 Mf=24137.0019277524 Mg=81.56497030803317 Mi=5176.127771892461 Mmean=0.0 Mp=26.88303556791232 Mphi=3521.3977637428516 Mput=0.0 Mq=619.8181447851565 Mx=3523.267475694263
majorant 21 Ma=103.41847888498873 McenA=7.770857869983916e-19 McenR=5.725048630334757e-20 Md=47.20910665108946 Mf=24139.784695102127 Mg=81.62563874329796 Mi=5182.192457275488 Mmean=0.0 Mp=26.86261807185374 Mphi=3521.708078816067 Mput=0.0 Mq=619.9058161381988 Mx=3523.5739936406007
majorant 22 Ma=103.45212970807349 McenA=7.770857869983916e-19 McenR=5.725048630334757e-20 Md=47.18369348980086 Mf=24143.16296654734 Mg=81.70079677947516 Mi=5187.848675656305 Mmean=0.0 Mp=26.836175229711937 Mphi=3522.1141982106546 Mput=0.0 Mq=619.8703502967943 Mx=3523.9767321717363
majorant 23 Ma=103.47925952404609 McenA=7.770857869983916e-19 McenR=5.725048630334757e-20 Md=47.146643169804086 Mf=24144.344253766263 Mg=81.76763697791822 Mi=5193.588305743994 Mmean=0.0 Mp=26.811124109001852 Mphi=3522.21774092557 Mput=0.0 Mq=619.8712644759884 Mx=3524.0774914665462
majorant 24 Ma=103.50390709399187 McenA=7.770857869983916e-19 McenR=5.725048630334757e-20 Md=47.10889186946699 Mf=24145.07904299875 Mg=81.8273867612937 Mi=5199.38339198499 Mmean=0.0 Mp=26.791184666563577 Mphi=3522.2733366156626 Mput=0.0 Mq=619.8912682505816 Mx=3524.130636174534
majorant 25 Ma=103.53498937994668 McenA=7.770857869983916e-19 McenR=5.725048630334757e-20 Md=47.08013652638444 Mf=24145.812946697202 Mg=81.8932059974129 Mi=5205.128135340598 Mmean=0.0 Mp=26.778241245266827 Mphi=3522.35908530031 Mput=0.0 Mq=619.9072433324659 Mx=3524.214219487009
majorant 26 Ma=103.5676984485584 McenA=7.770857869983916e-19 McenR=5.725048630334757e-20 Md=47.06567727713347 Mf=24146.541674439202 Mg=81.95486690983132 Mi=5210.626903469127 Mmean=0.0 Mp=26.76851367415668 Mphi=3522.448412912462 Mput=0.0 Mq=619.9224934201898 Mx=3524.3015238158127
majorant 27 Ma=103.59558486778087 McenA=7.770857869983916e-19 McenR=5.725048630334757e-20 Md=47.04758525341903 Mf=24147.2824276485 Mg=82.00610008438561 Mi=5215.721543135476 Mmean=0.0 Mp=26.76489116582559 Mphi=3522.53736199802 Mput=0.0 Mq=619.9378099720952 Mx=3524.3886892183946
majorant 28 Ma=103.63424642373978 McenA=7.770857869983916e-19 McenR=5.725048630334757e-20 Md=47.03680545497078 Mf=24148.05159654254 Mg=82.06875592531128 Mi=5220.6671195392 Mmean=0.0 Mp=26.766781721630288 Mphi=3522.626140727999 Mput=0.0 Mq=619.9654745200681 Mx=3524.475947000206
majorant 29 Ma=103.67463075351388 McenA=7.770857869983916e-19 McenR=5.725048630334757e-20 Md=47.03779485438417 Mf=24149.03754002432 Mg=82.1307848135965 Mi=5225.495230099904 Mmean=0.0 Mp=26.77330169981759 Mphi=3522.7499099313895 Mput=0.0 Mq=620.0224411568195 Mx=3524.5983048192
majorant 30 Ma=103.7337951137601 McenA=7.770857869983916e-19 McenR=5.725048630334757e-20 Md=47.05303046897899 Mf=24150.721844966643 Mg=82.21318685211234 Mi=5230.201649760111 Mmean=0.0 Mp=26.78235805245484 Mphi=3522.9744534028414 Mput=0.0 Mq=620.0635429111688 Mx=3524.821497073535
majorant 31 Ma=103.78625358213431 McenA=7.770857869983916e-19 McenR=5.725048630334757e-20 Md=47.07495980959387 Mf=24152.39213534617 Mg=82.28646214435582 Mi=5234.812243659921 Mmean=0.0 Mp=26.793147157136218 Mphi=3523.2041930198257 Mput=0.0 Mq=620.1041383918932 Mx=3525.050020154357
majorant 32 Ma=103.83535982770098 McenA=7.770857869983916e-19 McenR=5.725048630334757e-20 Md=47.09858546686299 Mf=24154.051896481637 Mg=82.35445085945729 Mi=5239.285007529753 Mmean=0.0 Mp=26.80186066021977 Mphi=3523.4350456186153 Mput=0.0 Mq=620.1440844562471 Mx=3525.279721587243
majorant 33 Ma=103.89199763850074 McenA=7.770857869983916e-19 McenR=5.725048630334757e-20 Md=47.116977168593415 Mf=24155.70627758251 Mg=82.43150255492358 Mi=5243.778768203877 Mmean=0.0 Mp=26.810148793942545 Mphi=3523.6645850690597 Mput=0.0 Mq=620.1896210971225 Mx=3525.5081641420843
majorant 34 Ma=103.94543366060586 McenA=7.770857869983916e-19 McenR=5.725048630334757e-20 Md=47.135364588427215 Mf=24157.35751006373 Mg=82.50418559031708 Mi=5248.179304662947 Mmean=0.0 Mp=26.819363294574035 Mphi=3523.909332015315 Mput=0.0 Mq=620.232639237249 Mx=3525.751882905253
majorant 35 Ma=103.99943935253292 McenA=7.770857869983916e-19 McenR=5.725048630334757e-20 Md=47.15343106256507 Mf=24158.99878752184 Mg=82.57578698669306 Mi=5252.355931732936 Mmean=0.0 Mp=26.82832126967168 Mphi=3524.1544848467793 Mput=0.0 Mq=620.2490814305497 Mx=3525.9960673880105
majorant 36 Ma=104.05456891127147 McenA=7.770857869983916e-19 McenR=5.725048630334757e-20 Md=47.169826352384085 Mf=24160.10563677567 Mg=82.64841749524737 Mi=5256.4514749973205 Mmean=0.0 Mp=26.835676623897324 Mphi=3524.3241936249437 Mput=0.0 Mq=620.2600872720527 Mx=3526.1649579351497
majorant 37 Ma=104.10795526770971 McenA=7.770857869983916e-19 McenR=5.725048630334757e-20 Md=47.181130595456956 Mf=24160.8282426317 Mg=82.71929392737852 Mi=5260.426197332094 Mmean=0.0 Mp=26.840265039524976 Mphi=3524.4406673720937 Mput=0.0 Mq=620.280559215173 Mx=3526.280718946351
majorant 38 Ma=104.15950212465347 McenA=7.770857869983916e-19 McenR=5.725048630334757e-20 Md=47.1851034612856 Mf=24161.552032350675 Mg=82.78834665082415 Mi=5264.261789728236 Mmean=0.0 Mp=26.84147044277269 Mphi=3524.557429654721 Mput=0.0 Mq=620.3008699229424 Mx=3526.396816958781
majorant 39 Ma=104.20787710407703 McenA=7.770857869983916e-19 McenR=5.725048630334757e-20 Md=47.18218099643794 Mf=24162.274485079462 Mg=82.85394870524372 Mi=5267.94946481671 Mmean=0.0 Mp=26.840058812533677 Mphi=3524.673849169666 Mput=0.0 Mq=620.3210249683252 Mx=3526.5126238474522
majorant 40 Ma=104.25668824207708 McenA=7.770857869983916e-19 McenR=5.725048630334757e-20 Md=47.17471489772994 Mf=24162.995516100753 Mg=82.92010571751264 Mi=5271.573552648109 Mmean=0.0 Mp=26.836717755597977 Mphi=3524.7896277473874 Mput=0.0 Mq=620.3414447542682 Mx=3526.6278454308563
majorant 41 Ma=104.30713372955222 McenA=7.770857869983916e-19 McenR=5.725048630334757e-20 Md=47.159275320935734 Mf=24163.715515486365 Mg=82.98834298765006 Mi=5275.131088133363 Mmean=0.0 Mp=26.83221491930359 Mphi=3524.905807997652 Mput=0.0 Mq=620.362415876822 Mx=3526.7435365502615
majorant 42 Ma=104.35621082615648 McenA=7.770857869983916e-19 McenR=5.725048630334757e-20 Md=47.13972077378726 Mf=24164.43480330827 Mg=83.05507944188417 Mi=5278.606654063055 Mmean=0.0 Mp=26.827063575266052 Mphi=3525.0237182211654 Mput=0.0 Mq=620.3829836309081 Mx=3526.861020038081
majorant 43 Ma=104.40379670467266 McenA=7.770857869983916e-19 McenR=5.725048630334757e-20 Md=47.12106537826824 Mf=24165.152418537244 Mg=83.11997141294454 Mi=5281.9468727489175 Mmean=0.0 Mp=26.82258810659445 Mphi=3525.1413354695915 Mput=0.0 Mq=620.4033715216643 Mx=3526.9782450681155
majorant 44 Ma=104.45101116215517 McenA=7.770857869983916e-19 McenR=5.725048630334757e-20 Md=47.10334220972841 Mf=24165.867222890196 Mg=83.18406834455988 Mi=5285.170390586724 Mmean=0.0 Mp=26.818880271669162 Mphi=3525.2582876298547 Mput=0.0 Mq=620.4236605648141 Mx=3527.094825971565
majorant 45 Ma=104.4979411318326 McenA=7.770857869983916e-19 McenR=5.725048630334757e-20 Md=47.08799958063362 Mf=24166.579578129018 Mg=83.24750056148672 Mi=5288.298256743644 Mmean=0.0 Mp=26.812961177605843 Mphi=3525.374623730395 Mput=0.0 Mq=620.4438577775452 Mx=3527.2108010583484
majorant 46 Ma=104.54245646829872 McenA=7.770857869983916e-19 McenR=5.725048630334757e-20 Md=47.07580025014369 Mf=24167.290961037623 Mg=83.30849615927939 Mi=5291.286131663856 Mmean=0.0 Mp=26.805552776928987 Mphi=3525.4903826301506 Mput=0.0 Mq=620.4638827185375 Mx=3527.3262102828044
majorant 47 Ma=104.58470326921997 McenA=7.770857869983916e-19 McenR=5.725048630334757e-20 Md=47.0642795836831 Mf=24168.00121121615 Mg=83.36700111766154 Mi=5294.185895812645 Mmean=0.0 Mp=26.79745278160897 Mphi=3525.605356551563 Mput=0.0 Mq=620.4837289350019 Mx=3527.440847765662
majorant 48 Ma=104.62483482408514 McenA=7.770857869983916e-19 McenR=5.725048630334757e-20 Md=47.05203611135296 Mf=24168.710133393233 Mg=83.42296935949929 Mi=5296.967106471609 Mmean=0.0 Mp=26.788400836183786 Mphi=3525.719428867541 Mput=0.0 Mq=620.5033818032304 Mx=3527.554590987909
majorant 49 Ma=104.66224928330337 McenA=7.770857869983916e-19 McenR=5.725048630334757e-20 Md=47.037917724758486 Mf=24169.417171023248 Mg=83.47564304005783 Mi=5299.595257003858 Mmean=0.0 Mp=26.780253085820785 Mphi=3525.832495465129 Mput=0.0 Mq=620.5228645559991 Mx=3527.667337016753
majorant 50 Ma=104.69842414077615 McenA=7.770857869983916e-19 McenR=5.725048630334757e-20 Md=47.025461426622506 Mf=24170.121402374698 Mg=83.526312808055 Mi=5302.088871198504 Mmean=0.0 Mp=26.77352505562803 Mphi=3525.9445726162867 Mput=0.0 Mq=620.5422574621532 Mx=3527.7791025126194
majorant 51 Ma=104.73381993123803 McenA=7.770857869983916e-19 McenR=5.725048630334757e-20 Md=47.0144271806591 Mf=24170.82271626984 Mg=83.57545376675023 Mi=5304.45531065854 Mmean=0.0 Mp=26.768326280484146 Mphi=3526.0558940789597 Mput=0.0 Mq=620.5615132538677 Mx=3527.8901211877233
majorant 52 Ma=104.76887948225016 McenA=7.770857869983916e-19 McenR=5.725048630334757e-20 Md=47.00582685085334 Mf=24171.521973689752 Mg=83.62357136932621 Mi=5306.777649781585 Mmean=0.0 Mp=26.764295609868256 Mphi=3526.1664462170074 Mput=0.0 Mq=620.5806754871563 Mx=3528.0003752174403
majorant 53 Ma=104.80362277165513 McenA=7.770857869983916e-19 McenR=5.725048630334757e-20 Md=46.99885597526022 Mf=24172.21894821519 Mg=83.6708001248901 Mi=5309.014566476416 Mmean=0.0 Mp=26.760470503941765 Mphi=3526.276344757576 Mput=0.0 Mq=620.599756061498 Mx=3528.1099804276073
majorant 54 Ma=104.8377245308853 McenA=7.770857869983916e-19 McenR=5.725048630334757e-20 Md=46.99184251126162 Mf=24172.913344357203 Mg=83.71703769558758 Mi=5311.189266379308 Mmean=0.0 Mp=26.756813547707605 Mphi=3526.3856779296193 Mput=0.0 Mq=620.6187567670845 Mx=3528.219028842714
majorant 55 Ma=104.87127059634373 McenA=7.770857869983916e-19 McenR=5.725048630334757e-20 Md=46.985801624932 Mf=24173.605546236882 Mg=83.76241444847979 Mi=5313.330364683219 Mmean=0.0 Mp=26.753566021981534 Mphi=3526.494497198181 Mput=0.0 Mq=620.6376731246393 Mx=3528.327571593997
majorant 56 Ma=104.90442931123789 McenA=7.770857869983916e-19 McenR=5.725048630334757e-20 Md=46.980144619279244 Mf=24174.29529471655 Mg=83.80707946761562 Mi=5315.502889197211 Mmean=0.0 Mp=26.750812294518145 Mphi=3526.602814050088 Mput=0.0 Mq=620.656521324054 Mx=3528.435621285873
majorant 57 Ma=104.9373327418995 McenA=7.770857869983916e-19 McenR=5.725048630334757e-20 Md=46.97567543571579 Mf=24174.982984888444 Mg=83.85117653243252 Mi=5317.663064041187 Mmean=0.0 Mp=26.748575029828825 Mphi=3526.7106822993496 Mput=0.0 Mq=620.6753085479505 Mx=3528.5432301381347
majorant 58 Ma=104.97009644345842 McenA=7.770857869983916e-19 McenR=5.725048630334757e-20 Md=46.97434383042041 Mf=24175.66882873612 Mg=83.89485236761747 Mi=5319.7971137314335 Mmean=0.0 Mp=26.746710956760907 Mphi=3526.818149935508 Mput=0.0 Mq=620.6940352566711 Mx=3528.6504448835913
majorant 59 Ma=105.00278578951279 McenA=7.770857869983916e-19 McenR=5.725048630334757e-20 Md=46.97265089912827 Mf=24176.35270870343 Mg=83.93824351326472 Mi=5321.934803452901 Mmean=0.0 Mp=26.744980583948518 Mphi=3526.9252428595805 Mput=0.0 Mq=620.7127048761317 Mx=3528.7572901865956
recordbound 0 Dabs=0.0 Lcen=0.0 Lzeta=0.0 P=12437.351207401107 Zdot=0.0
recordbound 20 Dabs=25135.06764276453 Lcen=0.00015498945554816792 Lzeta=0.00015498945554816792 P=9488.293925444757 Zdot=1061148.9344547326
recordbound 40 Dabs=22599.2557967522 Lcen=0.00017458885397067856 Lzeta=0.00017458885397067856 P=9319.159094410063 Zdot=1059204.9032900939
recordbound 60 Dabs=21648.04063750975 Lcen=0.00017830020225918138 Lzeta=0.00017830020225918138 P=9286.353039903734 Zdot=1053851.8921937332
stop 60 iterations
tolerance canvas 1.8885049712274514e-07
tolerance record 0 7.814526529964618e-09 3.8482337087441876e-08 7.1942551109133e-08
tolerance record 20 4.9335341954524595e-06 3.696053015431156e-08 0.00036743073024048676
tolerance record 40 9.86321933418458e-06 3.687325122620214e-08 0.0007348765050863612
tolerance record 60 1.4807653758321015e-05 3.685632226334277e-08 0.0011034165315761551
