# A conformance case of JPEG-Unround, written by conformance/generate.py: the quantized
# coefficients of a picture and the options of its reconstruction; what the Python
# implementation made of them; the exact centres; and what bounds the rounding of that
# run, from which conformance/bounds.py computes the tolerances at the end (docs/math.md, 9).
# Each line is a keyword and its values. Numbers are decimal, each double the shortest
# decimal that reads back as it; an exact centre is hi:lo, two doubles whose sum is the
# value to about 2^-106 of it.
name grey-tv-model
picture 21 30 grayscale
component 0 1 1 3 4
table 0 32 22 20 32 48 80 102 122 24 24 28 38 52 116 120 110 28 26 32 48 80 114 138 112 28 34 44 58 102 174 160 124 36 44 74 112 136 218 206 154 48 70 110 128 162 208 226 184 98 128 156 174 206 242 240 202 144 184 190 196 224 200 206 198
levels 0 0 -5 -3 -1 0 0 0 0 0 6 3 -2 0 0 0 0 0 0 0 0 0 0 0 0 0 -1 0 0 0 0 0 0 0 1 0 0 0 0 0 0 0 0 0 0 0 0 0 0 0 0 0 0 0 0 0 0 0 0 0 0 0 0 0 0 0 5 -6 -2 0 0 0 0 0 -5 3 0 0 0 0 0 0 -1 -1 0 0 0 0 0 0 0 0 0 0 0 0 0 0 -1 1 0 0 0 0 0 0 0 0 0 0 0 0 0 0 0 0 0 0 0 0 0 0 0 0 0 0 0 0 0 0 2 6 -1 0 0 0 0 0 3 -6 -3 -1 0 0 0 0 -1 0 1 0 0 0 0 0 0 0 0 0 0 0 0 0 0 -1 0 0 0 0 0 0 0 0 0 0 0 0 0 0 0 0 0 0 0 0 0 0 0 0 0 0 0 0 0 0 -13 -3 4 0 0 0 0 0 1 2 -2 1 0 0 0 0 3 -1 1 0 0 0 0 0 0 0 0 0 0 0 0 0 0 0 0 0 0 0 0 0 0 0 0 0 0 0 0 0 0 0 0 0 0 0 0 0 0 0 0 0 0 0 0 0
levels 0 1 -1 0 2 0 0 0 0 0 -8 -4 1 0 0 0 0 0 0 2 -2 0 0 0 0 0 -2 -1 0 0 0 0 0 0 1 1 0 0 0 0 0 0 0 0 0 0 0 0 0 0 0 0 0 0 0 0 0 0 0 0 0 0 0 0 0 0 -3 3 0 -1 0 0 0 0 9 -5 -1 0 0 0 0 0 0 -4 0 1 0 0 0 0 1 -1 0 0 0 0 0 0 -1 -1 0 0 0 0 0 0 0 1 0 0 0 0 0 0 0 0 0 0 0 0 0 0 0 0 0 0 0 0 0 0 -3 -2 1 0 0 0 0 0 0 7 1 1 0 0 0 0 2 0 0 0 0 0 0 0 -1 1 1 0 0 0 0 0 1 0 0 0 0 0 0 0 -1 0 0 0 0 0 0 0 0 0 0 0 0 0 0 0 0 0 0 0 0 0 0 0 3 2 -2 1 0 0 0 0 -9 -3 2 0 0 0 0 0 -4 -3 2 0 0 0 0 0 0 0 0 0 0 0 0 0 -1 0 0 0 0 0 0 0 1 0 0 0 0 0 0 0 0 0 0 0 0 0 0 0 0 0 0 0 0 0 0 0
levels 0 2 3 6 -3 1 0 0 0 0 9 5 -2 1 0 0 0 0 -1 -1 0 0 0 0 0 0 -1 0 0 0 0 0 0 0 0 0 0 0 0 0 0 0 1 0 0 0 0 0 0 0 0 0 0 0 0 0 0 0 0 0 0 0 0 0 0 0 -8 -2 1 1 0 0 0 0 -10 5 0 -1 0 0 0 0 1 0 0 0 0 0 0 0 1 -1 0 0 0 0 0 0 0 0 0 0 0 0 0 0 0 0 0 0 0 0 0 0 0 0 0 0 0 0 0 0 0 0 0 0 0 0 0 0 0 -5 0 0 0 0 0 0 3 -9 -3 -1 0 0 0 0 0 1 0 0 0 0 0 0 -1 1 1 0 0 0 0 0 0 0 0 0 0 0 0 0 0 0 0 0 0 0 0 0 0 0 0 0 0 0 0 0 0 0 0 0 0 0 0 0 3 -1 1 0 0 0 0 0 5 3 -2 0 0 0 0 0 -1 0 0 0 0 0 0 0 1 0 0 0 0 0 0 0 0 0 0 0 0 0 0 0 0 0 0 0 0 0 0 0 0 0 0 0 0 0 0 0 0 0 0 0 0 0 0 0
options --method tv --alpha 1.0 --alpha1 1.0 --alpha0 2.0 --channels coupled --mu 0.02 --mu-scale 1.0 --mu-power 1.0 --weight-power 1.0 --dc-weight 0.5 --centres midpoint --slack 0.5 --slack-cost 3.0 --relative-tolerance 0.0 --partial-tolerance 0.0 --step-product 0.99 --record-every 20 --free-radius 255.0 --iterations 60 --tolerance 0.0 --subgradient-iterations 50 --subgradient-record-every 1 --subgradient-step 0.5 --subgradient-decay 0.5
steps 1.9267848867997692 0.06422616289332565
weights 0 0.0003125 0.0009090909090909091 0.001 0.000625 0.0004166666666666667 0.00025 0.000196078431372549 0.0001639344262295082 0.0008333333333333334 0.0008333333333333334 0.0007142857142857143 0.0005263157894736842 0.0003846153846153846 0.0001724137931034483 0.00016666666666666666 0.00018181818181818183 0.0007142857142857143 0.0007692307692307692 0.000625 0.0004166666666666667 0.00025 0.00017543859649122808 0.00014492753623188405 0.00017857142857142857 0.0007142857142857143 0.0005882352941176471 0.00045454545454545455 0.0003448275862068966 0.000196078431372549 0.00011494252873563218 0.000125 0.00016129032258064516 0.0005555555555555556 0.00045454545454545455 0.0002702702702702703 0.00017857142857142857 0.00014705882352941178 9.174311926605505e-05 9.70873786407767e-05 0.00012987012987012987 0.0004166666666666667 0.00028571428571428574 0.00018181818181818183 0.00015625 0.0001234567901234568 9.615384615384615e-05 8.849557522123894e-05 0.00010869565217391305 0.00020408163265306123 0.00015625 0.0001282051282051282 0.00011494252873563218 9.70873786407767e-05 8.264462809917356e-05 8.333333333333333e-05 9.900990099009902e-05 0.0001388888888888889 0.00010869565217391305 0.00010526315789473685 0.00010204081632653062 8.928571428571429e-05 0.0001 9.70873786407767e-05 0.00010101010101010101
lower 0 0 832.0 -88.0 -40.0 -32.0 -48.0 -80.0 -102.0 -122.0 120.0 48.0 -84.0 -38.0 -52.0 -116.0 -120.0 -110.0 -28.0 -26.0 -32.0 -48.0 -80.0 -114.0 -138.0 -112.0 -56.0 -34.0 -44.0 -58.0 -102.0 -174.0 -160.0 -124.0 0.0 -44.0 -74.0 -112.0 -136.0 -218.0 -206.0 -154.0 -48.0 -70.0 -110.0 -128.0 -162.0 -208.0 -226.0 -184.0 -98.0 -128.0 -156.0 -174.0 -206.0 -242.0 -240.0 -202.0 -144.0 -184.0 -190.0 -196.0 -224.0 -200.0 -206.0 -198.0 1152.0 -154.0 -60.0 -32.0 -48.0 -80.0 -102.0 -122.0 -144.0 48.0 -28.0 -38.0 -52.0 -116.0 -120.0 -110.0 -56.0 -52.0 -32.0 -48.0 -80.0 -114.0 -138.0 -112.0 -28.0 -34.0 -44.0 -58.0 -102.0 -174.0 -160.0 -124.0 -72.0 0.0 -74.0 -112.0 -136.0 -218.0 -206.0 -154.0 -48.0 -70.0 -110.0 -128.0 -162.0 -208.0 -226.0 -184.0 -98.0 -128.0 -156.0 -174.0 -206.0 -242.0 -240.0 -202.0 -144.0 -184.0 -190.0 -196.0 -224.0 -200.0 -206.0 -198.0 1056.0 110.0 -40.0 -32.0 -48.0 -80.0 -102.0 -122.0 48.0 -168.0 -112.0 -76.0 -52.0 -116.0 -120.0 -110.0 -56.0 -26.0 0.0 -48.0 -80.0 -114.0 -138.0 -112.0 -28.0 -34.0 -44.0 -58.0 -102.0 -174.0 -160.0 -124.0 -36.0 -88.0 -74.0 -112.0 -136.0 -218.0 -206.0 -154.0 -48.0 -70.0 -110.0 -128.0 -162.0 -208.0 -226.0 -184.0 -98.0 -128.0 -156.0 -174.0 -206.0 -242.0 -240.0 -202.0 -144.0 -184.0 -190.0 -196.0 -224.0 -200.0 -206.0 -198.0 576.0 -88.0 60.0 -32.0 -48.0 -80.0 -102.0 -122.0 0.0 24.0 -84.0 0.0 -52.0 -116.0 -120.0 -110.0 56.0 -52.0 0.0 -48.0 -80.0 -114.0 -138.0 -112.0 -28.0 -34.0 -44.0 -58.0 -102.0 -174.0 -160.0 -124.0 -36.0 -44.0 -74.0 -112.0 -136.0 -218.0 -206.0 -154.0 -48.0 -70.0 -110.0 -128.0 -162.0 -208.0 -226.0 -184.0 -98.0 -128.0 -156.0 -174.0 -206.0 -242.0 -240.0 -202.0 -144.0 -184.0 -190.0 -196.0 -224.0 -200.0 -206.0 -198.0
lower 0 1 960.0 -22.0 20.0 -32.0 -48.0 -80.0 -102.0 -122.0 -216.0 -120.0 0.0 -38.0 -52.0 -116.0 -120.0 -110.0 -28.0 26.0 -96.0 -48.0 -80.0 -114.0 -138.0 -112.0 -84.0 -68.0 -44.0 -58.0 -102.0 -174.0 -160.0 -124.0 0.0 0.0 -74.0 -112.0 -136.0 -218.0 -206.0 -154.0 -48.0 -70.0 -110.0 -128.0 -162.0 -208.0 -226.0 -184.0 -98.0 -128.0 -156.0 -174.0 -206.0 -242.0 -240.0 -202.0 -144.0 -184.0 -190.0 -196.0 -224.0 -200.0 -206.0 -198.0 896.0 44.0 -20.0 -64.0 -48.0 -80.0 -102.0 -122.0 192.0 -144.0 -56.0 -38.0 -52.0 -116.0 -120.0 -110.0 -28.0 -130.0 -32.0 0.0 -80.0 -114.0 -138.0 -112.0 0.0 -68.0 -44.0 -58.0 -102.0 -174.0 -160.0 -124.0 -72.0 -88.0 -74.0 -112.0 -136.0 -218.0 -206.0 -154.0 -48.0 0.0 -110.0 -128.0 -162.0 -208.0 -226.0 -184.0 -98.0 -128.0 -156.0 -174.0 -206.0 -242.0 -240.0 -202.0 -144.0 -184.0 -190.0 -196.0 -224.0 -200.0 -206.0 -198.0 896.0 -66.0 0.0 -32.0 -48.0 -80.0 -102.0 -122.0 -24.0 144.0 0.0 0.0 -52.0 -116.0 -120.0 -110.0 28.0 -26.0 -32.0 -48.0 -80.0 -114.0 -138.0 -112.0 -56.0 0.0 0.0 -58.0 -102.0 -174.0 -160.0 -124.0 0.0 -44.0 -74.0 -112.0 -136.0 -218.0 -206.0 -154.0 -96.0 -70.0 -110.0 -128.0 -162.0 -208.0 -226.0 -184.0 -98.0 -128.0 -156.0 -174.0 -206.0 -242.0 -240.0 -202.0 -144.0 -184.0 -190.0 -196.0 -224.0 -200.0 -206.0 -198.0 1088.0 22.0 -60.0 0.0 -48.0 -80.0 -102.0 -122.0 -240.0 -96.0 28.0 -38.0 -52.0 -116.0 -120.0 -110.0 -140.0 -104.0 32.0 -48.0 -80.0 -114.0 -138.0 -112.0 -28.0 -34.0 -44.0 -58.0 -102.0 -174.0 -160.0 -124.0 -72.0 -44.0 -74.0 -112.0 -136.0 -218.0 -206.0 -154.0 0.0 -70.0 -110.0 -128.0 -162.0 -208.0 -226.0 -184.0 -98.0 -128.0 -156.0 -174.0 -206.0 -242.0 -240.0 -202.0 -144.0 -184.0 -190.0 -196.0 -224.0 -200.0 -206.0 -198.0
lower 0 2 1088.0 110.0 -80.0 0.0 -48.0 -80.0 -102.0 -122.0 192.0 96.0 -84.0 0.0 -52.0 -116.0 -120.0 -110.0 -56.0 -52.0 -32.0 -48.0 -80.0 -114.0 -138.0 -112.0 -56.0 -34.0 -44.0 -58.0 -102.0 -174.0 -160.0 -124.0 -36.0 -44.0 -74.0 -112.0 -136.0 -218.0 -206.0 -154.0 0.0 -70.0 -110.0 -128.0 -162.0 -208.0 -226.0 -184.0 -98.0 -128.0 -156.0 -174.0 -206.0 -242.0 -240.0 -202.0 -144.0 -184.0 -190.0 -196.0 -224.0 -200.0 -206.0 -198.0 736.0 -66.0 0.0 0.0 -48.0 -80.0 -102.0 -122.0 -264.0 96.0 -28.0 -76.0 -52.0 -116.0 -120.0 -110.0 0.0 -26.0 -32.0 -48.0 -80.0 -114.0 -138.0 -112.0 0.0 -68.0 -44.0 -58.0 -102.0 -174.0 -160.0 -124.0 -36.0 -44.0 -74.0 -112.0 -136.0 -218.0 -206.0 -154.0 -48.0 -70.0 -110.0 -128.0 -162.0 -208.0 -226.0 -184.0 -98.0 -128.0 -156.0 -174.0 -206.0 -242.0 -240.0 -202.0 -144.0 -184.0 -190.0 -196.0 -224.0 -200.0 -206.0 -198.0 992.0 -132.0 -20.0 -32.0 -48.0 -80.0 -102.0 -122.0 48.0 -240.0 -112.0 -76.0 -52.0 -116.0 -120.0 -110.0 -28.0 0.0 -32.0 -48.0 -80.0 -114.0 -138.0 -112.0 -56.0 0.0 0.0 -58.0 -102.0 -174.0 -160.0 -124.0 -36.0 -44.0 -74.0 -112.0 -136.0 -218.0 -206.0 -154.0 -48.0 -70.0 -110.0 -128.0 -162.0 -208.0 -226.0 -184.0 -98.0 -128.0 -156.0 -174.0 -206.0 -242.0 -240.0 -202.0 -144.0 -184.0 -190.0 -196.0 -224.0 -200.0 -206.0 -198.0 1088.0 -44.0 0.0 -32.0 -48.0 -80.0 -102.0 -122.0 96.0 48.0 -84.0 -38.0 -52.0 -116.0 -120.0 -110.0 -56.0 -26.0 -32.0 -48.0 -80.0 -114.0 -138.0 -112.0 0.0 -34.0 -44.0 -58.0 -102.0 -174.0 -160.0 -124.0 -36.0 -44.0 -74.0 -112.0 -136.0 -218.0 -206.0 -154.0 -48.0 -70.0 -110.0 -128.0 -162.0 -208.0 -226.0 -184.0 -98.0 -128.0 -156.0 -174.0 -206.0 -242.0 -240.0 -202.0 -144.0 -184.0 -190.0 -196.0 -224.0 -200.0 -206.0 -198.0
upper 0 0 896.0 -44.0 0.0 32.0 48.0 80.0 102.0 122.0 168.0 96.0 -28.0 38.0 52.0 116.0 120.0 110.0 28.0 26.0 32.0 48.0 80.0 114.0 138.0 112.0 0.0 34.0 44.0 58.0 102.0 174.0 160.0 124.0 72.0 44.0 74.0 112.0 136.0 218.0 206.0 154.0 48.0 70.0 110.0 128.0 162.0 208.0 226.0 184.0 98.0 128.0 156.0 174.0 206.0 242.0 240.0 202.0 144.0 184.0 190.0 196.0 224.0 200.0 206.0 198.0 1216.0 -110.0 -20.0 32.0 48.0 80.0 102.0 122.0 -96.0 96.0 28.0 38.0 52.0 116.0 120.0 110.0 0.0 0.0 32.0 48.0 80.0 114.0 138.0 112.0 28.0 34.0 44.0 58.0 102.0 174.0 160.0 124.0 0.0 88.0 74.0 112.0 136.0 218.0 206.0 154.0 48.0 70.0 110.0 128.0 162.0 208.0 226.0 184.0 98.0 128.0 156.0 174.0 206.0 242.0 240.0 202.0 144.0 184.0 190.0 196.0 224.0 200.0 206.0 198.0 1120.0 154.0 0.0 32.0 48.0 80.0 102.0 122.0 96.0 -120.0 -56.0 0.0 52.0 116.0 120.0 110.0 0.0 26.0 64.0 48.0 80.0 114.0 138.0 112.0 28.0 34.0 44.0 58.0 102.0 174.0 160.0 124.0 36.0 0.0 74.0 112.0 136.0 218.0 206.0 154.0 48.0 70.0 110.0 128.0 162.0 208.0 226.0 184.0 98.0 128.0 156.0 174.0 206.0 242.0 240.0 202.0 144.0 184.0 190.0 196.0 224.0 200.0 206.0 198.0 640.0 -44.0 100.0 32.0 48.0 80.0 102.0 122.0 48.0 72.0 -28.0 76.0 52.0 116.0 120.0 110.0 112.0 0.0 64.0 48.0 80.0 114.0 138.0 112.0 28.0 34.0 44.0 58.0 102.0 174.0 160.0 124.0 36.0 44.0 74.0 112.0 136.0 218.0 206.0 154.0 48.0 70.0 110.0 128.0 162.0 208.0 226.0 184.0 98.0 128.0 156.0 174.0 206.0 242.0 240.0 202.0 144.0 184.0 190.0 196.0 224.0 200.0 206.0 198.0
upper 0 1 1024.0 22.0 60.0 32.0 48.0 80.0 102.0 122.0 -168.0 -72.0 56.0 38.0 52.0 116.0 120.0 110.0 28.0 78.0 -32.0 48.0 80.0 114.0 138.0 112.0 -28.0 0.0 44.0 58.0 102.0 174.0 160.0 124.0 72.0 88.0 74.0 112.0 136.0 218.0 206.0 154.0 48.0 70.0 110.0 128.0 162.0 208.0 226.0 184.0 98.0 128.0 156.0 174.0 206.0 242.0 240.0 202.0 144.0 184.0 190.0 196.0 224.0 200.0 206.0 198.0 960.0 88.0 20.0 0.0 48.0 80.0 102.0 122.0 240.0 -96.0 0.0 38.0 52.0 116.0 120.0 110.0 28.0 -78.0 32.0 96.0 80.0 114.0 138.0 112.0 56.0 0.0 44.0 58.0 102.0 174.0 160.0 124.0 0.0 0.0 74.0 112.0 136.0 218.0 206.0 154.0 48.0 140.0 110.0 128.0 162.0 208.0 226.0 184.0 98.0 128.0 156.0 174.0 206.0 242.0 240.0 202.0 144.0 184.0 190.0 196.0 224.0 200.0 206.0 198.0 960.0 -22.0 40.0 32.0 48.0 80.0 102.0 122.0 24.0 192.0 56.0 76.0 52.0 116.0 120.0 110.0 84.0 26.0 32.0 48.0 80.0 114.0 138.0 112.0 0.0 68.0 88.0 58.0 102.0 174.0 160.0 124.0 72.0 44.0 74.0 112.0 136.0 218.0 206.0 154.0 0.0 70.0 110.0 128.0 162.0 208.0 226.0 184.0 98.0 128.0 156.0 174.0 206.0 242.0 240.0 202.0 144.0 184.0 190.0 196.0 224.0 200.0 206.0 198.0 1152.0 66.0 -20.0 64.0 48.0 80.0 102.0 122.0 -192.0 -48.0 84.0 38.0 52.0 116.0 120.0 110.0 -84.0 -52.0 96.0 48.0 80.0 114.0 138.0 112.0 28.0 34.0 44.0 58.0 102.0 174.0 160.0 124.0 0.0 44.0 74.0 112.0 136.0 218.0 206.0 154.0 96.0 70.0 110.0 128.0 162.0 208.0 226.0 184.0 98.0 128.0 156.0 174.0 206.0 242.0 240.0 202.0 144.0 184.0 190.0 196.0 224.0 200.0 206.0 198.0
upper 0 2 1152.0 154.0 -40.0 64.0 48.0 80.0 102.0 122.0 240.0 144.0 -28.0 76.0 52.0 116.0 120.0 110.0 0.0 0.0 32.0 48.0 80.0 114.0 138.0 112.0 0.0 34.0 44.0 58.0 102.0 174.0 160.0 124.0 36.0 44.0 74.0 112.0 136.0 218.0 206.0 154.0 96.0 70.0 110.0 128.0 162.0 208.0 226.0 184.0 98.0 128.0 156.0 174.0 206.0 242.0 240.0 202.0 144.0 184.0 190.0 196.0 224.0 200.0 206.0 198.0 800.0 -22.0 40.0 64.0 48.0 80.0 102.0 122.0 -216.0 144.0 28.0 0.0 52.0 116.0 120.0 110.0 56.0 26.0 32.0 48.0 80.0 114.0 138.0 112.0 56.0 0.0 44.0 58.0 102.0 174.0 160.0 124.0 36.0 44.0 74.0 112.0 136.0 218.0 206.0 154.0 48.0 70.0 110.0 128.0 162.0 208.0 226.0 184.0 98.0 128.0 156.0 174.0 206.0 242.0 240.0 202.0 144.0 184.0 190.0 196.0 224.0 200.0 206.0 198.0 1056.0 -88.0 20.0 32.0 48.0 80.0 102.0 122.0 96.0 -192.0 -56.0 0.0 52.0 116.0 120.0 110.0 28.0 52.0 32.0 48.0 80.0 114.0 138.0 112.0 0.0 68.0 88.0 58.0 102.0 174.0 160.0 124.0 36.0 44.0 74.0 112.0 136.0 218.0 206.0 154.0 48.0 70.0 110.0 128.0 162.0 208.0 226.0 184.0 98.0 128.0 156.0 174.0 206.0 242.0 240.0 202.0 144.0 184.0 190.0 196.0 224.0 200.0 206.0 198.0 1152.0 0.0 40.0 32.0 48.0 80.0 102.0 122.0 144.0 96.0 -28.0 38.0 52.0 116.0 120.0 110.0 0.0 26.0 32.0 48.0 80.0 114.0 138.0 112.0 56.0 34.0 44.0 58.0 102.0 174.0 160.0 124.0 36.0 44.0 74.0 112.0 136.0 218.0 206.0 154.0 48.0 70.0 110.0 128.0 162.0 208.0 226.0 184.0 98.0 128.0 156.0 174.0 206.0 242.0 240.0 202.0 144.0 184.0 190.0 196.0 224.0 200.0 206.0 198.0
centres 0 0 864.0 -66.0 -20.0 0.0 0.0 0.0 0.0 0.0 144.0 72.0 -56.0 0.0 0.0 0.0 0.0 0.0 0.0 0.0 0.0 0.0 0.0 0.0 0.0 0.0 -28.0 0.0 0.0 0.0 0.0 0.0 0.0 0.0 36.0 0.0 0.0 0.0 0.0 0.0 0.0 0.0 0.0 0.0 0.0 0.0 0.0 0.0 0.0 0.0 0.0 0.0 0.0 0.0 0.0 0.0 0.0 0.0 0.0 0.0 0.0 0.0 0.0 0.0 0.0 0.0 1184.0 -132.0 -40.0 0.0 0.0 0.0 0.0 0.0 -120.0 72.0 0.0 0.0 0.0 0.0 0.0 0.0 -28.0 -26.0 0.0 0.0 0.0 0.0 0.0 0.0 0.0 0.0 0.0 0.0 0.0 0.0 0.0 0.0 -36.0 44.0 0.0 0.0 0.0 0.0 0.0 0.0 0.0 0.0 0.0 0.0 0.0 0.0 0.0 0.0 0.0 0.0 0.0 0.0 0.0 0.0 0.0 0.0 0.0 0.0 0.0 0.0 0.0 0.0 0.0 0.0 1088.0 132.0 -20.0 0.0 0.0 0.0 0.0 0.0 72.0 -144.0 -84.0 -38.0 0.0 0.0 0.0 0.0 -28.0 0.0 32.0 0.0 0.0 0.0 0.0 0.0 0.0 0.0 0.0 0.0 0.0 0.0 0.0 0.0 0.0 -44.0 0.0 0.0 0.0 0.0 0.0 0.0 0.0 0.0 0.0 0.0 0.0 0.0 0.0 0.0 0.0 0.0 0.0 0.0 0.0 0.0 0.0 0.0 0.0 0.0 0.0 0.0 0.0 0.0 0.0 0.0 608.0 -66.0 80.0 0.0 0.0 0.0 0.0 0.0 24.0 48.0 -56.0 38.0 0.0 0.0 0.0 0.0 84.0 -26.0 32.0 0.0 0.0 0.0 0.0 0.0 0.0 0.0 0.0 0.0 0.0 0.0 0.0 0.0 0.0 0.0 0.0 0.0 0.0 0.0 0.0 0.0 0.0 0.0 0.0 0.0 0.0 0.0 0.0 0.0 0.0 0.0 0.0 0.0 0.0 0.0 0.0 0.0 0.0 0.0 0.0 0.0 0.0 0.0 0.0 0.0
centres 0 1 992.0 0.0 40.0 0.0 0.0 0.0 0.0 0.0 -192.0 -96.0 28.0 0.0 0.0 0.0 0.0 0.0 0.0 52.0 -64.0 0.0 0.0 0.0 0.0 0.0 -56.0 -34.0 0.0 0.0 0.0 0.0 0.0 0.0 36.0 44.0 0.0 0.0 0.0 0.0 0.0 0.0 0.0 0.0 0.0 0.0 0.0 0.0 0.0 0.0 0.0 0.0 0.0 0.0 0.0 0.0 0.0 0.0 0.0 0.0 0.0 0.0 0.0 0.0 0.0 0.0 928.0 66.0 0.0 -32.0 0.0 0.0 0.0 0.0 216.0 -120.0 -28.0 0.0 0.0 0.0 0.0 0.0 0.0 -104.0 0.0 48.0 0.0 0.0 0.0 0.0 28.0 -34.0 0.0 0.0 0.0 0.0 0.0 0.0 -36.0 -44.0 0.0 0.0 0.0 0.0 0.0 0.0 0.0 70.0 0.0 0.0 0.0 0.0 0.0 0.0 0.0 0.0 0.0 0.0 0.0 0.0 0.0 0.0 0.0 0.0 0.0 0.0 0.0 0.0 0.0 0.0 928.0 -44.0 20.0 0.0 0.0 0.0 0.0 0.0 0.0 168.0 28.0 38.0 0.0 0.0 0.0 0.0 56.0 0.0 0.0 0.0 0.0 0.0 0.0 0.0 -28.0 34.0 44.0 0.0 0.0 0.0 0.0 0.0 36.0 0.0 0.0 0.0 0.0 0.0 0.0 0.0 -48.0 0.0 0.0 0.0 0.0 0.0 0.0 0.0 0.0 0.0 0.0 0.0 0.0 0.0 0.0 0.0 0.0 0.0 0.0 0.0 0.0 0.0 0.0 0.0 1120.0 44.0 -40.0 32.0 0.0 0.0 0.0 0.0 -216.0 -72.0 56.0 0.0 0.0 0.0 0.0 0.0 -112.0 -78.0 64.0 0.0 0.0 0.0 0.0 0.0 0.0 0.0 0.0 0.0 0.0 0.0 0.0 0.0 -36.0 0.0 0.0 0.0 0.0 0.0 0.0 0.0 48.0 0.0 0.0 0.0 0.0 0.0 0.0 0.0 0.0 0.0 0.0 0.0 0.0 0.0 0.0 0.0 0.0 0.0 0.0 0.0 0.0 0.0 0.0 0.0
centres 0 2 1120.0 132.0 -60.0 32.0 0.0 0.0 0.0 0.0 216.0 120.0 -56.0 38.0 0.0 0.0 0.0 0.0 -28.0 -26.0 0.0 0.0 0.0 0.0 0.0 0.0 -28.0 0.0 0.0 0.0 0.0 0.0 0.0 0.0 0.0 0.0 0.0 0.0 0.0 0.0 0.0 0.0 48.0 0.0 0.0 0.0 0.0 0.0 0.0 0.0 0.0 0.0 0.0 0.0 0.0 0.0 0.0 0.0 0.0 0.0 0.0 0.0 0.0 0.0 0.0 0.0 768.0 -44.0 20.0 32.0 0.0 0.0 0.0 0.0 -240.0 120.0 0.0 -38.0 0.0 0.0 0.0 0.0 28.0 0.0 0.0 0.0 0.0 0.0 0.0 0.0 28.0 -34.0 0.0 0.0 0.0 0.0 0.0 0.0 0.0 0.0 0.0 0.0 0.0 0.0 0.0 0.0 0.0 0.0 0.0 0.0 0.0 0.0 0.0 0.0 0.0 0.0 0.0 0.0 0.0 0.0 0.0 0.0 0.0 0.0 0.0 0.0 0.0 0.0 0.0 0.0 1024.0 -110.0 0.0 0.0 0.0 0.0 0.0 0.0 72.0 -216.0 -84.0 -38.0 0.0 0.0 0.0 0.0 0.0 26.0 0.0 0.0 0.0 0.0 0.0 0.0 -28.0 34.0 44.0 0.0 0.0 0.0 0.0 0.0 0.0 0.0 0.0 0.0 0.0 0.0 0.0 0.0 0.0 0.0 0.0 0.0 0.0 0.0 0.0 0.0 0.0 0.0 0.0 0.0 0.0 0.0 0.0 0.0 0.0 0.0 0.0 0.0 0.0 0.0 0.0 0.0 1120.0 -22.0 20.0 0.0 0.0 0.0 0.0 0.0 120.0 72.0 -56.0 0.0 0.0 0.0 0.0 0.0 -28.0 0.0 0.0 0.0 0.0 0.0 0.0 0.0 28.0 0.0 0.0 0.0 0.0 0.0 0.0 0.0 0.0 0.0 0.0 0.0 0.0 0.0 0.0 0.0 0.0 0.0 0.0 0.0 0.0 0.0 0.0 0.0 0.0 0.0 0.0 0.0 0.0 0.0 0.0 0.0 0.0 0.0 0.0 0.0 0.0 0.0 0.0 0.0
exact-centres 0 0 864.0:0.0 -66.0:0.0 -20.0:0.0 0.0:0.0 0.0:0.0 0.0:0.0 0.0:0.0 0.0:0.0 144.0:0.0 72.0:0.0 -56.0:0.0 0.0:0.0 0.0:0.0 0.0:0.0 0.0:0.0 0.0:0.0 0.0:0.0 0.0:0.0 0.0:0.0 0.0:0.0 0.0:0.0 0.0:0.0 0.0:0.0 0.0:0.0 -28.0:0.0 0.0:0.0 0.0:0.0 0.0:0.0 0.0:0.0 0.0:0.0 0.0:0.0 0.0:0.0 36.0:0.0 0.0:0.0 0.0:0.0 0.0:0.0 0.0:0.0 0.0:0.0 0.0:0.0 0.0:0.0 0.0:0.0 0.0:0.0 0.0:0.0 0.0:0.0 0.0:0.0 0.0:0.0 0.0:0.0 0.0:0.0 0.0:0.0 0.0:0.0 0.0:0.0 0.0:0.0 0.0:0.0 0.0:0.0 0.0:0.0 0.0:0.0 0.0:0.0 0.0:0.0 0.0:0.0 0.0:0.0 0.0:0.0 0.0:0.0 0.0:0.0 0.0:0.0 1184.0:0.0 -132.0:0.0 -40.0:0.0 0.0:0.0 0.0:0.0 0.0:0.0 0.0:0.0 0.0:0.0 -120.0:0.0 72.0:0.0 0.0:0.0 0.0:0.0 0.0:0.0 0.0:0.0 0.0:0.0 0.0:0.0 -28.0:0.0 -26.0:0.0 0.0:0.0 0.0:0.0 0.0:0.0 0.0:0.0 0.0:0.0 0.0:0.0 0.0:0.0 0.0:0.0 0.0:0.0 0.0:0.0 0.0:0.0 0.0:0.0 0.0:0.0 0.0:0.0 -36.0:0.0 44.0:0.0 0.0:0.0 0.0:0.0 0.0:0.0 0.0:0.0 0.0:0.0 0.0:0.0 0.0:0.0 0.0:0.0 0.0:0.0 0.0:0.0 0.0:0.0 0.0:0.0 0.0:0.0 0.0:0.0 0.0:0.0 0.0:0.0 0.0:0.0 0.0:0.0 0.0:0.0 0.0:0.0 0.0:0.0 0.0:0.0 0.0:0.0 0.0:0.0 0.0:0.0 0.0:0.0 0.0:0.0 0.0:0.0 0.0:0.0 0.0:0.0 1088.0:0.0 132.0:0.0 -20.0:0.0 0.0:0.0 0.0:0.0 0.0:0.0 0.0:0.0 0.0:0.0 72.0:0.0 -144.0:0.0 -84.0:0.0 -38.0:0.0 0.0:0.0 0.0:0.0 0.0:0.0 0.0:0.0 -28.0:0.0 0.0:0.0 32.0:0.0 0.0:0.0 0.0:0.0 0.0:0.0 0.0:0.0 0.0:0.0 0.0:0.0 0.0:0.0 0.0:0.0 0.0:0.0 0.0:0.0 0.0:0.0 0.0:0.0 0.0:0.0 0.0:0.0 -44.0:0.0 0.0:0.0 0.0:0.0 0.0:0.0 0.0:0.0 0.0:0.0 0.0:0.0 0.0:0.0 0.0:0.0 0.0:0.0 0.0:0.0 0.0:0.0 0.0:0.0 0.0:0.0 0.0:0.0 0.0:0.0 0.0:0.0 0.0:0.0 0.0:0.0 0.0:0.0 0.0:0.0 0.0:0.0 0.0:0.0 0.0:0.0 0.0:0.0 0.0:0.0 0.0:0.0 0.0:0.0 0.0:0.0 0.0:0.0 0.0:0.0 608.0:0.0 -66.0:0.0 80.0:0.0 0.0:0.0 0.0:0.0 0.0:0.0 0.0:0.0 0.0:0.0 24.0:0.0 48.0:0.0 -56.0:0.0 38.0:0.0 0.0:0.0 0.0:0.0 0.0:0.0 0.0:0.0 84.0:0.0 -26.0:0.0 32.0:0.0 0.0:0.0 0.0:0.0 0.0:0.0 0.0:0.0 0.0:0.0 0.0:0.0 0.0:0.0 0.0:0.0 0.0:0.0 0.0:0.0 0.0:0.0 0.0:0.0 0.0:0.0 0.0:0.0 0.0:0.0 0.0:0.0 0.0:0.0 0.0:0.0 0.0:0.0 0.0:0.0 0.0:0.0 0.0:0.0 0.0:0.0 0.0:0.0 0.0:0.0 0.0:0.0 0.0:0.0 0.0:0.0 0.0:0.0 0.0:0.0 0.0:0.0 0.0:0.0 0.0:0.0 0.0:0.0 0.0:0.0 0.0:0.0 0.0:0.0 0.0:0.0 0.0:0.0 0.0:0.0 0.0:0.0 0.0:0.0 0.0:0.0 0.0:0.0 0.0:0.0
exact-centres 0 1 992.0:0.0 0.0:0.0 40.0:0.0 0.0:0.0 0.0:0.0 0.0:0.0 0.0:0.0 0.0:0.0 -192.0:0.0 -96.0:0.0 28.0:0.0 0.0:0.0 0.0:0.0 0.0:0.0 0.0:0.0 0.0:0.0 0.0:0.0 52.0:0.0 -64.0:0.0 0.0:0.0 0.0:0.0 0.0:0.0 0.0:0.0 0.0:0.0 -56.0:0.0 -34.0:0.0 0.0:0.0 0.0:0.0 0.0:0.0 0.0:0.0 0.0:0.0 0.0:0.0 36.0:0.0 44.0:0.0 0.0:0.0 0.0:0.0 0.0:0.0 0.0:0.0 0.0:0.0 0.0:0.0 0.0:0.0 0.0:0.0 0.0:0.0 0.0:0.0 0.0:0.0 0.0:0.0 0.0:0.0 0.0:0.0 0.0:0.0 0.0:0.0 0.0:0.0 0.0:0.0 0.0:0.0 0.0:0.0 0.0:0.0 0.0:0.0 0.0:0.0 0.0:0.0 0.0:0.0 0.0:0.0 0.0:0.0 0.0:0.0 0.0:0.0 0.0:0.0 928.0:0.0 66.0:0.0 0.0:0.0 -32.0:0.0 0.0:0.0 0.0:0.0 0.0:0.0 0.0:0.0 216.0:0.0 -120.0:0.0 -28.0:0.0 0.0:0.0 0.0:0.0 0.0:0.0 0.0:0.0 0.0:0.0 0.0:0.0 -104.0:0.0 0.0:0.0 48.0:0.0 0.0:0.0 0.0:0.0 0.0:0.0 0.0:0.0 28.0:0.0 -34.0:0.0 0.0:0.0 0.0:0.0 0.0:0.0 0.0:0.0 0.0:0.0 0.0:0.0 -36.0:0.0 -44.0:0.0 0.0:0.0 0.0:0.0 0.0:0.0 0.0:0.0 0.0:0.0 0.0:0.0 0.0:0.0 70.0:0.0 0.0:0.0 0.0:0.0 0.0:0.0 0.0:0.0 0.0:0.0 0.0:0.0 0.0:0.0 0.0:0.0 0.0:0.0 0.0:0.0 0.0:0.0 0.0:0.0 0.0:0.0 0.0:0.0 0.0:0.0 0.0:0.0 0.0:0.0 0.0:0.0 0.0:0.0 0.0:0.0 0.0:0.0 0.0:0.0 928.0:0.0 -44.0:0.0 20.0:0.0 0.0:0.0 0.0:0.0 0.0:0.0 0.0:0.0 0.0:0.0 0.0:0.0 168.0:0.0 28.0:0.0 38.0:0.0 0.0:0.0 0.0:0.0 0.0:0.0 0.0:0.0 56.0:0.0 0.0:0.0 0.0:0.0 0.0:0.0 0.0:0.0 0.0:0.0 0.0:0.0 0.0:0.0 -28.0:0.0 34.0:0.0 44.0:0.0 0.0:0.0 0.0:0.0 0.0:0.0 0.0:0.0 0.0:0.0 36.0:0.0 0.0:0.0 0.0:0.0 0.0:0.0 0.0:0.0 0.0:0.0 0.0:0.0 0.0:0.0 -48.0:0.0 0.0:0.0 0.0:0.0 0.0:0.0 0.0:0.0 0.0:0.0 0.0:0.0 0.0:0.0 0.0:0.0 0.0:0.0 0.0:0.0 0.0:0.0 0.0:0.0 0.0:0.0 0.0:0.0 0.0:0.0 0.0:0.0 0.0:0.0 0.0:0.0 0.0:0.0 0.0:0.0 0.0:0.0 0.0:0.0 0.0:0.0 1120.0:0.0 44.0:0.0 -40.0:0.0 32.0:0.0 0.0:0.0 0.0:0.0 0.0:0.0 0.0:0.0 -216.0:0.0 -72.0:0.0 56.0:0.0 0.0:0.0 0.0:0.0 0.0:0.0 0.0:0.0 0.0:0.0 -112.0:0.0 -78.0:0.0 64.0:0.0 0.0:0.0 0.0:0.0 0.0:0.0 0.0:0.0 0.0:0.0 0.0:0.0 0.0:0.0 0.0:0.0 0.0:0.0 0.0:0.0 0.0:0.0 0.0:0.0 0.0:0.0 -36.0:0.0 0.0:0.0 0.0:0.0 0.0:0.0 0.0:0.0 0.0:0.0 0.0:0.0 0.0:0.0 48.0:0.0 0.0:0.0 0.0:0.0 0.0:0.0 0.0:0.0 0.0:0.0 0.0:0.0 0.0:0.0 0.0:0.0 0.0:0.0 0.0:0.0 0.0:0.0 0.0:0.0 0.0:0.0 0.0:0.0 0.0:0.0 0.0:0.0 0.0:0.0 0.0:0.0 0.0:0.0 0.0:0.0 0.0:0.0 0.0:0.0 0.0:0.0
exact-centres 0 2 1120.0:0.0 132.0:0.0 -60.0:0.0 32.0:0.0 0.0:0.0 0.0:0.0 0.0:0.0 0.0:0.0 216.0:0.0 120.0:0.0 -56.0:0.0 38.0:0.0 0.0:0.0 0.0:0.0 0.0:0.0 0.0:0.0 -28.0:0.0 -26.0:0.0 0.0:0.0 0.0:0.0 0.0:0.0 0.0:0.0 0.0:0.0 0.0:0.0 -28.0:0.0 0.0:0.0 0.0:0.0 0.0:0.0 0.0:0.0 0.0:0.0 0.0:0.0 0.0:0.0 0.0:0.0 0.0:0.0 0.0:0.0 0.0:0.0 0.0:0.0 0.0:0.0 0.0:0.0 0.0:0.0 48.0:0.0 0.0:0.0 0.0:0.0 0.0:0.0 0.0:0.0 0.0:0.0 0.0:0.0 0.0:0.0 0.0:0.0 0.0:0.0 0.0:0.0 0.0:0.0 0.0:0.0 0.0:0.0 0.0:0.0 0.0:0.0 0.0:0.0 0.0:0.0 0.0:0.0 0.0:0.0 0.0:0.0 0.0:0.0 0.0:0.0 0.0:0.0 768.0:0.0 -44.0:0.0 20.0:0.0 32.0:0.0 0.0:0.0 0.0:0.0 0.0:0.0 0.0:0.0 -240.0:0.0 120.0:0.0 0.0:0.0 -38.0:0.0 0.0:0.0 0.0:0.0 0.0:0.0 0.0:0.0 28.0:0.0 0.0:0.0 0.0:0.0 0.0:0.0 0.0:0.0 0.0:0.0 0.0:0.0 0.0:0.0 28.0:0.0 -34.0:0.0 0.0:0.0 0.0:0.0 0.0:0.0 0.0:0.0 0.0:0.0 0.0:0.0 0.0:0.0 0.0:0.0 0.0:0.0 0.0:0.0 0.0:0.0 0.0:0.0 0.0:0.0 0.0:0.0 0.0:0.0 0.0:0.0 0.0:0.0 0.0:0.0 0.0:0.0 0.0:0.0 0.0:0.0 0.0:0.0 0.0:0.0 0.0:0.0 0.0:0.0 0.0:0.0 0.0:0.0 0.0:0.0 0.0:0.0 0.0:0.0 0.0:0.0 0.0:0.0 0.0:0.0 0.0:0.0 0.0:0.0 0.0:0.0 0.0:0.0 0.0:0.0 1024.0:0.0 -110.0:0.0 0.0:0.0 0.0:0.0 0.0:0.0 0.0:0.0 0.0:0.0 0.0:0.0 72.0:0.0 -216.0:0.0 -84.0:0.0 -38.0:0.0 0.0:0.0 0.0:0.0 0.0:0.0 0.0:0.0 0.0:0.0 26.0:0.0 0.0:0.0 0.0:0.0 0.0:0.0 0.0:0.0 0.0:0.0 0.0:0.0 -28.0:0.0 34.0:0.0 44.0:0.0 0.0:0.0 0.0:0.0 0.0:0.0 0.0:0.0 0.0:0.0 0.0:0.0 0.0:0.0 0.0:0.0 0.0:0.0 0.0:0.0 0.0:0.0 0.0:0.0 0.0:0.0 0.0:0.0 0.0:0.0 0.0:0.0 0.0:0.0 0.0:0.0 0.0:0.0 0.0:0.0 0.0:0.0 0.0:0.0 0.0:0.0 0.0:0.0 0.0:0.0 0.0:0.0 0.0:0.0 0.0:0.0 0.0:0.0 0.0:0.0 0.0:0.0 0.0:0.0 0.0:0.0 0.0:0.0 0.0:0.0 0.0:0.0 0.0:0.0 1120.0:0.0 -22.0:0.0 20.0:0.0 0.0:0.0 0.0:0.0 0.0:0.0 0.0:0.0 0.0:0.0 120.0:0.0 72.0:0.0 -56.0:0.0 0.0:0.0 0.0:0.0 0.0:0.0 0.0:0.0 0.0:0.0 -28.0:0.0 0.0:0.0 0.0:0.0 0.0:0.0 0.0:0.0 0.0:0.0 0.0:0.0 0.0:0.0 28.0:0.0 0.0:0.0 0.0:0.0 0.0:0.0 0.0:0.0 0.0:0.0 0.0:0.0 0.0:0.0 0.0:0.0 0.0:0.0 0.0:0.0 0.0:0.0 0.0:0.0 0.0:0.0 0.0:0.0 0.0:0.0 0.0:0.0 0.0:0.0 0.0:0.0 0.0:0.0 0.0:0.0 0.0:0.0 0.0:0.0 0.0:0.0 0.0:0.0 0.0:0.0 0.0:0.0 0.0:0.0 0.0:0.0 0.0:0.0 0.0:0.0 0.0:0.0 0.0:0.0 0.0:0.0 0.0:0.0 0.0:0.0 0.0:0.0 0.0:0.0 0.0:0.0 0.0:0.0
record 0 13516.43774163636 -0.0 nan nan
record 20 8109.896951454529 5059.671808488857 nan nan
record 40 8003.9495818448295 7551.645699553626 nan nan
record 60 7984.352096743018 7882.655484395922 nan nan
canvas 0 0 130.44553645391096 131.9295233370507 133.3474816233186 133.37080244475735 133.37011799311566 133.3703939390294 122.50719910581628 122.46626524465631 122.4745800270773 122.49098039611064 122.45696868672555 124.52826403678293 135.80761548962246 135.7789718481242 135.7568395328085 134.9642792977276 130.7714409840712 130.7722650181766 144.1169724162555 144.08464931755276 144.08116698452596 144.10888745328228 144.06783914105876 139.95774932307688 103.19384971587664 84.27203866609902 84.28165094283689 84.37334309227333 85.90733181103985 88.30647073563257 89.55229356574598 89.54323506195726
canvas 0 1 128.95827193627366 131.13106181795416 133.32910572177212 133.36326573365878 133.36234906497472 131.15129485645065 122.50647931263495 122.46421737520718 122.47876181577905 122.50565600800405 122.74758925277678 128.68599420135286 135.8278005549331 135.82174271915795 136.34259431662872 135.54600513275489 130.76567694522024 131.60200956401786 144.13503081209655 144.12222942344658 144.11524213553542 144.11413154417318 144.09317014921294 131.28892565391757 93.76845060355743 84.26805135215493 82.54126839073574 81.82697072342062 83.42947042977825 87.01086929831665 89.55688419362552 89.53852951924932
canvas 0 2 123.20109716749296 127.64922635657737 133.25753670403753 133.3776901016918 131.63541409321698 125.77608692242477 122.48110517552755 122.43380759880324 122.48208453561453 122.67265667130998 125.64000974739125 134.27515375990802 135.84484405118198 137.90467981093315 139.38721760392224 138.85425615542277 132.48268046497347 138.03413959493366 144.12321773865892 144.12545706565157 144.10079988930522 144.09522578127348 141.5803734034056 111.90462775668256 77.9733929298458 68.61948141760283 67.56790346431004 67.83748507643341 69.62837585152872 74.77607221972477 85.20584385557373 85.15855780403521
canvas 0 3 106.53018964689329 111.89562626666014 120.86078041675431 126.76722847151414 124.77829573777659 122.12580569343497 122.001209592413 122.39693118816714 122.73420378781067 124.46273677690154 131.67953846478846 136.12598959985513 141.74910171229243 147.78681898692773 150.28905750169255 149.75323541620642 144.70998901161462 144.7478414755166 144.13936542828128 144.1369457828865 144.12176692369567 143.1588176107812 116.71453487125025 96.39994130911148 72.89316851188278 66.79837363219347 65.35549986873859 65.29401953743601 65.25447761047477 65.23406282734841 85.14306979349386 85.08809407986905
canvas 0 4 88.02818081083406 89.54462332920694 93.29723182204741 99.69653989450732 107.64810812654973 115.05253214318053 118.62448744136934 121.9604508928161 123.99658696793915 127.33791266973745 134.88772948373415 144.39425569210565 158.25329332229077 165.52624481869375 168.58562950986018 167.69843996637587 163.4968381299346 155.1785617787972 144.12450959234093 144.13803524912362 143.30351299262776 107.8957730261207 96.78813553093924 90.68322986905812 74.27570353737235 66.80706154547775 65.33951865230445 65.26834680191354 65.26051670531668 65.26579874925473 85.10336142409022 85.06307058725432
canvas 0 5 84.6341471017359 84.71426333357373 85.06624984990765 86.82770039781882 93.0081294021952 107.63963188506924 112.75340105193077 119.82247168861524 124.73714601061342 129.09106363390907 139.29241244207884 155.97276306415404 169.76036400759438 179.22860630957086 179.23205623924605 179.29944120511533 178.41760911318204 172.63432391935075 144.0884585909567 143.51447962194817 98.92827336287765 96.2605692639162 92.83060715654003 89.2059816147556 80.05906744338385 68.31334729511062 65.38629644560682 65.25805421718267 65.27213065801739 67.6837482914673 85.03932469674604 103.14774380540173
canvas 0 6 84.51897696549301 84.53212856500085 84.5533442107973 84.57131350613105 85.70358293093702 104.53018269538317 108.00661432144122 117.03985215527177 124.83684862108827 129.90236485250193 141.610721967216 159.64597571912145 173.5099600558392 179.20711101779202 180.90398287738134 180.9075471770933 180.91266726246957 180.91897131315744 144.00922434771434 110.45182923566809 98.29001936858297 94.56715703373177 91.91926313967053 89.78099768767206 88.17513327198819 72.8722109802896 67.92871581080637 65.82110048832493 67.27878253585823 76.91608030186818 115.26025286671819 115.25426162320977
canvas 0 7 84.4861798796643 84.50234298740044 84.52987729612444 84.84862915433925 88.72072543322443 104.33262964682446 105.79091598156943 114.77315800507317 124.66972033479492 129.37253328559973 138.8365084832188 156.61880548568334 171.94852793559514 179.08013625372107 180.89573399227157 180.9033486995392 180.91271629093214 180.23566476895738 134.03959875306705 108.13176082515926 99.80719996768568 95.18883610581253 92.318962355416 90.25312175819224 90.24610600984442 76.1361283599436 72.47935417126206 72.46842973726982 72.45885320996018 94.26415311158752 115.35083232556315 115.34792775681436
canvas 0 8 84.46271331540943 84.4664756546668 85.43417468128305 90.42793272304348 99.37457782073335 104.73091494393199 105.2216357425329 112.91542776647903 124.43798537198516 127.9128230104255 131.31365406479384 145.06765854400263 163.00863935779174 176.39645139422666 180.87662407261328 180.88984616731858 178.58008201024126 150.21260879669282 120.14169951997536 111.30318205525434 106.62135331574684 100.84299971994517 95.26893240535149 90.26251898797442 84.24333855264295 76.52800747488135 72.45330802496683 72.43956481320858 76.34896488679011 94.63179737006645 115.36925804745533 115.36459150453014
canvas 0 9 84.4487563178819 87.73594319828662 93.69573749462624 99.6112436378537 103.53919136299433 105.03787188680222 108.11785091312213 121.03844259412722 126.97286582341243 128.37946012844836 129.2279697488317 134.56660921996237 145.1757131062674 159.03643241852808 170.67559156837285 171.8907598963451 146.83440501776653 124.97986078544359 114.58722945551344 113.27245589901227 112.04665383214083 109.4974145277383 105.53060583402183 100.30051560602188 93.48899807119382 85.7435260273682 76.92013010170953 82.74677438825847 100.12218796034642 112.48084461149728 115.37814479385182 115.36911072294502
canvas 0 10 109.56842784377888 107.25824112552277 105.5592285832354 105.42742012101849 105.42538171653362 106.62332022377653 122.46444560368019 128.3034548344535 128.31927695556362 128.3326833946484 128.3576589697917 128.37849735768427 128.38403605685724 127.331326535287 115.48348753612677 111.4871190605114 113.08783403217078 113.50277972775173 113.7567597192451 113.76297126109019 113.7835358566296 113.8471513643422 113.90632812372543 113.93523404755209 114.02760074746561 139.58419803724712 143.9399438607154 142.32813594361704 136.13366997536076 126.37325219366227 119.45889685055364 118.19513381733682
canvas 0 11 120.57939125101728 114.10477607964464 107.02685250828286 105.42942648061039 106.36710478914206 115.8602162838087 128.3018512258002 128.30759938832952 128.32252904367076 128.3422732531793 128.3565341201513 128.3655604096309 126.37875426983847 95.58654254908504 92.89473344728997 96.1534323144025 106.03882838786646 111.72101138960471 113.74949900120829 113.7492794736766 113.77360012319342 113.84045436236984 113.88409978599188 113.89254143289622 154.88567180475255 158.25714621302666 158.1760970319806 156.27069879120003 150.6659334251792 137.2452976091571 122.43530652397439 118.15537009604901
canvas 0 12 134.23911518257623 126.20938203710665 114.01470192089566 108.65414234650665 113.9195513341004 126.1196238455846 128.30174101530667 128.30871095736543 128.31797087660917 128.3315702140105 128.36207673574452 126.09481760216043 89.4144794527892 83.20942969138476 82.81811021015079 85.16851804542802 95.60272075622326 106.69378717511076 113.73428554057227 113.73297805815226 113.7468147280582 113.83965800108973 113.89849968125849 144.5199216096866 162.67758675443045 162.64101978475222 162.53830655168474 162.3393367930198 161.3857571853643 152.9814529827184 133.14025268594062 125.97086198252221
canvas 0 13 150.3744173876585 144.33580110420897 133.28690873639763 126.01171015081343 127.66912140664678 128.71811090644573 128.29663508023387 128.3016337147529 128.29336442814304 128.3300988383629 124.47012714219072 94.78507416958996 80.30636346092379 78.73929892528328 78.35479604606465 79.49896270342839 85.97020390744974 99.08585437537026 113.75548372585956 113.733878739557 113.71022179691279 113.80468494675839 140.47914013906595 161.44444211345376 162.7049969445989 162.6841445878907 162.82871591379018 162.8408962628218 162.8586734410494 162.8670106466323 144.003592936478 144.08331065247663
canvas 0 14 171.46619686683647 169.47681604124924 164.60814920476056 156.55538247728032 144.85660695597124 131.30652576607778 128.291681920422 128.29123837282236 128.26507479290584 115.78829866925875 89.60293796450225 79.37541264579552 77.52856529058049 76.0787384308978 75.49930277029131 76.01934734065995 79.6513457471278 91.1148322686439 113.74593093082431 113.7266332844107 113.63870083412195 140.03234974645784 161.69724342691933 162.79478145772086 162.7318362375171 162.71648529386368 162.848068875865 162.8528085073901 162.8530082500806 162.84670928851818 143.96811449399746 144.02107956390154
canvas 0 15 184.1680588316591 183.84456241577627 182.91399882491928 179.92156651850055 169.5549192323176 136.37578304555407 128.32118286886478 128.2961027814979 104.90694426858505 81.97367024824715 78.59697249955713 76.39162391011928 73.5921767627178 72.36305163229986 71.936603418219 71.96305776407937 74.11169824049418 83.29616885318976 113.76038903148084 113.80666107546932 136.8293131762373 162.70734067558035 164.41121039399079 164.21275410394801 162.72563987613748 162.68127441728723 162.79813060106437 162.8162173308565 162.82808416059794 162.82798872512143 144.07391524049734 144.10382275814433
canvas 0 16 185.6330435258293 185.63029886408518 185.70260087436225 185.76434709521848 185.99584086842188 141.44120850403402 128.36450420829794 118.11645596449071 90.95640941113243 80.19564063784274 75.06230315297299 66.48781050179458 63.73088426343771 63.78446560203052 63.77081929250481 63.79663130221225 64.0044917444365 66.87287474973219 113.70770127651738 124.63201231033386 158.28041942889692 167.72057975944242 168.23108111486567 168.22896075817093 162.738286592279 162.66256552863598 162.84306952547556 162.84699345503898 162.85976737800374 162.81116844075441 144.098486792639 144.10244132391642
canvas 0 17 185.63936647275494 185.64790317186228 185.68577084072066 185.7089889404837 184.90493937786377 143.3345257795245 126.40865792589605 110.84122734894953 90.85642363279555 80.44415259499031 72.82713730792511 66.13705870637813 63.82565771839754 63.87098233300407 63.86260413055132 63.85367658333029 63.859175216068316 67.31712523927402 114.98201476215402 130.11760392466917 157.53484974713413 167.63790279820853 168.2320090346118 168.23681988898198 162.77908512368825 162.1550111533889 162.91227470535534 162.8914556878556 162.78672860916058 153.62289974673314 144.05682177156928 144.04725529775496
canvas 0 18 185.58274682234378 185.61209310098135 185.63268328717263 184.9983646217058 170.9241903830044 140.0377111874541 120.92956472623395 108.77480770327448 94.97959660686041 84.49774884347025 75.3493397726334 67.4276850657863 63.90031614350253 63.96920842789845 63.983485467030455 63.94239108700888 65.87228570430902 87.9747407048879 117.78797456961968 127.42307192704061 150.8892938768279 166.67863845531863 168.23534993036307 167.2538622069068 157.64438361835585 155.92151113805733 157.96887305122127 159.01364881622206 153.24428172133966 144.6037222672161 144.1965289745715 144.19369437541047
canvas 0 19 185.48251872705106 185.56520853375036 183.84782830686984 168.42961593956161 147.6396802598097 128.38534360592442 114.2002510443518 108.91041518926237 102.38858236049622 94.29473389630982 84.45905296173704 73.21868247228485 63.91774140873051 64.05745607543491 64.08938871310156 68.15019106432327 91.07848611485419 112.97110564688792 118.38749681436722 121.46105998179067 134.1262167082401 151.21148332313098 162.86761047548296 158.21852249971798 145.1242723022681 143.65265530704485 143.57558844244838 143.62529103638215 143.62295466873942 144.08718703526054 144.309398637312 144.3172606945811
canvas 0 20 135.540087671401 132.12485069153445 127.07864662356249 122.47894006171981 118.19123398757333 113.87910560641531 110.31865474113489 109.64370830887886 109.59297122728893 109.49111211117527 109.50706998331069 109.58167869291565 109.59039990623687 114.85005331798945 123.67332944549325 126.76137834250642 124.81087180690726 120.83467341579018 117.59179391949468 117.57606886593545 117.55811914906805 117.53467646280305 122.19689501493951 128.5640650553338 136.80976118794595 138.53660047886177 138.6112577614571 138.93183363168072 140.69299292937058 143.27224198665763 144.37912932884944 144.38073627565396
canvas 0 21 107.42964182155742 107.69376627169427 108.1902438008048 108.98892245075406 109.85436716868874 109.77272627566641 109.74086801672868 109.69202004929022 109.6211593966605 109.51682459702079 109.5184156534677 109.58876707030491 125.51285570388386 148.19192053026495 149.03098218308781 147.18166135638413 140.86645021082523 129.78217690161011 117.61349608482018 117.59425016326668 117.57349418189162 105.52049993165633 105.59381401099922 109.90429431045393 125.3215965895847 126.45636136516579 126.03003630435464 126.59445792322536 129.94414703133504 137.8972561527313 144.37620980591302 144.35652020322627
canvas 0 22 106.80024902582788 106.87229530873158 107.0909824852876 107.71521402972506 109.8140004636678 109.80407401376901 109.79978040385767 109.73738008141389 109.65253892466083 109.57397137622877 109.52868265896052 123.23563439651538 153.92823588587777 153.9619347831582 153.9423254605416 153.88147923084287 152.0253000250776 143.17807149998532 117.64080624106722 117.61437533850601 98.02791918495656 98.05136511097854 98.11454963364021 98.15942184251728 119.93948697232709 119.93140712719412 119.93645306835411 119.83734986698798 120.3601139577641 127.65796016493483 144.39390118334887 144.37573095641207
canvas 0 23 106.73157313965496 106.69876056145235 106.75390402601788 106.80090242362982 109.72694611829846 109.76444992197686 109.78828334208394 109.71071790565512 109.63080408680413 109.60080893598257 112.78281172051402 136.9242955084538 153.9313301335453 153.99549914412216 154.04711123982526 154.0836994580672 154.02812944391516 153.7231747341818 117.67831327144287 112.24999163698041 97.99973624450479 98.03190903177446 98.12225234796793 98.20622423346666 119.93894880478942 119.9741980895819 120.02916499072904 119.41382912390553 119.54408147023555 119.71320784583176 144.3341055178458 144.3494607093406
constants method=tv centres_tested=0.0 centres_reference=0.0 tau=1.9267848867997692 sigma=0.06422616289332565 rho=1.9 root=0.9949874371066201 gamma_max=1.0 lipschitz=78.38367176906178 dual_lipschitz=14832.114346916305 dual_centres=1.101998185116473 weight_max=0.001 dual_reach=5243.9443170193945 dual_fixed=8140.799999999999 xi_bound=78.38367176906178 xi_terms_bound=78.38367176906178 cells=1 vector_terms=2 tensor_terms=3 primal_terms=2324 dual_terms=776 dual_rounding=4
start SI0=5296.529627571013 ScenA=0.0 ScenR=0.0 Sgx0=584.0163284775923
majorant 0 Ma=37.50912784516383 McenA=0.0 McenR=0.0 Md=0.0 Mf=24028.697209348116 Mg=37.50912784516383 Mi=5296.529627571017 Mmean=0.0 Mp=22.898912706542625 Mphi=3540.5831655320194 Mput=0.0 Mq=227.33093278302468 Mrp=43.50793414243098 Mrx=9910.70590422297 Mx=3539.537822936775
majorant 1 Ma=68.1254901681428 McenA=0.0 McenR=0.0 Md=204.7487676044857 Mf=24022.518581185865 Mg=29.611631376555295 Mi=5307.430104499042 Mmean=0.0 Mp=26.741378597543964 Mphi=3529.019383057702 Mput=0.0 Mq=226.00231876262697 Mrp=88.91438232055904 Mrx=9888.063643730917 Mx=3539.537822936777
majorant 2 Ma=40.11585336734117 McenA=0.0 McenR=0.0 Md=84.700706900547 Mf=24013.482277178184 Mg=30.36772215798459 Mi=5310.811184140128 Mmean=0.0 Mp=25.814379446341658 Mphi=3518.670730900207 Mput=0.0 Mq=225.87156629152994 Mrp=63.079561160275 Mrx=9851.8715729076 Mx=3519.658592858666
majorant 3 Ma=60.87414849982407 McenA=0.0 McenR=0.0 Md=177.586522142513 Mf=24003.11447174054 Mg=26.935086521921964 Mi=5215.041844021717 Mmean=0.0 Mp=26.57203448506016 Mphi=3509.992925494848 Mput=0.0 Mq=225.10292890230141 Mrp=83.30743248700334 Mrx=9834.885082783463 Mx=3516.9219682684175
majorant 4 Ma=41.43975441621057 McenA=0.0 McenR=0.0 Md=97.45885782283494 Mf=23992.714397955013 Mg=28.147778599629234 Mi=5172.713260604486 Mmean=0.0 Mp=26.16838056601942 Mphi=3503.86254432237 Mput=0.0 Mq=225.12219390234472 Mrp=66.94775388524909 Mrx=9814.353285498548 Mx=3505.3737509409543
majorant 5 Ma=57.43447350478547 McenA=0.0 McenR=0.0 Md=163.73892856803909 Mf=23982.693755379234 Mg=26.171318008291955 Mi=5144.455405438537 Mmean=0.0 Mp=26.302714067727752 Mphi=3499.464708844998 Mput=0.0 Mq=224.68505271394844 Mrp=80.18210584098158 Mrx=9807.412922207195 Mx=3505.1228857541005
majorant 6 Ma=42.7479884956586 McenA=0.0 McenR=0.0 Md=102.95662832618984 Mf=23972.576910244996 Mg=27.510416569958657 Mi=5133.040377144879 Mmean=0.0 Mp=26.202373152710788 Mphi=3496.854039039273 Mput=0.0 Mq=224.78110896264346 Mrp=68.36411307850582 Mrx=9797.007166888108 Mx=3498.643555764629
majorant 7 Ma=55.449380974310046 McenA=0.0 McenR=0.0 Md=156.00676274142353 Mf=23964.45092725458 Mg=26.03106148207299 Mi=5117.472830632137 Mmean=0.0 Mp=26.189875608713827 Mphi=3494.703776638014 Mput=0.0 Mq=224.41382853257866 Mrp=78.50178269491015 Mrx=9793.65241734864 Mx=3499.7525744838017
majorant 8 Ma=43.79178683588511 McenA=0.0 McenR=0.0 Md=106.12500956620013 Mf=23950.775158360484 Mg=27.177151876749623 Mi=5107.9422917114225 Mmean=0.0 Mp=26.07875961746657 Mphi=3492.3600887379134 Mput=0.0 Mq=224.44585239022135 Mrp=68.95248513385637 Mrx=9784.287553940765 Mx=3494.3773582509284
majorant 9 Ma=53.99884353778123 McenA=0.0 McenR=0.0 Md=148.70072699722027 Mf=23939.08342212113 Mg=26.17423222532655 Mi=5104.132283162613 Mmean=0.0 Mp=26.08316298587391 Mphi=3489.99199283464 Mput=0.0 Mq=224.27648528817602 Mrp=77.05992303867068 Mrx=9782.191571376934 Mx=3494.590292524481
majorant 10 Ma=44.86440732766958 McenA=0.0 McenR=0.0 Md=109.69531878318794 Mf=23937.97211930358 Mg=27.24473349502911 Mi=5106.8968849800685 Mmean=0.0 Mp=26.03625157949707 Mphi=3489.8693355434057 Mput=0.0 Mq=224.28912110829845 Mrp=69.63858858694854 Mrx=9777.810594656767 Mx=3492.096898488519
majorant 11 Ma=53.06014311818743 McenA=0.0 McenR=0.0 Md=144.42362448028845 Mf=23925.366402458705 Mg=26.46563308818451 Mi=5114.562201584931 Mmean=0.0 Mp=25.994507171141656 Mphi=3487.8586471439517 Mput=0.0 Mq=224.18017716655675 Mrp=76.01940409273847 Mrx=9776.339878971805 Mx=3492.1625354611583
majorant 12 Ma=45.70964566732168 McenA=0.0 McenR=0.0 Md=112.5154624324028 Mf=23926.88311514615 Mg=27.38833031135256 Mi=5127.37993491987 Mmean=0.0 Mp=25.85892642384125 Mphi=3488.1633154007927 Mput=0.0 Mq=224.19177981696544 Mrp=69.80521446253238 Mrx=9773.564909920935 Mx=3490.5558327994477
majorant 13 Ma=52.253850301782535 McenA=0.0 McenR=0.0 Md=139.570334936323 Mf=23916.55592480836 Mg=26.772393800851717 Mi=5134.587217724812 Mmean=0.0 Mp=25.783244292846984 Mphi=3486.575787114685 Mput=0.0 Mq=224.0912873305887 Mrp=74.77481849536512 Mrx=9772.265098184991 Mx=3490.649073990259
majorant 14 Ma=46.35862535787201 McenA=0.0 McenR=0.0 Md=113.8559916192107 Mf=23916.604781336544 Mg=27.507387399336256 Mi=5139.229443469103 Mmean=0.0 Mp=25.720410650282073 Mphi=3486.632819704829 Mput=0.0 Mq=224.081652567108 Mrp=69.8770935875589 Mrx=9769.400555341539 Mx=3489.1683706183285
majorant 15 Ma=51.63143372746949 McenA=0.0 McenR=0.0 Md=136.40636613074213 Mf=23906.258985726457 Mg=26.968165624306884 Mi=5140.979514174067 Mmean=0.0 Mp=25.72942299919822 Mphi=3485.054383600978 Mput=0.0 Mq=223.98375651756697 Mrp=74.07512414186306 Mrx=9767.557636356289 Mx=3488.953131427789
majorant 16 Ma=46.9448295345972 McenA=0.0 McenR=0.0 Md=116.15793660044875 Mf=23904.525364050347 Mg=27.556700559374285 Mi=5145.270510929313 Mmean=0.0 Mp=25.765894456079792 Mphi=3484.837081497143 Mput=0.0 Mq=223.98732032498603 Mrp=70.37255589111989 Mrx=9764.93108662533 Mx=3487.4945908399586
majorant 17 Ma=51.24830932250187 McenA=0.0 McenR=0.0 Md=134.417860623266 Mf=23896.537185969406 Mg=27.167479367375677 Mi=5148.308773625989 Mmean=0.0 Mp=25.825739628965064 Mphi=3483.7196794687725 Mput=0.0 Mq=223.90979398067267 Mrp=73.92203582143699 Mrx=9763.749495671093 Mx=3487.475819527029
majorant 18 Ma=47.52373008631426 McenA=0.0 McenR=0.0 Md=118.16445416401649 Mf=23894.988062760316 Mg=27.68730454189146 Mi=5154.823581929843 Mmean=0.0 Mp=25.852053751513736 Mphi=3483.5691599844686 Mput=0.0 Mq=223.90735106970243 Mrp=70.97443718209529 Mrx=9761.600656407467 Mx=3486.3281408057915
majorant 19 Ma=50.98029545248007 McenA=0.0 McenR=0.0 Md=132.91268613526452 Mf=23887.568086884563 Mg=27.389579559515134 Mi=5161.373064078222 Mmean=0.0 Mp=25.848979966692376 Mphi=3482.590886325432 Mput=0.0 Mq=223.84658815057026 Mrp=73.70129675189833 Mrx=9760.533084799004 Mx=3486.2354178141927
majorant 20 Ma=47.93624436354675 McenA=0.0 McenR=0.0 Md=119.61429542898586 Mf=23886.06405247372 Mg=27.803822322136632 Mi=5168.033684424874 Mmean=0.0 Mp=25.829454415652833 Mphi=3482.4924123635847 Mput=0.0 Mq=223.84557241052468 Mrp=71.18419036906398 Mrx=9758.854128171199 Mx=3485.3322151959837
majorant 21 Ma=50.72496552385027 McenA=0.0 McenR=0.0 Md=131.38513670464042 Mf=23879.924862078304 Mg=27.595320581894153 Mi=5172.490484286891 Mmean=0.0 Mp=25.82388009361388 Mphi=3481.718294289933 Mput=0.0 Mq=223.79348615480097 Mrp=73.3676299908264 Mrx=9757.972781672255 Mx=3485.2725602259043
majorant 22 Ma=48.30316884626182 McenA=0.0 McenR=0.0 Md=120.6598355388013 Mf=23878.276233141052 Mg=27.96487377398953 Mi=5178.077300536224 Mmean=0.0 Mp=25.803209153398786 Mphi=3481.5927689278456 Mput=0.0 Mq=223.78671468091167 Mrp=71.33985268117027 Mrx=9756.446761693045 Mx=3484.499102715056
majorant 23 Ma=50.55188815035304 McenA=0.0 McenR=0.0 Md=130.17676339194267 Mf=23872.48436573554 Mg=27.817920333032127 Mi=5183.4999894188495 Mmean=0.0 Mp=25.78243167835429 Mphi=3480.879600621634 Mput=0.0 Mq=223.7388496656268 Mrp=73.04901875631828 Mrx=9755.484921144822 Mx=3484.3606510340505
majorant 24 Ma=48.60521365805678 McenA=0.0 McenR=0.0 Md=121.49575383241492 Mf=23870.493795159906 Mg=28.133351080023328 Mi=5189.332400976956 Mmean=0.0 Mp=25.7476986070022 Mphi=3480.6872344463327 Mput=0.0 Mq=223.7593448536963 Mrp=71.3689043011442 Mrx=9754.467465586258 Mx=3483.6459072099487
majorant 25 Ma=50.40033633712219 McenA=0.0 McenR=0.0 Md=129.07267442239404 Mf=23868.589045133496 Mg=28.00516543476226 Mi=5193.710469859951 Mmean=0.0 Mp=25.73156678517714 Mphi=3480.488669864536 Mput=0.0 Mq=223.70835697095646 Mrp=72.72935024100755 Mrx=9754.209215646439 Mx=3483.9134504286817
majorant 26 Ma=48.84522901408202 McenA=0.0 McenR=0.0 Md=122.09120960849164 Mf=23865.949993053597 Mg=28.26110423270326 Mi=5197.880101290224 Mmean=0.0 Mp=25.720800166559982 Mphi=3480.1706742981687 Mput=0.0 Mq=223.71747316883045 Mrp=71.42667507445324 Mrx=9752.975554348093 Mx=3483.1727154880705
majorant 27 Ma=50.29513783765035 McenA=0.0 McenR=0.0 Md=128.1478355661993 Mf=23863.51269111845 Mg=28.145348420503492 Mi=5200.908497610776 Mmean=0.0 Mp=25.723497291217015 Mphi=3479.8912657066717 Mput=0.0 Mq=223.6913396870069 Mrp=72.56574909095015 Mrx=9752.771040741653 Mx=3483.2706613696078
majorant 28 Ma=49.04743015639017 McenA=0.0 McenR=0.0 Md=122.64975965163217 Mf=23862.843731494984 Mg=28.34659831595145 Mi=5204.413773982239 Mmean=0.0 Mp=25.7311408240953 Mphi=3479.8520924299455 Mput=0.0 Mq=223.70180022963447 Mrp=71.56272271997672 Mrx=9752.220981880739 Mx=3482.8890692735595
majorant 29 Ma=50.23252826436712 McenA=0.0 McenR=0.0 Md=127.68085857922689 Mf=23861.241096215377 Mg=28.267561832373968 Mi=5209.00707249017 Mmean=0.0 Mp=25.730835526079805 Mphi=3479.6832731452737 Mput=0.0 Mq=223.68067331175322 Mrp=72.48895768811464 Mrx=9752.160259191405 Mx=3483.0248043680344
majorant 30 Ma=49.226920876497886 McenA=0.0 McenR=0.0 Md=123.08767894476125 Mf=23860.638933264778 Mg=28.44861875551852 Mi=5214.2814418960725 Mmean=0.0 Mp=25.725938167404777 Mphi=3479.654602956617 Mput=0.0 Mq=223.6936006244286 Mrp=71.64402933182066 Mrx=9751.786533043893 Mx=3482.7191430983366
majorant 31 Ma=50.18414568063218 McenA=0.0 McenR=0.0 Md=127.06502336776649 Mf=23859.749005846654 Mg=28.3900025794092 Mi=5218.345423650942 Mmean=0.0 Mp=25.728454441315083 Mphi=3479.583043103588 Mput=0.0 Mq=223.68271776798164 Mrp=72.39166839230258 Mrx=9751.951635431536 Mx=3482.8951144891976
majorant 32 Ma=49.37794944103104 McenA=0.0 McenR=0.0 Md=123.47676320751785 Mf=23859.886311605187 Mg=28.53798552395145 Mi=5221.324538327314 Mmean=0.0 Mp=25.727988460297862 Mphi=3479.655097849985 Mput=0.0 Mq=223.6965065207729 Mrp=71.72558311881295 Mrx=9751.874561645445 Mx=3482.7429795143635
majorant 33 Ma=50.14777694827113 McenA=0.0 McenR=0.0 Md=126.73829874455784 Mf=23859.532646374857 Mg=28.487704342367245 Mi=5223.885483672239 Mmean=0.0 Mp=25.726307602457883 Mphi=3479.651051839196 Mput=0.0 Mq=223.68742834054808 Mrp=72.31952752227865 Mrx=9752.103973317888 Mx=3482.9393606111553
majorant 34 Ma=49.49657930025859 McenA=0.0 McenR=0.0 Md=123.82626439002313 Mf=23859.68521237311 Mg=28.61041724987797 Mi=5226.931134664044 Mmean=0.0 Mp=25.724125650962478 Mphi=3479.7083287378828 Mput=0.0 Mq=223.69760148603822 Mrp=71.77489379857755 Mrx=9752.024570422913 Mx=3482.81492917386
majorant 35 Ma=50.11990448811138 McenA=0.0 McenR=0.0 Md=126.39114594485706 Mf=23859.283598345242 Mg=28.573192663673222 Mi=5230.096349278816 Mmean=0.0 Mp=25.72801457283259 Mphi=3479.690687575655 Mput=0.0 Mq=223.69089378351353 Mrp=72.26421671470789 Mrx=9752.192465097667 Mx=3482.9592076559065
majorant 36 Ma=49.60200777253702 McenA=0.0 McenR=0.0 Md=124.0448090773474 Mf=23859.427378210483 Mg=28.67774607585363 Mi=5233.082519613825 Mmean=0.0 Mp=25.744105772737807 Mphi=3479.746083643722 Mput=0.0 Mq=223.69974715188818 Mrp=71.867657984604 Mrx=9752.153536377942 Mx=3482.867219584965
majorant 37 Ma=50.12531163380081 McenA=0.0 McenR=0.0 Md=126.29380673503096 Mf=23859.117765007373 Mg=28.658413940110368 Mi=5235.996029103559 Mmean=0.0 Mp=25.76561426764139 Mphi=3479.7412084305597 Mput=0.0 Mq=223.6952287588726 Mrp=72.31983999221298 Mrx=9752.320648428851 Mx=3482.993596914478
majorant 38 Ma=49.72046092503067 McenA=0.0 McenR=0.0 Md=124.50906404280305 Mf=23859.26756392 Mg=28.755960036074626 Mi=5238.833674059287 Mmean=0.0 Mp=25.778938050258677 Mphi=3479.8000253784426 Mput=0.0 Mq=223.7036378406882 Mrp=72.01181369532657 Mrx=9752.333165540165 Mx=3482.933093236575
majorant 39 Ma=50.14004064262704 McenA=0.0 McenR=0.0 Md=126.24885016301262 Mf=23859.07833062976 Mg=28.743991778465855 Mi=5241.5194755053035 Mmean=0.0 Mp=25.781023683075315 Mphi=3479.815062346983 Mput=0.0 Mq=223.70091416935105 Mrp=72.33835837635336 Mrx=9752.517545578528 Mx=3483.054455826056
majorant 40 Ma=49.799314082899656 McenA=0.0 McenR=0.0 Md=124.67343524402955 Mf=23859.27353985061 Mg=28.817516861077777 Mi=5243.824927279717 Mmean=0.0 Mp=25.77852854881661 Mphi=3479.877540149088 Mput=0.0 Mq=223.70763323492417 Mrp=72.04653784808092 Mrx=9752.553749755843 Mx=3483.020247900874
majorant 41 Ma=50.13060707476709 McenA=0.0 McenR=0.0 Md=126.04497874677915 Mf=23859.105708319094 Mg=28.800628375715213 Mi=5245.639507589941 Mmean=0.0 Mp=25.779724800885067 Mphi=3479.8889582848237 Mput=0.0 Mq=223.70423660378881 Mrp=72.30279931762857 Mrx=9752.684326218385 Mx=3483.117930293405
majorant 42 Ma=49.859838786419004 McenA=0.0 McenR=0.0 Md=124.82573393115038 Mf=23859.13966912155 Mg=28.862062567247996 Mi=5247.441623480196 Mmean=0.0 Mp=25.78183266485724 Mphi=3479.9217489684393 Mput=0.0 Mq=223.7082351224744 Mrp=72.08029617646172 Mrx=9752.65966896813 Mx=3483.0725811743746
majorant 43 Ma=50.13233748166565 McenA=0.0 McenR=0.0 Md=125.95380130699392 Mf=23858.852301715368 Mg=28.854172298779737 Mi=5249.295151009812 Mmean=0.0 Mp=25.779670192392285 Mphi=3479.9087758103433 Mput=0.0 Mq=223.7034532047796 Mrp=72.28352819450257 Mrx=9752.69420131342 Mx=3483.129464887843
majorant 44 Ma=49.91290867196883 McenA=0.0 McenR=0.0 Md=124.92268873087322 Mf=23858.68241612659 Mg=28.910982417098882 Mi=5251.162033519161 Mmean=0.0 Mp=25.77052026259898 Mphi=3479.9044040736167 Mput=0.0 Mq=223.70471749879613 Mrp=72.07555451399837 Mrx=9752.587372394277 Mx=3483.0615796363572
majorant 45 Ma=50.12663517382706 McenA=0.0 McenR=0.0 Md=125.75236437011418 Mf=23858.250360202994 Mg=28.903937809792563 Mi=5253.017161459378 Mmean=0.0 Mp=25.759244608718028 Mphi=3479.8630159767017 Mput=0.0 Mq=223.69958758936482 Mrp=72.21016901494794 Mrx=9752.53989371899 Mx=3483.076890544314
majorant 46 Ma=49.94105272064638 McenA=0.0 McenR=0.0 Md=124.8458026610469 Mf=23857.98229488067 Mg=28.941312108711273 Mi=5254.4728945642555 Mmean=0.0 Mp=25.753527109886885 Mphi=3479.8391732699088 Mput=0.0 Mq=223.70016632538793 Mrp=72.03944292252878 Mrx=9752.409531761183 Mx=3483.0017828199034
majorant 47 Ma=50.113553325170145 McenA=0.0 McenR=0.0 Md=125.54830816602352 Mf=23857.612331629418 Mg=28.927404695020112 Mi=5255.488196020966 Mmean=0.0 Mp=25.75955006274585 Mphi=3479.7981819958172 Mput=0.0 Mq=223.69580033339108 Mrp=72.18495044653626 Mrx=9752.353875587336 Mx=3483.006589837288
majorant 48 Ma=49.97697890384957 McenA=0.0 McenR=0.0 Md=124.94416431990578 Mf=23857.437884502553 Mg=28.962842123367615 Mi=5256.522506588135 Mmean=0.0 Mp=25.772207330531565 Mphi=3479.775676095882 Mput=0.0 Mq=223.69636033840507 Mrp=72.09866336534053 Mrx=9752.243137600732 Mx=3482.9422529998883
majorant 49 Ma=50.12907025876359 McenA=0.0 McenR=0.0 Md=125.60748171313098 Mf=23857.159608661826 Mg=28.961082647496383 Mi=5257.82234966226 Mmean=0.0 Mp=25.784129937599186 Mphi=3479.7439250169928 Mput=0.0 Mq=223.69291515528593 Mrp=72.2421577116174 Mrx=9752.20160725495 Mx=3482.94731960193
majorant 50 Ma=50.02126429211024 McenA=0.0 McenR=0.0 Md=125.12527801432778 Mf=23856.991274729367 Mg=28.993819824663056 Mi=5259.333841024251 Mmean=0.0 Mp=25.7926336327844 Mphi=3479.727147841787 Mput=0.0 Mq=223.69321208827816 Mrp=72.16998877791562 Mrx=9752.11219678893 Mx=3482.8966177973866
majorant 51 Ma=50.14262598727323 McenA=0.0 McenR=0.0 Md=125.63406803467507 Mf=23856.70598665993 Mg=28.993411840121755 Mi=5260.794474208118 Mmean=0.0 Mp=25.797003180235215 Mphi=3479.6990952960045 Mput=0.0 Mq=223.6899567196232 Mrp=72.27222160311027 Mrx=9752.067509783143 Mx=3482.8984744674126
majorant 52 Ma=50.05190385525271 McenA=0.0 McenR=0.0 Md=125.21286201585777 Mf=23856.487813299787 Mg=29.019417457999126 Mi=5262.043432330224 Mmean=0.0 Mp=25.800067552192388 Mphi=3479.6784470999214 Mput=0.0 Mq=223.68925897027538 Mrp=72.2010017551421 Mrx=9751.968313823816 Mx=3482.850417841433
majorant 53 Ma=50.149480040245 McenA=0.0 McenR=0.0 Md=125.61437642347629 Mf=23856.156596477947 Mg=29.01924381166311 Mi=5263.108203401718 Mmean=0.0 Mp=25.80319452605266 Mphi=3479.641450273536 Mput=0.0 Mq=223.68543381796903 Mrp=72.28149291637662 Mrx=9751.888216785648 Mx=3482.8376965005236
majorant 54 Ma=50.076550239296346 McenA=0.0 McenR=0.0 Md=125.2793352501345 Mf=23855.848439889152 Mg=29.04037489178226 Mi=5263.915624407639 Mmean=0.0 Mp=25.805448941550328 Mphi=3479.606366557567 Mput=0.0 Mq=223.6833692033415 Mrp=72.22404751753965 Mrx=9751.751850670733 Mx=3482.780482064315
majorant 55 Ma=50.15533666595751 McenA=0.0 McenR=0.0 Md=125.60490159618574 Mf=23855.40722446035 Mg=29.040791950843573 Mi=5264.541057522396 Mmean=0.0 Mp=25.805367332267313 Mphi=3479.5531565790693 Mput=0.0 Mq=223.67871188983102 Mrp=72.28327142744148 Mrx=9751.62116989151 Mx=3482.7470840970946
majorant 56 Ma=50.09525256463008 McenA=0.0 McenR=0.0 Md=125.3219700923468 Mf=23854.971862574068 Mg=29.059686857112904 Mi=5265.142617149159 Mmean=0.0 Mp=25.80293645126861 Mphi=3479.5004074906715 Mput=0.0 Mq=223.6757900628461 Mrp=72.22505288080262 Mrx=9751.447433048577 Mx=3482.676525186732
majorant 57 Ma=50.15773503639501 McenA=0.0 McenR=0.0 Md=125.56408229904768 Mf=23854.47228830409 Mg=29.06157823743197 Mi=5265.823356900991 Mmean=0.0 Mp=25.80103336282512 Mphi=3479.4376177349186 Mput=0.0 Mq=223.67116041008126 Mrp=72.26551896331547 Mrx=9751.292487535704 Mx=3482.629780252843
majorant 58 Ma=50.11026371911468 McenA=0.0 McenR=0.0 Md=125.3361786977732 Mf=23854.031661231416 Mg=29.078483828173557 Mi=5266.509586704528 Mmean=0.0 Mp=25.801116782623446 Mphi=3479.3812894015273 Mput=0.0 Mq=223.66816230656966 Mrp=72.22274668008453 Mrx=9751.11714420924 Mx=3482.5589645005707
majorant 59 Ma=50.16396850451085 McenA=0.0 McenR=0.0 Md=125.5467129764631 Mf=23853.55444826414 Mg=29.082495701261468 Mi=5267.133738176574 Mmean=0.0 Mp=25.802674974409555 Mphi=3479.3205541470493 Mput=0.0 Mq=223.66384282027764 Mrp=72.26448252741018 Mrx=9750.964665697553 Mx=3482.511078248531
recordbound 0 Dabs=0.0 Lcen=0.0 Lzeta=1.615274240126558 P=13516.43774163636 Zdot=0.0
recordbound 20 Dabs=18677.74145060309 Lcen=0.19224932332567066 Lzeta=1.7767118485149627 P=8109.896951454529 Zdot=1736499.1945879161
recordbound 40 Dabs=14716.767767836407 Lcen=0.19731458795921145 Lzeta=1.7820617386426336 P=8003.9495818448295 Zdot=1733890.5305437814
recordbound 60 Dabs=13793.403757614793 Lcen=0.19812745286426256 Lzeta=1.7831727735692575 P=7984.352096743018 Zdot=1734859.1199762765
stop 60 iterations
tolerance canvas 3.5562216175251265e-07
tolerance record 0 8.35793323094961e-09 4.8930170565679304e-08 9.226793865099696e-08
tolerance record 20 9.565564393138855e-06 4.61402243313042e-08 0.00032604018721261573
tolerance record 40 1.9343255699170328e-05 4.608555213398696e-08 0.0006589187118762013
tolerance record 60 2.9133236122643845e-05 4.6075439211161646e-08 0.0009922281624345462
