# A conformance case of JPEG-Unround, written by conformance/generate.py: the quantized
# coefficients of a picture and the options of its reconstruction; what the Python
# implementation made of them; the exact centres; and what bounds the rounding of that
# run, from which conformance/bounds.py computes the tolerances at the end (docs/math.md, 9).
# Each line is a keyword and its values. Numbers are decimal, each double the shortest
# decimal that reads back as it; an exact centre is hi:lo, two doubles whose sum is the
# value to about 2^-106 of it.
name rgb-tv
picture 16 24 rgb
component 0 1 1 2 3
table 0 16 11 10 16 24 40 51 61 12 12 14 19 26 58 60 55 14 13 16 24 40 57 69 56 14 17 22 29 51 87 80 62 18 22 37 56 68 109 103 77 24 35 55 64 81 104 113 92 49 64 78 87 103 121 120 101 72 92 95 98 112 100 103 99
levels 0 0 -19 6 -1 2 0 0 1 0 4 4 -2 1 0 0 0 0 1 -1 1 -1 0 0 0 0 -2 -1 0 0 0 0 0 0 3 1 0 0 0 0 0 0 0 0 0 0 0 0 0 0 0 0 0 0 0 0 0 0 0 0 0 0 0 0 0 0 0 -20 -1 1 0 -1 0 0 -5 3 0 -1 0 0 0 0 1 0 0 1 0 0 0 0 1 -1 0 0 0 0 0 0 -1 1 0 0 0 0 0 0 0 0 0 0 0 0 0 0 0 0 0 0 0 0 0 0 0 0 0 0 0 0 0 0 17 6 -5 0 0 0 0 0 10 -7 -6 -2 0 0 0 0 -5 1 2 0 0 0 0 0 -1 1 0 0 0 0 0 0 1 -2 -1 0 0 0 0 0 0 0 0 0 0 0 0 0 0 0 0 0 0 0 0 0 0 0 0 0 0 0 0 0
levels 0 1 11 -5 1 -1 0 0 -1 0 -16 -1 1 0 0 0 0 0 -3 5 -2 1 0 0 0 0 -3 -1 0 0 0 0 0 0 1 1 0 0 0 0 0 0 0 -1 0 0 0 0 0 0 0 0 0 0 0 0 0 0 0 0 0 0 0 0 0 0 -5 17 1 -1 0 0 0 0 6 -12 -1 1 0 0 0 0 -1 -10 0 2 0 0 0 0 3 0 0 0 0 0 0 0 -1 -1 0 0 0 0 0 0 1 1 0 0 0 0 0 0 0 0 0 0 0 0 0 0 0 0 0 0 0 0 0 0 -19 -6 4 0 0 0 0 0 7 9 2 1 0 0 0 0 7 1 1 0 0 0 0 0 -2 2 1 1 0 0 0 0 2 -1 0 0 0 0 0 0 -1 0 0 0 0 0 0 0 0 0 0 0 0 0 0 0 0 0 0 0 0 0 0 0
component 1 1 1 2 3
table 1 16 11 10 16 24 40 51 61 12 12 14 19 26 58 60 55 14 13 16 24 40 57 69 56 14 17 22 29 51 87 80 62 18 22 37 56 68 109 103 77 24 35 55 64 81 104 113 92 49 64 78 87 103 121 120 101 72 92 95 98 112 100 103 99
levels 1 0 14 17 -7 3 0 0 0 0 6 2 -2 1 0 0 0 0 -6 -3 1 -1 0 0 0 0 -2 -1 0 0 0 0 0 0 1 1 0 0 0 0 0 0 -1 0 0 0 0 0 0 0 0 0 0 0 0 0 0 0 0 0 0 0 0 0 0 0 -22 3 4 2 0 0 0 0 -2 4 0 -1 0 0 0 0 6 -3 0 0 0 0 0 0 1 0 0 0 0 0 0 0 -1 1 0 0 0 0 0 0 0 0 0 0 0 0 0 0 0 0 0 0 0 0 0 0 0 0 0 0 0 0 0 0 -3 -17 -2 -1 0 0 0 0 8 -5 -5 -2 0 0 0 0 -1 5 2 1 0 0 0 0 0 1 1 0 0 0 0 0 1 -1 -1 0 0 0 0 0 0 0 0 0 0 0 0 0 0 0 0 0 0 0 0 0 0 0 0 0 0 0 0 0
levels 1 1 -9 -8 5 -2 0 0 0 0 7 6 -1 0 0 0 0 0 1 6 -3 1 0 0 0 0 -2 -1 1 0 0 0 0 0 1 2 -1 0 0 0 0 0 0 -1 0 0 0 0 0 0 1 0 0 0 0 0 0 0 0 0 0 0 0 0 0 0 5 3 -1 -1 0 0 0 0 -11 -1 2 2 0 0 0 0 -3 -8 0 1 0 0 0 0 1 -1 0 0 0 0 0 0 -1 -1 0 0 0 0 0 0 1 1 0 0 0 0 0 0 0 0 0 0 0 0 0 0 0 0 0 0 0 0 0 0 -5 5 1 1 0 0 0 0 -6 -4 4 1 0 0 0 0 5 0 1 0 0 0 0 0 -3 1 1 0 0 0 0 0 2 -1 0 0 0 0 0 0 -2 0 0 0 0 0 0 0 0 0 0 0 0 0 0 0 0 0 0 0 0 0 0 0
component 2 1 1 2 3
table 2 16 11 10 16 24 40 51 61 12 12 14 19 26 58 60 55 14 13 16 24 40 57 69 56 14 17 22 29 51 87 80 62 18 22 37 56 68 109 103 77 24 35 55 64 81 104 113 92 49 64 78 87 103 121 120 101 72 92 95 98 112 100 103 99
levels 2 0 1 6 -6 1 0 0 0 0 27 3 -5 1 0 0 0 0 -4 -2 0 0 0 0 0 0 0 -1 0 -1 0 0 0 0 2 1 0 0 0 0 0 0 0 0 0 0 0 0 0 0 0 0 0 0 0 0 0 0 0 0 0 0 0 0 0 0 -6 -5 1 1 0 0 0 0 -10 16 1 -1 0 0 0 0 2 -2 0 0 0 0 0 0 1 0 0 0 0 0 0 0 -1 1 0 0 0 0 0 0 0 0 0 0 0 0 0 0 0 0 0 0 0 0 0 0 0 0 0 0 0 0 0 0 2 -3 -2 -1 0 0 0 0 -10 -12 -3 -2 0 0 0 0 -2 3 2 0 0 0 0 0 -1 1 1 0 0 0 0 0 1 -1 0 0 0 0 0 0 0 0 0 0 0 0 0 0 0 0 0 0 0 0 0 0 0 0 0 0 0 0 0 0
levels 2 1 -21 -4 8 -1 1 0 0 0 -14 1 1 0 0 0 0 0 4 5 -4 1 0 0 0 0 -3 -1 1 0 0 0 0 0 2 1 -1 0 0 0 0 0 0 -1 0 0 0 0 0 0 0 0 0 0 0 0 0 0 0 0 0 0 0 0 0 0 3 -8 -1 -2 0 0 0 0 3 -12 0 2 0 0 0 0 -2 -6 0 1 0 -1 0 0 2 0 0 0 0 0 0 0 -2 0 0 0 0 0 0 0 0 1 0 0 0 0 0 0 0 0 0 0 0 0 0 0 0 0 0 0 0 0 0 0 8 7 -3 1 0 0 0 0 7 7 2 1 0 0 0 0 2 0 1 0 0 0 0 0 -2 2 1 0 0 0 0 0 2 -1 0 0 0 0 0 0 -1 0 0 0 0 0 0 0 0 0 0 0 0 0 0 0 0 0 0 0 0 0 0 0
options --method tv --alpha 1.0 --alpha1 1.0 --alpha0 2.0 --channels coupled --mu 0.001 --mu-scale 1.0 --mu-power 1.0 --weight-power 2.0 --dc-weight 0.0 --centres mmse --slack 0.0 --slack-cost 0.0 --relative-tolerance 0.0 --partial-tolerance 0.0 --step-product 0.99 --record-every 20 --free-radius 255.0 --iterations 40 --tolerance 0.0 --subgradient-iterations 50 --subgradient-record-every 1 --subgradient-step 0.5 --subgradient-decay 0.5
steps 1.9267848867997692 0.06422616289332565
weights 0 0.0 8.264462809917356e-06 1e-05 3.90625e-06 1.7361111111111112e-06 6.25e-07 3.844675124951942e-07 2.6874496103198064e-07 6.944444444444445e-06 6.944444444444445e-06 5.102040816326531e-06 2.7700831024930747e-06 1.4792899408284024e-06 2.972651605231867e-07 2.7777777777777776e-07 3.305785123966942e-07 5.102040816326531e-06 5.917159763313609e-06 3.90625e-06 1.7361111111111112e-06 6.25e-07 3.0778701138811943e-07 2.1003990758244066e-07 3.1887755102040816e-07 5.102040816326531e-06 3.4602076124567473e-06 2.066115702479339e-06 1.1890606420927469e-06 3.844675124951942e-07 1.321178491214163e-07 1.5625e-07 2.6014568158168575e-07 3.08641975308642e-06 2.066115702479339e-06 7.304601899196494e-07 3.1887755102040816e-07 2.162629757785467e-07 8.4167999326656e-08 9.425959091337543e-08 1.6866250632484398e-07 1.7361111111111112e-06 8.16326530612245e-07 3.305785123966942e-07 2.44140625e-07 1.5241579027587258e-07 9.245562130177515e-08 7.83146683373796e-08 1.1814744801512288e-07 4.1649312786339027e-07 2.44140625e-07 1.643655489809336e-07 1.321178491214163e-07 9.425959091337543e-08 6.830134553650707e-08 6.944444444444444e-08 9.802960494069208e-08 1.9290123456790125e-07 1.1814744801512288e-07 1.1080332409972299e-07 1.0412328196584757e-07 7.971938775510204e-08 1e-07 9.425959091337543e-08 1.0203040506070809e-07
lower 0 0 712.0 60.5 -15.0 24.0 -12.0 -20.0 25.5 -30.5 42.0 42.0 -35.0 9.5 -13.0 -29.0 -30.0 -27.5 7.0 -19.5 8.0 -36.0 -20.0 -28.5 -34.5 -28.0 -35.0 -25.5 -11.0 -14.5 -25.5 -43.5 -40.0 -31.0 45.0 11.0 -18.5 -28.0 -34.0 -54.5 -51.5 -38.5 -12.0 -17.5 -27.5 -32.0 -40.5 -52.0 -56.5 -46.0 -24.5 -32.0 -39.0 -43.5 -51.5 -60.5 -60.0 -50.5 -36.0 -46.0 -47.5 -49.0 -56.0 -50.0 -51.5 -49.5 1016.0 -225.5 -15.0 8.0 -12.0 -60.0 -25.5 -30.5 -66.0 30.0 -7.0 -28.5 -13.0 -29.0 -30.0 -27.5 7.0 -6.5 -8.0 12.0 -20.0 -28.5 -34.5 -28.0 7.0 -25.5 -11.0 -14.5 -25.5 -43.5 -40.0 -31.0 -27.0 11.0 -18.5 -28.0 -34.0 -54.5 -51.5 -38.5 -12.0 -17.5 -27.5 -32.0 -40.5 -52.0 -56.5 -46.0 -24.5 -32.0 -39.0 -43.5 -51.5 -60.5 -60.0 -50.5 -36.0 -46.0 -47.5 -49.0 -56.0 -50.0 -51.5 -49.5 1288.0 60.5 -55.0 -8.0 -12.0 -20.0 -25.5 -30.5 114.0 -90.0 -91.0 -47.5 -13.0 -29.0 -30.0 -27.5 -77.0 6.5 24.0 -12.0 -20.0 -28.5 -34.5 -28.0 -21.0 8.5 -11.0 -14.5 -25.5 -43.5 -40.0 -31.0 9.0 -55.0 -55.5 -28.0 -34.0 -54.5 -51.5 -38.5 -12.0 -17.5 -27.5 -32.0 -40.5 -52.0 -56.5 -46.0 -24.5 -32.0 -39.0 -43.5 -51.5 -60.5 -60.0 -50.5 -36.0 -46.0 -47.5 -49.0 -56.0 -50.0 -51.5 -49.5
lower 0 1 1192.0 -60.5 5.0 -24.0 -12.0 -20.0 -76.5 -30.5 -198.0 -18.0 7.0 -9.5 -13.0 -29.0 -30.0 -27.5 -49.0 58.5 -40.0 12.0 -20.0 -28.5 -34.5 -28.0 -49.0 -25.5 -11.0 -14.5 -25.5 -43.5 -40.0 -31.0 9.0 11.0 -18.5 -28.0 -34.0 -54.5 -51.5 -38.5 -12.0 -52.5 -27.5 -32.0 -40.5 -52.0 -56.5 -46.0 -24.5 -32.0 -39.0 -43.5 -51.5 -60.5 -60.0 -50.5 -36.0 -46.0 -47.5 -49.0 -56.0 -50.0 -51.5 -49.5 936.0 181.5 5.0 -24.0 -12.0 -20.0 -25.5 -30.5 66.0 -150.0 -21.0 9.5 -13.0 -29.0 -30.0 -27.5 -21.0 -136.5 -8.0 36.0 -20.0 -28.5 -34.5 -28.0 35.0 -8.5 -11.0 -14.5 -25.5 -43.5 -40.0 -31.0 -27.0 -33.0 -18.5 -28.0 -34.0 -54.5 -51.5 -38.5 12.0 17.5 -27.5 -32.0 -40.5 -52.0 -56.5 -46.0 -24.5 -32.0 -39.0 -43.5 -51.5 -60.5 -60.0 -50.5 -36.0 -46.0 -47.5 -49.0 -56.0 -50.0 -51.5 -49.5 712.0 -71.5 35.0 -8.0 -12.0 -20.0 -25.5 -30.5 78.0 102.0 21.0 9.5 -13.0 -29.0 -30.0 -27.5 91.0 6.5 8.0 -12.0 -20.0 -28.5 -34.5 -28.0 -35.0 25.5 11.0 14.5 -25.5 -43.5 -40.0 -31.0 27.0 -33.0 -18.5 -28.0 -34.0 -54.5 -51.5 -38.5 -36.0 -17.5 -27.5 -32.0 -40.5 -52.0 -56.5 -46.0 -24.5 -32.0 -39.0 -43.5 -51.5 -60.5 -60.0 -50.5 -36.0 -46.0 -47.5 -49.0 -56.0 -50.0 -51.5 -49.5
upper 0 0 728.0 71.5 -5.0 40.0 12.0 20.0 76.5 30.5 54.0 54.0 -21.0 28.5 13.0 29.0 30.0 27.5 21.0 -6.5 24.0 -12.0 20.0 28.5 34.5 28.0 -21.0 -8.5 11.0 14.5 25.5 43.5 40.0 31.0 63.0 33.0 18.5 28.0 34.0 54.5 51.5 38.5 12.0 17.5 27.5 32.0 40.5 52.0 56.5 46.0 24.5 32.0 39.0 43.5 51.5 60.5 60.0 50.5 36.0 46.0 47.5 49.0 56.0 50.0 51.5 49.5 1032.0 -214.5 -5.0 24.0 12.0 -20.0 25.5 30.5 -54.0 42.0 7.0 -9.5 13.0 29.0 30.0 27.5 21.0 6.5 8.0 36.0 20.0 28.5 34.5 28.0 21.0 -8.5 11.0 14.5 25.5 43.5 40.0 31.0 -9.0 33.0 18.5 28.0 34.0 54.5 51.5 38.5 12.0 17.5 27.5 32.0 40.5 52.0 56.5 46.0 24.5 32.0 39.0 43.5 51.5 60.5 60.0 50.5 36.0 46.0 47.5 49.0 56.0 50.0 51.5 49.5 1304.0 71.5 -45.0 8.0 12.0 20.0 25.5 30.5 126.0 -78.0 -77.0 -28.5 13.0 29.0 30.0 27.5 -63.0 19.5 40.0 12.0 20.0 28.5 34.5 28.0 -7.0 25.5 11.0 14.5 25.5 43.5 40.0 31.0 27.0 -33.0 -18.5 28.0 34.0 54.5 51.5 38.5 12.0 17.5 27.5 32.0 40.5 52.0 56.5 46.0 24.5 32.0 39.0 43.5 51.5 60.5 60.0 50.5 36.0 46.0 47.5 49.0 56.0 50.0 51.5 49.5
upper 0 1 1208.0 -49.5 15.0 -8.0 12.0 20.0 -25.5 30.5 -186.0 -6.0 21.0 9.5 13.0 29.0 30.0 27.5 -35.0 71.5 -24.0 36.0 20.0 28.5 34.5 28.0 -35.0 -8.5 11.0 14.5 25.5 43.5 40.0 31.0 27.0 33.0 18.5 28.0 34.0 54.5 51.5 38.5 12.0 -17.5 27.5 32.0 40.5 52.0 56.5 46.0 24.5 32.0 39.0 43.5 51.5 60.5 60.0 50.5 36.0 46.0 47.5 49.0 56.0 50.0 51.5 49.5 952.0 192.5 15.0 -8.0 12.0 20.0 25.5 30.5 78.0 -138.0 -7.0 28.5 13.0 29.0 30.0 27.5 -7.0 -123.5 8.0 60.0 20.0 28.5 34.5 28.0 49.0 8.5 11.0 14.5 25.5 43.5 40.0 31.0 -9.0 -11.0 18.5 28.0 34.0 54.5 51.5 38.5 36.0 52.5 27.5 32.0 40.5 52.0 56.5 46.0 24.5 32.0 39.0 43.5 51.5 60.5 60.0 50.5 36.0 46.0 47.5 49.0 56.0 50.0 51.5 49.5 728.0 -60.5 45.0 8.0 12.0 20.0 25.5 30.5 90.0 114.0 35.0 28.5 13.0 29.0 30.0 27.5 105.0 19.5 24.0 12.0 20.0 28.5 34.5 28.0 -21.0 42.5 33.0 43.5 25.5 43.5 40.0 31.0 45.0 -11.0 18.5 28.0 34.0 54.5 51.5 38.5 -12.0 17.5 27.5 32.0 40.5 52.0 56.5 46.0 24.5 32.0 39.0 43.5 51.5 60.5 60.0 50.5 36.0 46.0 47.5 49.0 56.0 50.0 51.5 49.5
centres 0 0 720.0 65.9082721420658 -9.609764785677767 30.456280580150242 -0.0 -0.0 41.41463630557302 -0.0 47.87486952456657 47.83302356357099 -27.420649082075464 17.39200530611153 -0.0 -0.0 -0.0 -0.0 13.60818776783846 -12.641643918218918 14.717082573368867 -21.68442087022536 -0.0 -0.0 -0.0 -0.0 -27.406612645597047 -15.561267905468208 -0.0 -0.0 -0.0 -0.0 -0.0 -0.0 52.96851073600134 20.343180027953743 -0.0 -0.0 -0.0 -0.0 -0.0 -0.0 -0.0 -0.0 -0.0 -0.0 -0.0 -0.0 -0.0 -0.0 -0.0 -0.0 -0.0 -0.0 -0.0 -0.0 -0.0 -0.0 -0.0 -0.0 -0.0 -0.0 -0.0 -0.0 -0.0 -0.0 1024.0 -219.9082721420658 -9.609764785677767 14.45628058015024 -0.0 -29.847566387499917 -0.0 -0.0 -59.87486952456656 35.83302356357099 -0.0 -17.39200530611153 -0.0 -0.0 -0.0 -0.0 13.60818776783846 -0.0 -0.0 21.68442087022536 -0.0 -0.0 -0.0 -0.0 13.406612645597047 -15.561267905468208 -0.0 -0.0 -0.0 -0.0 -0.0 -0.0 -16.968510736001342 20.343180027953743 -0.0 -0.0 -0.0 -0.0 -0.0 -0.0 -0.0 -0.0 -0.0 -0.0 -0.0 -0.0 -0.0 -0.0 -0.0 -0.0 -0.0 -0.0 -0.0 -0.0 -0.0 -0.0 -0.0 -0.0 -0.0 -0.0 -0.0 -0.0 -0.0 -0.0 1296.0 65.9082721420658 -49.60976478567777 -0.0 -0.0 -0.0 -0.0 -0.0 119.87486952456656 -83.83302356357099 -83.42064908207546 -36.39200530611153 -0.0 -0.0 -0.0 -0.0 -69.60818776783846 12.641643918218918 30.717082573368867 -0.0 -0.0 -0.0 -0.0 -0.0 -13.406612645597047 15.561267905468208 -0.0 -0.0 -0.0 -0.0 -0.0 -0.0 16.968510736001342 -42.34318002795374 -27.60899890843742 -0.0 -0.0 -0.0 -0.0 -0.0 -0.0 -0.0 -0.0 -0.0 -0.0 -0.0 -0.0 -0.0 -0.0 -0.0 -0.0 -0.0 -0.0 -0.0 -0.0 -0.0 -0.0 -0.0 -0.0 -0.0 -0.0 -0.0 -0.0 -0.0
centres 0 1 1200.0 -54.9082721420658 9.609764785677767 -14.45628058015024 -0.0 -0.0 -41.41463630557302 -0.0 -191.87486952456658 -11.83302356357099 13.420649082075466 -0.0 -0.0 -0.0 -0.0 -0.0 -41.60818776783846 64.64164391821892 -30.717082573368867 21.68442087022536 -0.0 -0.0 -0.0 -0.0 -41.40661264559705 -15.561267905468208 -0.0 -0.0 -0.0 -0.0 -0.0 -0.0 16.968510736001342 20.343180027953743 -0.0 -0.0 -0.0 -0.0 -0.0 -0.0 -0.0 -28.421809229314817 -0.0 -0.0 -0.0 -0.0 -0.0 -0.0 -0.0 -0.0 -0.0 -0.0 -0.0 -0.0 -0.0 -0.0 -0.0 -0.0 -0.0 -0.0 -0.0 -0.0 -0.0 -0.0 944.0 186.9082721420658 9.609764785677767 -14.45628058015024 -0.0 -0.0 -0.0 -0.0 71.87486952456656 -143.833023563571 -13.420649082075466 17.39200530611153 -0.0 -0.0 -0.0 -0.0 -13.60818776783846 -129.6416439182189 -0.0 45.68442087022537 -0.0 -0.0 -0.0 -0.0 41.40661264559705 -0.0 -0.0 -0.0 -0.0 -0.0 -0.0 -0.0 -16.968510736001342 -20.343180027953743 -0.0 -0.0 -0.0 -0.0 -0.0 -0.0 19.489240614387302 28.421809229314817 -0.0 -0.0 -0.0 -0.0 -0.0 -0.0 -0.0 -0.0 -0.0 -0.0 -0.0 -0.0 -0.0 -0.0 -0.0 -0.0 -0.0 -0.0 -0.0 -0.0 -0.0 -0.0 720.0 -65.9082721420658 39.60976478567777 -0.0 -0.0 -0.0 -0.0 -0.0 83.87486952456656 107.833023563571 27.420649082075464 17.39200530611153 -0.0 -0.0 -0.0 -0.0 97.60818776783846 12.641643918218918 14.717082573368867 -0.0 -0.0 -0.0 -0.0 -0.0 -27.406612645597047 32.561267905468206 16.416161513124955 21.63948563093744 -0.0 -0.0 -0.0 -0.0 34.96851073600134 -20.343180027953743 -0.0 -0.0 -0.0 -0.0 -0.0 -0.0 -19.489240614387302 -0.0 -0.0 -0.0 -0.0 -0.0 -0.0 -0.0 -0.0 -0.0 -0.0 -0.0 -0.0 -0.0 -0.0 -0.0 -0.0 -0.0 -0.0 -0.0 -0.0 -0.0 -0.0 -0.0
exact-centres 0 0 720.0:0.0 65.9082721420658:-4.798875816524226e-15 -9.609764785677767:-3.100587953184926e-16 30.456280580150242:-1.1104896025476528e-15 0.0:0.0 0.0:0.0 41.41463630557302:2.80676942675683e-16 0.0:0.0 47.87486952456657:-1.9283108119863595e-15 47.83302356357099:-9.1551210535352e-16 -27.420649082075464:-6.512947150445016e-16 17.39200530611153:5.520690754482867e-17 0.0:0.0 0.0:0.0 0.0:0.0 0.0:0.0 13.60818776783846:2.536404820936926e-16 -12.641643918218918:-5.02388409575109e-16 14.717082573368867:1.6144903440995023e-16 -21.684420870225363:1.6657344038214794e-15 0.0:0.0 0.0:0.0 0.0:0.0 0.0:0.0 -27.406612645597047:-7.090122971846131e-16 -15.56126790546821:1.3758927634412702e-16 0.0:0.0 0.0:0.0 0.0:0.0 0.0:0.0 0.0:0.0 0.0:0.0 52.96851073600134:-5.217834923633667e-16 20.343180027953746:-1.1118698397816333e-15 0.0:0.0 0.0:0.0 0.0:0.0 0.0:0.0 0.0:0.0 0.0:0.0 0.0:0.0 0.0:0.0 0.0:0.0 0.0:0.0 0.0:0.0 0.0:0.0 0.0:0.0 0.0:0.0 0.0:0.0 0.0:0.0 0.0:0.0 0.0:0.0 0.0:0.0 0.0:0.0 0.0:0.0 0.0:0.0 0.0:0.0 0.0:0.0 0.0:0.0 0.0:0.0 0.0:0.0 0.0:0.0 0.0:0.0 0.0:0.0 1024.0:0.0 -219.90827214206578:-9.411978898677777e-15 -9.609764785677767:-3.100587953184926e-16 14.45628058015024:6.658672368525975e-16 0.0:0.0 -29.847566387499917:1.3116323614378895e-15 0.0:0.0 0.0:0.0 -59.87486952456657:1.9283108119863595e-15 35.83302356357099:-9.1551210535352e-16 0.0:0.0 -17.39200530611153:-5.520690754482867e-17 0.0:0.0 0.0:0.0 0.0:0.0 0.0:0.0 13.60818776783846:2.536404820936926e-16 0.0:0.0 0.0:0.0 21.684420870225363:-1.6657344038214794e-15 0.0:0.0 0.0:0.0 0.0:0.0 0.0:0.0 13.406612645597047:7.090122971846131e-16 -15.56126790546821:1.3758927634412702e-16 0.0:0.0 0.0:0.0 0.0:0.0 0.0:0.0 0.0:0.0 0.0:0.0 -16.968510736001342:5.217834923633667e-16 20.343180027953746:-1.1118698397816333e-15 0.0:0.0 0.0:0.0 0.0:0.0 0.0:0.0 0.0:0.0 0.0:0.0 0.0:0.0 0.0:0.0 0.0:0.0 0.0:0.0 0.0:0.0 0.0:0.0 0.0:0.0 0.0:0.0 0.0:0.0 0.0:0.0 0.0:0.0 0.0:0.0 0.0:0.0 0.0:0.0 0.0:0.0 0.0:0.0 0.0:0.0 0.0:0.0 0.0:0.0 0.0:0.0 0.0:0.0 0.0:0.0 0.0:0.0 0.0:0.0 1296.0:0.0 65.9082721420658:-4.798875816524226e-15 -49.60976478567777:1.4662980440817578e-15 0.0:0.0 0.0:0.0 0.0:0.0 0.0:0.0 0.0:0.0 119.87486952456656:5.177116545614642e-15 -83.83302356357099:9.1551210535352e-16 -83.42064908207547:6.4541326425565e-15 -36.39200530611153:-5.520690754482867e-17 0.0:0.0 0.0:0.0 0.0:0.0 0.0:0.0 -69.60818776783846:-2.029997321493943e-15 12.641643918218918:5.02388409575109e-16 30.717082573368867:1.6144903440995023e-16 0.0:0.0 0.0:0.0 0.0:0.0 0.0:0.0 0.0:0.0 -13.406612645597047:-7.090122971846131e-16 15.56126790546821:-1.3758927634412702e-16 0.0:0.0 0.0:0.0 0.0:0.0 0.0:0.0 0.0:0.0 0.0:0.0 16.968510736001342:-5.217834923633667e-16 -42.34318002795374:-2.4408438390188678e-15 -27.60899890843742:-1.096003956890278e-15 0.0:0.0 0.0:0.0 0.0:0.0 0.0:0.0 0.0:0.0 0.0:0.0 0.0:0.0 0.0:0.0 0.0:0.0 0.0:0.0 0.0:0.0 0.0:0.0 0.0:0.0 0.0:0.0 0.0:0.0 0.0:0.0 0.0:0.0 0.0:0.0 0.0:0.0 0.0:0.0 0.0:0.0 0.0:0.0 0.0:0.0 0.0:0.0 0.0:0.0 0.0:0.0 0.0:0.0 0.0:0.0 0.0:0.0
exact-centres 0 1 1200.0:0.0 -54.90827214206579:-2.3065515410767755e-15 9.609764785677767:3.100587953184926e-16 -14.45628058015024:-6.658672368525975e-16 0.0:0.0 0.0:0.0 -41.41463630557302:-2.80676942675683e-16 0.0:0.0 -191.87486952456658:9.03373816958736e-15 -11.833023563570988:-8.608447340467306e-16 13.420649082075464:6.512947150445016e-16 0.0:0.0 0.0:0.0 0.0:0.0 0.0:0.0 0.0:0.0 -41.60818776783846:-2.029997321493943e-15 64.64164391821892:5.02388409575109e-16 -30.717082573368867:-1.6144903440995023e-16 21.684420870225363:-1.6657344038214794e-15 0.0:0.0 0.0:0.0 0.0:0.0 0.0:0.0 -41.40661264559705:2.843701381615888e-15 -15.56126790546821:1.3758927634412702e-16 0.0:0.0 0.0:0.0 0.0:0.0 0.0:0.0 0.0:0.0 0.0:0.0 16.968510736001342:-5.217834923633667e-16 20.343180027953746:-1.1118698397816333e-15 0.0:0.0 0.0:0.0 0.0:0.0 0.0:0.0 0.0:0.0 0.0:0.0 0.0:0.0 -28.421809229314817:2.2534488390498236e-16 0.0:0.0 0.0:0.0 0.0:0.0 0.0:0.0 0.0:0.0 0.0:0.0 0.0:0.0 0.0:0.0 0.0:0.0 0.0:0.0 0.0:0.0 0.0:0.0 0.0:0.0 0.0:0.0 0.0:0.0 0.0:0.0 0.0:0.0 0.0:0.0 0.0:0.0 0.0:0.0 0.0:0.0 0.0:0.0 944.0:0.0 186.90827214206578:9.411978898677777e-15 9.609764785677767:3.100587953184926e-16 -14.45628058015024:-6.658672368525975e-16 0.0:0.0 0.0:0.0 0.0:0.0 0.0:0.0 71.87486952456656:5.177116545614642e-15 -143.83302356357098:-1.3295342609848483e-14 -13.420649082075464:-6.512947150445016e-16 17.39200530611153:5.520690754482867e-17 0.0:0.0 0.0:0.0 0.0:0.0 0.0:0.0 -13.60818776783846:-2.536404820936926e-16 -129.64164391821893:1.3708466305626895e-14 0.0:0.0 45.68442087022536:1.8869792749790217e-15 0.0:0.0 0.0:0.0 0.0:0.0 0.0:0.0 41.40661264559705:-2.843701381615888e-15 0.0:0.0 0.0:0.0 0.0:0.0 0.0:0.0 0.0:0.0 0.0:0.0 0.0:0.0 -16.968510736001342:5.217834923633667e-16 -20.343180027953746:1.1118698397816333e-15 0.0:0.0 0.0:0.0 0.0:0.0 0.0:0.0 0.0:0.0 0.0:0.0 19.489240614387302:7.59032739870998e-16 28.421809229314817:-2.2534488390498236e-16 0.0:0.0 0.0:0.0 0.0:0.0 0.0:0.0 0.0:0.0 0.0:0.0 0.0:0.0 0.0:0.0 0.0:0.0 0.0:0.0 0.0:0.0 0.0:0.0 0.0:0.0 0.0:0.0 0.0:0.0 0.0:0.0 0.0:0.0 0.0:0.0 0.0:0.0 0.0:0.0 0.0:0.0 0.0:0.0 720.0:0.0 -65.9082721420658:4.798875816524226e-15 39.60976478567777:-1.4662980440817578e-15 0.0:0.0 0.0:0.0 0.0:0.0 0.0:0.0 0.0:0.0 83.87486952456656:5.177116545614642e-15 107.83302356357099:-9.1551210535352e-16 27.420649082075464:6.512947150445016e-16 17.39200530611153:5.520690754482867e-17 0.0:0.0 0.0:0.0 0.0:0.0 0.0:0.0 97.60818776783846:2.029997321493943e-15 12.641643918218918:5.02388409575109e-16 14.717082573368867:1.6144903440995023e-16 0.0:0.0 0.0:0.0 0.0:0.0 0.0:0.0 0.0:0.0 -27.406612645597047:-7.090122971846131e-16 32.561267905468206:3.4151244024563738e-15 16.416161513124955:-1.0766691666708892e-15 21.63948563093744:-7.732977781024448e-16 0.0:0.0 0.0:0.0 0.0:0.0 0.0:0.0 34.96851073600134:-5.217834923633667e-16 -20.343180027953746:1.1118698397816333e-15 0.0:0.0 0.0:0.0 0.0:0.0 0.0:0.0 0.0:0.0 0.0:0.0 -19.489240614387302:-7.59032739870998e-16 0.0:0.0 0.0:0.0 0.0:0.0 0.0:0.0 0.0:0.0 0.0:0.0 0.0:0.0 0.0:0.0 0.0:0.0 0.0:0.0 0.0:0.0 0.0:0.0 0.0:0.0 0.0:0.0 0.0:0.0 0.0:0.0 0.0:0.0 0.0:0.0 0.0:0.0 0.0:0.0 0.0:0.0 0.0:0.0 0.0:0.0
weights 1 0.0 8.264462809917356e-06 1e-05 3.90625e-06 1.7361111111111112e-06 6.25e-07 3.844675124951942e-07 2.6874496103198064e-07 6.944444444444445e-06 6.944444444444445e-06 5.102040816326531e-06 2.7700831024930747e-06 1.4792899408284024e-06 2.972651605231867e-07 2.7777777777777776e-07 3.305785123966942e-07 5.102040816326531e-06 5.917159763313609e-06 3.90625e-06 1.7361111111111112e-06 6.25e-07 3.0778701138811943e-07 2.1003990758244066e-07 3.1887755102040816e-07 5.102040816326531e-06 3.4602076124567473e-06 2.066115702479339e-06 1.1890606420927469e-06 3.844675124951942e-07 1.321178491214163e-07 1.5625e-07 2.6014568158168575e-07 3.08641975308642e-06 2.066115702479339e-06 7.304601899196494e-07 3.1887755102040816e-07 2.162629757785467e-07 8.4167999326656e-08 9.425959091337543e-08 1.6866250632484398e-07 1.7361111111111112e-06 8.16326530612245e-07 3.305785123966942e-07 2.44140625e-07 1.5241579027587258e-07 9.245562130177515e-08 7.83146683373796e-08 1.1814744801512288e-07 4.1649312786339027e-07 2.44140625e-07 1.643655489809336e-07 1.321178491214163e-07 9.425959091337543e-08 6.830134553650707e-08 6.944444444444444e-08 9.802960494069208e-08 1.9290123456790125e-07 1.1814744801512288e-07 1.1080332409972299e-07 1.0412328196584757e-07 7.971938775510204e-08 1e-07 9.425959091337543e-08 1.0203040506070809e-07
lower 1 0 1240.0 181.5 -75.0 40.0 -12.0 -20.0 -25.5 -30.5 66.0 18.0 -35.0 9.5 -13.0 -29.0 -30.0 -27.5 -91.0 -45.5 8.0 -36.0 -20.0 -28.5 -34.5 -28.0 -35.0 -25.5 -11.0 -14.5 -25.5 -43.5 -40.0 -31.0 9.0 11.0 -18.5 -28.0 -34.0 -54.5 -51.5 -38.5 -36.0 -17.5 -27.5 -32.0 -40.5 -52.0 -56.5 -46.0 -24.5 -32.0 -39.0 -43.5 -51.5 -60.5 -60.0 -50.5 -36.0 -46.0 -47.5 -49.0 -56.0 -50.0 -51.5 -49.5 664.0 27.5 35.0 24.0 -12.0 -20.0 -25.5 -30.5 -30.0 42.0 -7.0 -28.5 -13.0 -29.0 -30.0 -27.5 77.0 -45.5 -8.0 -12.0 -20.0 -28.5 -34.5 -28.0 7.0 -8.5 -11.0 -14.5 -25.5 -43.5 -40.0 -31.0 -27.0 11.0 -18.5 -28.0 -34.0 -54.5 -51.5 -38.5 -12.0 -17.5 -27.5 -32.0 -40.5 -52.0 -56.5 -46.0 -24.5 -32.0 -39.0 -43.5 -51.5 -60.5 -60.0 -50.5 -36.0 -46.0 -47.5 -49.0 -56.0 -50.0 -51.5 -49.5 968.0 -192.5 -25.0 -24.0 -12.0 -20.0 -25.5 -30.5 90.0 -66.0 -77.0 -47.5 -13.0 -29.0 -30.0 -27.5 -21.0 58.5 24.0 12.0 -20.0 -28.5 -34.5 -28.0 -7.0 8.5 11.0 -14.5 -25.5 -43.5 -40.0 -31.0 9.0 -33.0 -55.5 -28.0 -34.0 -54.5 -51.5 -38.5 -12.0 -17.5 -27.5 -32.0 -40.5 -52.0 -56.5 -46.0 -24.5 -32.0 -39.0 -43.5 -51.5 -60.5 -60.0 -50.5 -36.0 -46.0 -47.5 -49.0 -56.0 -50.0 -51.5 -49.5
lower 1 1 872.0 -93.5 45.0 -40.0 -12.0 -20.0 -25.5 -30.5 78.0 66.0 -21.0 -9.5 -13.0 -29.0 -30.0 -27.5 7.0 71.5 -56.0 12.0 -20.0 -28.5 -34.5 -28.0 -35.0 -25.5 11.0 -14.5 -25.5 -43.5 -40.0 -31.0 9.0 33.0 -55.5 -28.0 -34.0 -54.5 -51.5 -38.5 -12.0 -52.5 -27.5 -32.0 -40.5 -52.0 -56.5 -46.0 24.5 -32.0 -39.0 -43.5 -51.5 -60.5 -60.0 -50.5 -36.0 -46.0 -47.5 -49.0 -56.0 -50.0 -51.5 -49.5 1096.0 27.5 -15.0 -24.0 -12.0 -20.0 -25.5 -30.5 -138.0 -18.0 21.0 28.5 -13.0 -29.0 -30.0 -27.5 -49.0 -110.5 -8.0 12.0 -20.0 -28.5 -34.5 -28.0 7.0 -25.5 -11.0 -14.5 -25.5 -43.5 -40.0 -31.0 -27.0 -33.0 -18.5 -28.0 -34.0 -54.5 -51.5 -38.5 12.0 17.5 -27.5 -32.0 -40.5 -52.0 -56.5 -46.0 -24.5 -32.0 -39.0 -43.5 -51.5 -60.5 -60.0 -50.5 -36.0 -46.0 -47.5 -49.0 -56.0 -50.0 -51.5 -49.5 936.0 49.5 5.0 8.0 -12.0 -20.0 -25.5 -30.5 -78.0 -54.0 49.0 9.5 -13.0 -29.0 -30.0 -27.5 63.0 -6.5 8.0 -12.0 -20.0 -28.5 -34.5 -28.0 -49.0 8.5 11.0 -14.5 -25.5 -43.5 -40.0 -31.0 27.0 -33.0 -18.5 -28.0 -34.0 -54.5 -51.5 -38.5 -60.0 -17.5 -27.5 -32.0 -40.5 -52.0 -56.5 -46.0 -24.5 -32.0 -39.0 -43.5 -51.5 -60.5 -60.0 -50.5 -36.0 -46.0 -47.5 -49.0 -56.0 -50.0 -51.5 -49.5
upper 1 0 1256.0 192.5 -65.0 56.0 12.0 20.0 25.5 30.5 78.0 30.0 -21.0 28.5 13.0 29.0 30.0 27.5 -77.0 -32.5 24.0 -12.0 20.0 28.5 34.5 28.0 -21.0 -8.5 11.0 14.5 25.5 43.5 40.0 31.0 27.0 33.0 18.5 28.0 34.0 54.5 51.5 38.5 -12.0 17.5 27.5 32.0 40.5 52.0 56.5 46.0 24.5 32.0 39.0 43.5 51.5 60.5 60.0 50.5 36.0 46.0 47.5 49.0 56.0 50.0 51.5 49.5 680.0 38.5 45.0 40.0 12.0 20.0 25.5 30.5 -18.0 54.0 7.0 -9.5 13.0 29.0 30.0 27.5 91.0 -32.5 8.0 12.0 20.0 28.5 34.5 28.0 21.0 8.5 11.0 14.5 25.5 43.5 40.0 31.0 -9.0 33.0 18.5 28.0 34.0 54.5 51.5 38.5 12.0 17.5 27.5 32.0 40.5 52.0 56.5 46.0 24.5 32.0 39.0 43.5 51.5 60.5 60.0 50.5 36.0 46.0 47.5 49.0 56.0 50.0 51.5 49.5 984.0 -181.5 -15.0 -8.0 12.0 20.0 25.5 30.5 102.0 -54.0 -63.0 -28.5 13.0 29.0 30.0 27.5 -7.0 71.5 40.0 36.0 20.0 28.5 34.5 28.0 7.0 25.5 33.0 14.5 25.5 43.5 40.0 31.0 27.0 -11.0 -18.5 28.0 34.0 54.5 51.5 38.5 12.0 17.5 27.5 32.0 40.5 52.0 56.5 46.0 24.5 32.0 39.0 43.5 51.5 60.5 60.0 50.5 36.0 46.0 47.5 49.0 56.0 50.0 51.5 49.5
upper 1 1 888.0 -82.5 55.0 -24.0 12.0 20.0 25.5 30.5 90.0 78.0 -7.0 9.5 13.0 29.0 30.0 27.5 21.0 84.5 -40.0 36.0 20.0 28.5 34.5 28.0 -21.0 -8.5 33.0 14.5 25.5 43.5 40.0 31.0 27.0 55.0 -18.5 28.0 34.0 54.5 51.5 38.5 12.0 -17.5 27.5 32.0 40.5 52.0 56.5 46.0 73.5 32.0 39.0 43.5 51.5 60.5 60.0 50.5 36.0 46.0 47.5 49.0 56.0 50.0 51.5 49.5 1112.0 38.5 -5.0 -8.0 12.0 20.0 25.5 30.5 -126.0 -6.0 35.0 47.5 13.0 29.0 30.0 27.5 -35.0 -97.5 8.0 36.0 20.0 28.5 34.5 28.0 21.0 -8.5 11.0 14.5 25.5 43.5 40.0 31.0 -9.0 -11.0 18.5 28.0 34.0 54.5 51.5 38.5 36.0 52.5 27.5 32.0 40.5 52.0 56.5 46.0 24.5 32.0 39.0 43.5 51.5 60.5 60.0 50.5 36.0 46.0 47.5 49.0 56.0 50.0 51.5 49.5 952.0 60.5 15.0 24.0 12.0 20.0 25.5 30.5 -66.0 -42.0 63.0 28.5 13.0 29.0 30.0 27.5 77.0 6.5 24.0 12.0 20.0 28.5 34.5 28.0 -35.0 25.5 33.0 14.5 25.5 43.5 40.0 31.0 45.0 -11.0 18.5 28.0 34.0 54.5 51.5 38.5 -36.0 17.5 27.5 32.0 40.5 52.0 56.5 46.0 24.5 32.0 39.0 43.5 51.5 60.5 60.0 50.5 36.0 46.0 47.5 49.0 56.0 50.0 51.5 49.5
centres 1 0 1248.0 186.89613760218558 -69.74848205921849 47.17983834097825 -0.0 -0.0 -0.0 -0.0 71.84977433462547 23.72590702722477 -27.503774946106873 17.63495518018332 -0.0 -0.0 -0.0 -0.0 -83.68022486509557 -38.74175149342861 14.900100225156558 -21.072340386650517 -0.0 -0.0 -0.0 -0.0 -27.224449691602665 -15.241003876406042 -0.0 -0.0 -0.0 -0.0 -0.0 -0.0 16.644420022871245 20.343180027953743 -0.0 -0.0 -0.0 -0.0 -0.0 -0.0 -21.312340490667562 -0.0 -0.0 -0.0 -0.0 -0.0 -0.0 -0.0 -0.0 -0.0 -0.0 -0.0 -0.0 -0.0 -0.0 -0.0 -0.0 -0.0 -0.0 -0.0 -0.0 -0.0 -0.0 -0.0 672.0 32.896137602185576 39.74848205921849 31.17983834097825 -0.0 -0.0 -0.0 -0.0 -23.84977433462546 47.725907027224764 -0.0 -17.63495518018332 -0.0 -0.0 -0.0 -0.0 83.68022486509557 -38.74175149342861 -0.0 -0.0 -0.0 -0.0 -0.0 -0.0 13.224449691602665 -0.0 -0.0 -0.0 -0.0 -0.0 -0.0 -0.0 -16.644420022871245 20.343180027953743 -0.0 -0.0 -0.0 -0.0 -0.0 -0.0 -0.0 -0.0 -0.0 -0.0 -0.0 -0.0 -0.0 -0.0 -0.0 -0.0 -0.0 -0.0 -0.0 -0.0 -0.0 -0.0 -0.0 -0.0 -0.0 -0.0 -0.0 -0.0 -0.0 -0.0 976.0 -186.89613760218558 -19.74848205921849 -15.179838340978252 -0.0 -0.0 -0.0 -0.0 95.84977433462547 -59.725907027224764 -69.50377494610687 -36.63495518018332 -0.0 -0.0 -0.0 -0.0 -13.680224865095564 64.74175149342861 30.900100225156557 21.072340386650517 -0.0 -0.0 -0.0 -0.0 -0.0 15.241003876406042 18.73876360378447 -0.0 -0.0 -0.0 -0.0 -0.0 16.644420022871245 -20.343180027953743 -30.04591261384709 -0.0 -0.0 -0.0 -0.0 -0.0 -0.0 -0.0 -0.0 -0.0 -0.0 -0.0 -0.0 -0.0 -0.0 -0.0 -0.0 -0.0 -0.0 -0.0 -0.0 -0.0 -0.0 -0.0 -0.0 -0.0 -0.0 -0.0 -0.0 -0.0
centres 1 1 880.0 -87.89613760218558 49.74848205921849 -31.17983834097825 -0.0 -0.0 -0.0 -0.0 83.84977433462547 71.72590702722476 -13.503774946106873 -0.0 -0.0 -0.0 -0.0 -0.0 13.680224865095564 77.74175149342861 -46.90010022515656 21.072340386650517 -0.0 -0.0 -0.0 -0.0 -27.224449691602665 -15.241003876406042 18.73876360378447 -0.0 -0.0 -0.0 -0.0 -0.0 16.644420022871245 42.34318002795374 -30.04591261384709 -0.0 -0.0 -0.0 -0.0 -0.0 -0.0 -28.421809229314817 -0.0 -0.0 -0.0 -0.0 -0.0 -0.0 36.5632688246874 -0.0 -0.0 -0.0 -0.0 -0.0 -0.0 -0.0 -0.0 -0.0 -0.0 -0.0 -0.0 -0.0 -0.0 -0.0 1104.0 32.896137602185576 -9.748482059218489 -15.179838340978252 -0.0 -0.0 -0.0 -0.0 -131.84977433462547 -11.72590702722477 27.503774946106873 36.63495518018332 -0.0 -0.0 -0.0 -0.0 -41.68022486509556 -103.74175149342861 -0.0 21.072340386650517 -0.0 -0.0 -0.0 -0.0 13.224449691602665 -15.241003876406042 -0.0 -0.0 -0.0 -0.0 -0.0 -0.0 -16.644420022871245 -20.343180027953743 -0.0 -0.0 -0.0 -0.0 -0.0 -0.0 21.312340490667562 28.421809229314817 -0.0 -0.0 -0.0 -0.0 -0.0 -0.0 -0.0 -0.0 -0.0 -0.0 -0.0 -0.0 -0.0 -0.0 -0.0 -0.0 -0.0 -0.0 -0.0 -0.0 -0.0 -0.0 944.0 54.896137602185576 9.748482059218489 15.179838340978252 -0.0 -0.0 -0.0 -0.0 -71.84977433462547 -47.725907027224764 55.50377494610687 17.63495518018332 -0.0 -0.0 -0.0 -0.0 69.68022486509557 -0.0 14.900100225156558 -0.0 -0.0 -0.0 -0.0 -0.0 -41.224449691602665 15.241003876406042 18.73876360378447 -0.0 -0.0 -0.0 -0.0 -0.0 34.644420022871245 -20.343180027953743 -0.0 -0.0 -0.0 -0.0 -0.0 -0.0 -45.312340490667566 -0.0 -0.0 -0.0 -0.0 -0.0 -0.0 -0.0 -0.0 -0.0 -0.0 -0.0 -0.0 -0.0 -0.0 -0.0 -0.0 -0.0 -0.0 -0.0 -0.0 -0.0 -0.0 -0.0
exact-centres 1 0 1248.0:0.0 186.89613760218558:-1.1785506638214273e-15 -69.74848205921849:9.3612902225783e-16 47.17983834097825:1.208594419118268e-15 0.0:0.0 0.0:0.0 0.0:0.0 0.0:0.0 71.84977433462547:-3.855483293995531e-15 23.72590702722477:-1.7135119306408082e-15 -27.503774946106873:-6.505963454258105e-16 17.63495518018332:3.59395461179674e-16 0.0:0.0 0.0:0.0 0.0:0.0 0.0:0.0 -83.68022486509557:3.1833351453477767e-15 -38.74175149342861:1.9858069384992536e-15 14.900100225156558:-2.4415374336549825e-16 -21.072340386650513:-1.7454349578761268e-15 0.0:0.0 0.0:0.0 0.0:0.0 0.0:0.0 -27.224449691602665:-4.924940548693168e-18 -15.24100387640604:8.194979906981316e-17 0.0:0.0 0.0:0.0 0.0:0.0 0.0:0.0 0.0:0.0 0.0:0.0 16.644420022871245:1.351106108506255e-15 20.343180027953746:-1.1118698397816333e-15 0.0:0.0 0.0:0.0 0.0:0.0 0.0:0.0 0.0:0.0 0.0:0.0 -21.312340490667562:1.532093554509078e-15 0.0:0.0 0.0:0.0 0.0:0.0 0.0:0.0 0.0:0.0 0.0:0.0 0.0:0.0 0.0:0.0 0.0:0.0 0.0:0.0 0.0:0.0 0.0:0.0 0.0:0.0 0.0:0.0 0.0:0.0 0.0:0.0 0.0:0.0 0.0:0.0 0.0:0.0 0.0:0.0 0.0:0.0 0.0:0.0 0.0:0.0 672.0:0.0 32.896137602185576:-1.1785506638214273e-15 39.74848205921849:-9.3612902225783e-16 31.17983834097825:1.208594419118268e-15 0.0:0.0 0.0:0.0 0.0:0.0 0.0:0.0 -23.84977433462546:3.0276961519503014e-16 47.72590702722477:-1.7135119306408082e-15 0.0:0.0 -17.63495518018332:-3.59395461179674e-16 0.0:0.0 0.0:0.0 0.0:0.0 0.0:0.0 83.68022486509557:-3.1833351453477767e-15 -38.74175149342861:1.9858069384992536e-15 0.0:0.0 0.0:0.0 0.0:0.0 0.0:0.0 0.0:0.0 0.0:0.0 13.224449691602665:4.924940548693168e-18 0.0:0.0 0.0:0.0 0.0:0.0 0.0:0.0 0.0:0.0 0.0:0.0 0.0:0.0 -16.644420022871245:-1.351106108506255e-15 20.343180027953746:-1.1118698397816333e-15 0.0:0.0 0.0:0.0 0.0:0.0 0.0:0.0 0.0:0.0 0.0:0.0 0.0:0.0 0.0:0.0 0.0:0.0 0.0:0.0 0.0:0.0 0.0:0.0 0.0:0.0 0.0:0.0 0.0:0.0 0.0:0.0 0.0:0.0 0.0:0.0 0.0:0.0 0.0:0.0 0.0:0.0 0.0:0.0 0.0:0.0 0.0:0.0 0.0:0.0 0.0:0.0 0.0:0.0 0.0:0.0 0.0:0.0 0.0:0.0 976.0:0.0 -186.89613760218558:1.1785506638214273e-15 -19.74848205921849:9.3612902225783e-16 -15.179838340978252:5.677624202819825e-16 0.0:0.0 0.0:0.0 0.0:0.0 0.0:0.0 95.84977433462547:-3.855483293995531e-15 -59.72590702722477:1.7135119306408082e-15 -69.50377494610687:-6.505963454258105e-16 -36.63495518018332:-3.59395461179674e-16 0.0:0.0 0.0:0.0 0.0:0.0 0.0:0.0 -13.680224865095564:-3.6937853345272424e-16 64.74175149342861:-1.9858069384992536e-15 30.900100225156557:1.5322030960347522e-15 21.072340386650513:1.7454349578761268e-15 0.0:0.0 0.0:0.0 0.0:0.0 0.0:0.0 0.0:0.0 15.24100387640604:-8.194979906981316e-17 18.738763603784474:-1.1535015471771508e-15 0.0:0.0 0.0:0.0 0.0:0.0 0.0:0.0 0.0:0.0 16.644420022871245:1.351106108506255e-15 -20.343180027953746:1.1118698397816333e-15 -30.045912613847094:1.0502705752825245e-15 0.0:0.0 0.0:0.0 0.0:0.0 0.0:0.0 0.0:0.0 0.0:0.0 0.0:0.0 0.0:0.0 0.0:0.0 0.0:0.0 0.0:0.0 0.0:0.0 0.0:0.0 0.0:0.0 0.0:0.0 0.0:0.0 0.0:0.0 0.0:0.0 0.0:0.0 0.0:0.0 0.0:0.0 0.0:0.0 0.0:0.0 0.0:0.0 0.0:0.0 0.0:0.0 0.0:0.0 0.0:0.0 0.0:0.0
exact-centres 1 1 880.0:0.0 -87.89613760218558:1.1785506638214273e-15 49.74848205921849:-9.3612902225783e-16 -31.17983834097825:-1.208594419118268e-15 0.0:0.0 0.0:0.0 0.0:0.0 0.0:0.0 83.84977433462547:-3.855483293995531e-15 71.72590702722476:5.3919154269601934e-15 -13.503774946106873:-6.505963454258105e-16 0.0:0.0 0.0:0.0 0.0:0.0 0.0:0.0 0.0:0.0 13.680224865095564:3.6937853345272424e-16 77.74175149342861:-1.9858069384992536e-15 -46.90010022515656:-1.5322030960347522e-15 21.072340386650513:1.7454349578761268e-15 0.0:0.0 0.0:0.0 0.0:0.0 0.0:0.0 -27.224449691602665:-4.924940548693168e-18 -15.24100387640604:8.194979906981316e-17 18.738763603784474:-1.1535015471771508e-15 0.0:0.0 0.0:0.0 0.0:0.0 0.0:0.0 0.0:0.0 16.644420022871245:1.351106108506255e-15 42.34318002795374:2.4408438390188678e-15 -30.045912613847094:1.0502705752825245e-15 0.0:0.0 0.0:0.0 0.0:0.0 0.0:0.0 0.0:0.0 0.0:0.0 -28.421809229314817:2.2534488390498236e-16 0.0:0.0 0.0:0.0 0.0:0.0 0.0:0.0 0.0:0.0 0.0:0.0 36.5632688246874:-1.4291139588213895e-15 0.0:0.0 0.0:0.0 0.0:0.0 0.0:0.0 0.0:0.0 0.0:0.0 0.0:0.0 0.0:0.0 0.0:0.0 0.0:0.0 0.0:0.0 0.0:0.0 0.0:0.0 0.0:0.0 0.0:0.0 1104.0:0.0 32.896137602185576:-1.1785506638214273e-15 -9.748482059218487:-8.402278171424204e-16 -15.179838340978252:5.677624202819825e-16 0.0:0.0 0.0:0.0 0.0:0.0 0.0:0.0 -131.84977433462547:3.855483293995531e-15 -11.72590702722477:-6.284490875944215e-17 27.503774946106873:6.505963454258105e-16 36.63495518018332:3.59395461179674e-16 0.0:0.0 0.0:0.0 0.0:0.0 0.0:0.0 -41.68022486509557:3.1833351453477767e-15 -103.74175149342861:1.9858069384992536e-15 0.0:0.0 21.072340386650513:1.7454349578761268e-15 0.0:0.0 0.0:0.0 0.0:0.0 0.0:0.0 13.224449691602665:4.924940548693168e-18 -15.24100387640604:8.194979906981316e-17 0.0:0.0 0.0:0.0 0.0:0.0 0.0:0.0 0.0:0.0 0.0:0.0 -16.644420022871245:-1.351106108506255e-15 -20.343180027953746:1.1118698397816333e-15 0.0:0.0 0.0:0.0 0.0:0.0 0.0:0.0 0.0:0.0 0.0:0.0 21.312340490667562:-1.532093554509078e-15 28.421809229314817:-2.2534488390498236e-16 0.0:0.0 0.0:0.0 0.0:0.0 0.0:0.0 0.0:0.0 0.0:0.0 0.0:0.0 0.0:0.0 0.0:0.0 0.0:0.0 0.0:0.0 0.0:0.0 0.0:0.0 0.0:0.0 0.0:0.0 0.0:0.0 0.0:0.0 0.0:0.0 0.0:0.0 0.0:0.0 0.0:0.0 0.0:0.0 944.0:0.0 54.896137602185576:-1.1785506638214273e-15 9.748482059218487:8.402278171424204e-16 15.179838340978252:-5.677624202819825e-16 0.0:0.0 0.0:0.0 0.0:0.0 0.0:0.0 -71.84977433462547:3.855483293995531e-15 -47.72590702722477:1.7135119306408082e-15 55.50377494610687:6.505963454258105e-16 17.63495518018332:3.59395461179674e-16 0.0:0.0 0.0:0.0 0.0:0.0 0.0:0.0 69.68022486509557:-3.1833351453477767e-15 0.0:0.0 14.900100225156558:-2.4415374336549825e-16 0.0:0.0 0.0:0.0 0.0:0.0 0.0:0.0 0.0:0.0 -41.224449691602665:-4.924940548693168e-18 15.24100387640604:-8.194979906981316e-17 18.738763603784474:-1.1535015471771508e-15 0.0:0.0 0.0:0.0 0.0:0.0 0.0:0.0 0.0:0.0 34.644420022871245:1.351106108506255e-15 -20.343180027953746:1.1118698397816333e-15 0.0:0.0 0.0:0.0 0.0:0.0 0.0:0.0 0.0:0.0 0.0:0.0 -45.31234049066756:-2.0206201242914227e-15 0.0:0.0 0.0:0.0 0.0:0.0 0.0:0.0 0.0:0.0 0.0:0.0 0.0:0.0 0.0:0.0 0.0:0.0 0.0:0.0 0.0:0.0 0.0:0.0 0.0:0.0 0.0:0.0 0.0:0.0 0.0:0.0 0.0:0.0 0.0:0.0 0.0:0.0 0.0:0.0 0.0:0.0 0.0:0.0 0.0:0.0
weights 2 0.0 8.264462809917356e-06 1e-05 3.90625e-06 1.7361111111111112e-06 6.25e-07 3.844675124951942e-07 2.6874496103198064e-07 6.944444444444445e-06 6.944444444444445e-06 5.102040816326531e-06 2.7700831024930747e-06 1.4792899408284024e-06 2.972651605231867e-07 2.7777777777777776e-07 3.305785123966942e-07 5.102040816326531e-06 5.917159763313609e-06 3.90625e-06 1.7361111111111112e-06 6.25e-07 3.0778701138811943e-07 2.1003990758244066e-07 3.1887755102040816e-07 5.102040816326531e-06 3.4602076124567473e-06 2.066115702479339e-06 1.1890606420927469e-06 3.844675124951942e-07 1.321178491214163e-07 1.5625e-07 2.6014568158168575e-07 3.08641975308642e-06 2.066115702479339e-06 7.304601899196494e-07 3.1887755102040816e-07 2.162629757785467e-07 8.4167999326656e-08 9.425959091337543e-08 1.6866250632484398e-07 1.7361111111111112e-06 8.16326530612245e-07 3.305785123966942e-07 2.44140625e-07 1.5241579027587258e-07 9.245562130177515e-08 7.83146683373796e-08 1.1814744801512288e-07 4.1649312786339027e-07 2.44140625e-07 1.643655489809336e-07 1.321178491214163e-07 9.425959091337543e-08 6.830134553650707e-08 6.944444444444444e-08 9.802960494069208e-08 1.9290123456790125e-07 1.1814744801512288e-07 1.1080332409972299e-07 1.0412328196584757e-07 7.971938775510204e-08 1e-07 9.425959091337543e-08 1.0203040506070809e-07
lower 2 0 1032.0 60.5 -65.0 8.0 -12.0 -20.0 -25.5 -30.5 318.0 30.0 -77.0 9.5 -13.0 -29.0 -30.0 -27.5 -63.0 -32.5 -8.0 -12.0 -20.0 -28.5 -34.5 -28.0 -7.0 -25.5 -11.0 -43.5 -25.5 -43.5 -40.0 -31.0 27.0 11.0 -18.5 -28.0 -34.0 -54.5 -51.5 -38.5 -12.0 -17.5 -27.5 -32.0 -40.5 -52.0 -56.5 -46.0 -24.5 -32.0 -39.0 -43.5 -51.5 -60.5 -60.0 -50.5 -36.0 -46.0 -47.5 -49.0 -56.0 -50.0 -51.5 -49.5 920.0 -60.5 5.0 8.0 -12.0 -20.0 -25.5 -30.5 -126.0 186.0 7.0 -28.5 -13.0 -29.0 -30.0 -27.5 21.0 -32.5 -8.0 -12.0 -20.0 -28.5 -34.5 -28.0 7.0 -8.5 -11.0 -14.5 -25.5 -43.5 -40.0 -31.0 -27.0 11.0 -18.5 -28.0 -34.0 -54.5 -51.5 -38.5 -12.0 -17.5 -27.5 -32.0 -40.5 -52.0 -56.5 -46.0 -24.5 -32.0 -39.0 -43.5 -51.5 -60.5 -60.0 -50.5 -36.0 -46.0 -47.5 -49.0 -56.0 -50.0 -51.5 -49.5 1048.0 -38.5 -25.0 -24.0 -12.0 -20.0 -25.5 -30.5 -126.0 -150.0 -49.0 -47.5 -13.0 -29.0 -30.0 -27.5 -35.0 32.5 24.0 -12.0 -20.0 -28.5 -34.5 -28.0 -21.0 8.5 11.0 -14.5 -25.5 -43.5 -40.0 -31.0 9.0 -33.0 -18.5 -28.0 -34.0 -54.5 -51.5 -38.5 -12.0 -17.5 -27.5 -32.0 -40.5 -52.0 -56.5 -46.0 -24.5 -32.0 -39.0 -43.5 -51.5 -60.5 -60.0 -50.5 -36.0 -46.0 -47.5 -49.0 -56.0 -50.0 -51.5 -49.5
lower 2 1 680.0 -49.5 75.0 -24.0 12.0 -20.0 -25.5 -30.5 -174.0 6.0 7.0 -9.5 -13.0 -29.0 -30.0 -27.5 49.0 58.5 -72.0 12.0 -20.0 -28.5 -34.5 -28.0 -49.0 -25.5 11.0 -14.5 -25.5 -43.5 -40.0 -31.0 27.0 11.0 -55.5 -28.0 -34.0 -54.5 -51.5 -38.5 -12.0 -52.5 -27.5 -32.0 -40.5 -52.0 -56.5 -46.0 -24.5 -32.0 -39.0 -43.5 -51.5 -60.5 -60.0 -50.5 -36.0 -46.0 -47.5 -49.0 -56.0 -50.0 -51.5 -49.5 1064.0 -93.5 -15.0 -40.0 -12.0 -20.0 -25.5 -30.5 30.0 -150.0 -7.0 28.5 -13.0 -29.0 -30.0 -27.5 -35.0 -84.5 -8.0 12.0 -20.0 -85.5 -34.5 -28.0 21.0 -8.5 -11.0 -14.5 -25.5 -43.5 -40.0 -31.0 -45.0 -11.0 -18.5 -28.0 -34.0 -54.5 -51.5 -38.5 -12.0 17.5 -27.5 -32.0 -40.5 -52.0 -56.5 -46.0 -24.5 -32.0 -39.0 -43.5 -51.5 -60.5 -60.0 -50.5 -36.0 -46.0 -47.5 -49.0 -56.0 -50.0 -51.5 -49.5 1144.0 71.5 -35.0 8.0 -12.0 -20.0 -25.5 -30.5 78.0 78.0 21.0 9.5 -13.0 -29.0 -30.0 -27.5 21.0 -6.5 8.0 -12.0 -20.0 -28.5 -34.5 -28.0 -35.0 25.5 11.0 -14.5 -25.5 -43.5 -40.0 -31.0 27.0 -33.0 -18.5 -28.0 -34.0 -54.5 -51.5 -38.5 -36.0 -17.5 -27.5 -32.0 -40.5 -52.0 -56.5 -46.0 -24.5 -32.0 -39.0 -43.5 -51.5 -60.5 -60.0 -50.5 -36.0 -46.0 -47.5 -49.0 -56.0 -50.0 -51.5 -49.5
upper 2 0 1048.0 71.5 -55.0 24.0 12.0 20.0 25.5 30.5 330.0 42.0 -63.0 28.5 13.0 29.0 30.0 27.5 -49.0 -19.5 8.0 12.0 20.0 28.5 34.5 28.0 7.0 -8.5 11.0 -14.5 25.5 43.5 40.0 31.0 45.0 33.0 18.5 28.0 34.0 54.5 51.5 38.5 12.0 17.5 27.5 32.0 40.5 52.0 56.5 46.0 24.5 32.0 39.0 43.5 51.5 60.5 60.0 50.5 36.0 46.0 47.5 49.0 56.0 50.0 51.5 49.5 936.0 -49.5 15.0 24.0 12.0 20.0 25.5 30.5 -114.0 198.0 21.0 -9.5 13.0 29.0 30.0 27.5 35.0 -19.5 8.0 12.0 20.0 28.5 34.5 28.0 21.0 8.5 11.0 14.5 25.5 43.5 40.0 31.0 -9.0 33.0 18.5 28.0 34.0 54.5 51.5 38.5 12.0 17.5 27.5 32.0 40.5 52.0 56.5 46.0 24.5 32.0 39.0 43.5 51.5 60.5 60.0 50.5 36.0 46.0 47.5 49.0 56.0 50.0 51.5 49.5 1064.0 -27.5 -15.0 -8.0 12.0 20.0 25.5 30.5 -114.0 -138.0 -35.0 -28.5 13.0 29.0 30.0 27.5 -21.0 45.5 40.0 12.0 20.0 28.5 34.5 28.0 -7.0 25.5 33.0 14.5 25.5 43.5 40.0 31.0 27.0 -11.0 18.5 28.0 34.0 54.5 51.5 38.5 12.0 17.5 27.5 32.0 40.5 52.0 56.5 46.0 24.5 32.0 39.0 43.5 51.5 60.5 60.0 50.5 36.0 46.0 47.5 49.0 56.0 50.0 51.5 49.5
upper 2 1 696.0 -38.5 85.0 -8.0 36.0 20.0 25.5 30.5 -162.0 18.0 21.0 9.5 13.0 29.0 30.0 27.5 63.0 71.5 -56.0 36.0 20.0 28.5 34.5 28.0 -35.0 -8.5 33.0 14.5 25.5 43.5 40.0 31.0 45.0 33.0 -18.5 28.0 34.0 54.5 51.5 38.5 12.0 -17.5 27.5 32.0 40.5 52.0 56.5 46.0 24.5 32.0 39.0 43.5 51.5 60.5 60.0 50.5 36.0 46.0 47.5 49.0 56.0 50.0 51.5 49.5 1080.0 -82.5 -5.0 -24.0 12.0 20.0 25.5 30.5 42.0 -138.0 7.0 47.5 13.0 29.0 30.0 27.5 -21.0 -71.5 8.0 36.0 20.0 -28.5 34.5 28.0 35.0 8.5 11.0 14.5 25.5 43.5 40.0 31.0 -27.0 11.0 18.5 28.0 34.0 54.5 51.5 38.5 12.0 52.5 27.5 32.0 40.5 52.0 56.5 46.0 24.5 32.0 39.0 43.5 51.5 60.5 60.0 50.5 36.0 46.0 47.5 49.0 56.0 50.0 51.5 49.5 1160.0 82.5 -25.0 24.0 12.0 20.0 25.5 30.5 90.0 90.0 35.0 28.5 13.0 29.0 30.0 27.5 35.0 6.5 24.0 12.0 20.0 28.5 34.5 28.0 -21.0 42.5 33.0 14.5 25.5 43.5 40.0 31.0 45.0 -11.0 18.5 28.0 34.0 54.5 51.5 38.5 -12.0 17.5 27.5 32.0 40.5 52.0 56.5 46.0 24.5 32.0 39.0 43.5 51.5 60.5 60.0 50.5 36.0 46.0 47.5 49.0 56.0 50.0 51.5 49.5
centres 2 0 1040.0 65.83296442521785 -59.760594967822065 14.795040020329996 -0.0 -0.0 -0.0 -0.0 323.91545268661116 35.88224418844514 -69.42064908207546 17.63495518018332 -0.0 -0.0 -0.0 -0.0 -55.558321139596075 -25.641643918218918 -0.0 -0.0 -0.0 -0.0 -0.0 -0.0 -0.0 -15.35979811640963 -0.0 -21.63948563093744 -0.0 -0.0 -0.0 -0.0 35.07731813360053 19.723652075348994 -0.0 -0.0 -0.0 -0.0 -0.0 -0.0 -0.0 -0.0 -0.0 -0.0 -0.0 -0.0 -0.0 -0.0 -0.0 -0.0 -0.0 -0.0 -0.0 -0.0 -0.0 -0.0 -0.0 -0.0 -0.0 -0.0 -0.0 -0.0 -0.0 -0.0 928.0 -54.83296442521785 9.760594967822069 14.795040020329996 -0.0 -0.0 -0.0 -0.0 -119.9154526866111 191.88224418844516 13.420649082075466 -17.63495518018332 -0.0 -0.0 -0.0 -0.0 27.558321139596075 -25.641643918218918 -0.0 -0.0 -0.0 -0.0 -0.0 -0.0 13.224449691602665 -0.0 -0.0 -0.0 -0.0 -0.0 -0.0 -0.0 -17.077318133600535 19.723652075348994 -0.0 -0.0 -0.0 -0.0 -0.0 -0.0 -0.0 -0.0 -0.0 -0.0 -0.0 -0.0 -0.0 -0.0 -0.0 -0.0 -0.0 -0.0 -0.0 -0.0 -0.0 -0.0 -0.0 -0.0 -0.0 -0.0 -0.0 -0.0 -0.0 -0.0 1056.0 -32.83296442521785 -19.76059496782207 -14.795040020329996 -0.0 -0.0 -0.0 -0.0 -119.9154526866111 -143.88224418844516 -41.420649082075464 -36.63495518018332 -0.0 -0.0 -0.0 -0.0 -27.558321139596075 38.64164391821892 30.94485852339074 -0.0 -0.0 -0.0 -0.0 -0.0 -13.224449691602665 15.35979811640963 18.73876360378447 -0.0 -0.0 -0.0 -0.0 -0.0 17.077318133600535 -19.723652075348994 -0.0 -0.0 -0.0 -0.0 -0.0 -0.0 -0.0 -0.0 -0.0 -0.0 -0.0 -0.0 -0.0 -0.0 -0.0 -0.0 -0.0 -0.0 -0.0 -0.0 -0.0 -0.0 -0.0 -0.0 -0.0 -0.0 -0.0 -0.0 -0.0 -0.0
centres 2 1 688.0 -43.83296442521785 79.76059496782207 -14.795040020329996 17.908539832499947 -0.0 -0.0 -0.0 -167.9154526866111 11.882244188445142 13.420649082075466 -0.0 -0.0 -0.0 -0.0 -0.0 55.558321139596075 64.64164391821892 -62.94485852339074 19.489240614387302 -0.0 -0.0 -0.0 -0.0 -41.224449691602665 -15.35979811640963 18.73876360378447 -0.0 -0.0 -0.0 -0.0 -0.0 35.07731813360053 19.723652075348994 -27.60899890843742 -0.0 -0.0 -0.0 -0.0 -0.0 -0.0 -28.421809229314817 -0.0 -0.0 -0.0 -0.0 -0.0 -0.0 -0.0 -0.0 -0.0 -0.0 -0.0 -0.0 -0.0 -0.0 -0.0 -0.0 -0.0 -0.0 -0.0 -0.0 -0.0 -0.0 1072.0 -87.83296442521785 -9.760594967822069 -30.795040020329996 -0.0 -0.0 -0.0 -0.0 35.91545268661112 -143.88224418844516 -0.0 36.63495518018332 -0.0 -0.0 -0.0 -0.0 -27.558321139596075 -77.64164391821892 -0.0 19.489240614387302 -0.0 -42.532782102187376 -0.0 -0.0 27.224449691602665 -0.0 -0.0 -0.0 -0.0 -0.0 -0.0 -0.0 -35.07731813360053 -0.0 -0.0 -0.0 -0.0 -0.0 -0.0 -0.0 -0.0 28.421809229314817 -0.0 -0.0 -0.0 -0.0 -0.0 -0.0 -0.0 -0.0 -0.0 -0.0 -0.0 -0.0 -0.0 -0.0 -0.0 -0.0 -0.0 -0.0 -0.0 -0.0 -0.0 -0.0 1152.0 76.83296442521785 -29.760594967822065 14.795040020329996 -0.0 -0.0 -0.0 -0.0 83.91545268661112 83.88224418844514 27.420649082075464 17.63495518018332 -0.0 -0.0 -0.0 -0.0 27.558321139596075 -0.0 14.944858523390739 -0.0 -0.0 -0.0 -0.0 -0.0 -27.224449691602665 32.359798116409635 18.73876360378447 -0.0 -0.0 -0.0 -0.0 -0.0 35.07731813360053 -19.723652075348994 -0.0 -0.0 -0.0 -0.0 -0.0 -0.0 -17.908539832499947 -0.0 -0.0 -0.0 -0.0 -0.0 -0.0 -0.0 -0.0 -0.0 -0.0 -0.0 -0.0 -0.0 -0.0 -0.0 -0.0 -0.0 -0.0 -0.0 -0.0 -0.0 -0.0 -0.0
exact-centres 2 0 1040.0:0.0 65.83296442521785:-3.99995649600722e-15 -59.76059496782207:3.3725727862281907e-15 14.795040020329996:8.062372432499489e-16 0.0:0.0 0.0:0.0 0.0:0.0 0.0:0.0 323.9154526866111:1.5983201211521326e-14 35.88224418844514:-1.4790452845802527e-15 -69.42064908207547:6.4541326425565e-15 17.63495518018332:3.59395461179674e-16 0.0:0.0 0.0:0.0 0.0:0.0 0.0:0.0 -55.558321139596075:9.916297428701069e-16 -25.641643918218918:-5.02388409575109e-16 0.0:0.0 0.0:0.0 0.0:0.0 0.0:0.0 0.0:0.0 0.0:0.0 0.0:0.0 -15.359798116409632:7.358059928568186e-16 0.0:0.0 -21.63948563093744:7.732977781024448e-16 0.0:0.0 0.0:0.0 0.0:0.0 0.0:0.0 35.077318133600535:-2.1930449572924492e-15 19.723652075348994:-9.419853114551701e-16 0.0:0.0 0.0:0.0 0.0:0.0 0.0:0.0 0.0:0.0 0.0:0.0 0.0:0.0 0.0:0.0 0.0:0.0 0.0:0.0 0.0:0.0 0.0:0.0 0.0:0.0 0.0:0.0 0.0:0.0 0.0:0.0 0.0:0.0 0.0:0.0 0.0:0.0 0.0:0.0 0.0:0.0 0.0:0.0 0.0:0.0 0.0:0.0 0.0:0.0 0.0:0.0 0.0:0.0 0.0:0.0 0.0:0.0 0.0:0.0 928.0:0.0 -54.832964425217845:-3.1054708615937812e-15 9.760594967822069:1.8014089257231014e-16 14.795040020329996:8.062372432499489e-16 0.0:0.0 0.0:0.0 0.0:0.0 0.0:0.0 -119.91545268661112:-1.7723464963193217e-15 191.88224418844513:1.273180943062175e-14 13.420649082075464:6.512947150445016e-16 -17.63495518018332:-3.59395461179674e-16 0.0:0.0 0.0:0.0 0.0:0.0 0.0:0.0 27.558321139596075:-9.916297428701069e-16 -25.641643918218918:-5.02388409575109e-16 0.0:0.0 0.0:0.0 0.0:0.0 0.0:0.0 0.0:0.0 0.0:0.0 13.224449691602665:4.924940548693168e-18 0.0:0.0 0.0:0.0 0.0:0.0 0.0:0.0 0.0:0.0 0.0:0.0 0.0:0.0 -17.07731813360053:-1.3596687215080515e-15 19.723652075348994:-9.419853114551701e-16 0.0:0.0 0.0:0.0 0.0:0.0 0.0:0.0 0.0:0.0 0.0:0.0 0.0:0.0 0.0:0.0 0.0:0.0 0.0:0.0 0.0:0.0 0.0:0.0 0.0:0.0 0.0:0.0 0.0:0.0 0.0:0.0 0.0:0.0 0.0:0.0 0.0:0.0 0.0:0.0 0.0:0.0 0.0:0.0 0.0:0.0 0.0:0.0 0.0:0.0 0.0:0.0 0.0:0.0 0.0:0.0 0.0:0.0 0.0:0.0 1056.0:0.0 -32.832964425217845:-3.1054708615937812e-15 -19.76059496782207:-1.8014089257231014e-16 -14.795040020329996:-8.062372432499489e-16 0.0:0.0 0.0:0.0 0.0:0.0 0.0:0.0 -119.91545268661112:-1.7723464963193217e-15 -143.88224418844513:-1.273180943062175e-14 -41.420649082075464:-6.512947150445016e-16 -36.63495518018332:-3.59395461179674e-16 0.0:0.0 0.0:0.0 0.0:0.0 0.0:0.0 -27.558321139596075:9.916297428701069e-16 38.64164391821892:5.02388409575109e-16 30.94485852339074:6.858240108112518e-16 0.0:0.0 0.0:0.0 0.0:0.0 0.0:0.0 0.0:0.0 -13.224449691602665:-4.924940548693168e-18 15.359798116409632:-7.358059928568186e-16 18.738763603784474:-1.1535015471771508e-15 0.0:0.0 0.0:0.0 0.0:0.0 0.0:0.0 0.0:0.0 17.07731813360053:1.3596687215080515e-15 -19.723652075348994:9.419853114551701e-16 0.0:0.0 0.0:0.0 0.0:0.0 0.0:0.0 0.0:0.0 0.0:0.0 0.0:0.0 0.0:0.0 0.0:0.0 0.0:0.0 0.0:0.0 0.0:0.0 0.0:0.0 0.0:0.0 0.0:0.0 0.0:0.0 0.0:0.0 0.0:0.0 0.0:0.0 0.0:0.0 0.0:0.0 0.0:0.0 0.0:0.0 0.0:0.0 0.0:0.0 0.0:0.0 0.0:0.0 0.0:0.0 0.0:0.0 0.0:0.0
exact-centres 2 1 688.0:0.0 -43.832964425217845:-3.1054708615937812e-15 79.76059496782207:-3.3725727862281907e-15 -14.795040020329996:-8.062372432499489e-16 17.90853983249995:-1.4975221526228339e-15 0.0:0.0 0.0:0.0 0.0:0.0 -167.91545268661113:1.2438508218882682e-14 11.88224418844514:2.9731155481999783e-16 13.420649082075464:6.512947150445016e-16 0.0:0.0 0.0:0.0 0.0:0.0 0.0:0.0 0.0:0.0 55.558321139596075:-9.916297428701069e-16 64.64164391821892:5.02388409575109e-16 -62.94485852339074:2.866889667989249e-15 19.489240614387302:7.59032739870998e-16 0.0:0.0 0.0:0.0 0.0:0.0 0.0:0.0 -41.224449691602665:-4.924940548693168e-18 -15.359798116409632:7.358059928568186e-16 18.738763603784474:-1.1535015471771508e-15 0.0:0.0 0.0:0.0 0.0:0.0 0.0:0.0 0.0:0.0 35.077318133600535:-2.1930449572924492e-15 19.723652075348994:-9.419853114551701e-16 -27.60899890843742:-1.096003956890278e-15 0.0:0.0 0.0:0.0 0.0:0.0 0.0:0.0 0.0:0.0 0.0:0.0 -28.421809229314817:2.2534488390498236e-16 0.0:0.0 0.0:0.0 0.0:0.0 0.0:0.0 0.0:0.0 0.0:0.0 0.0:0.0 0.0:0.0 0.0:0.0 0.0:0.0 0.0:0.0 0.0:0.0 0.0:0.0 0.0:0.0 0.0:0.0 0.0:0.0 0.0:0.0 0.0:0.0 0.0:0.0 0.0:0.0 0.0:0.0 0.0:0.0 1072.0:0.0 -87.83296442521785:3.99995649600722e-15 -9.760594967822069:-1.8014089257231014e-16 -30.795040020329996:-8.062372432499489e-16 0.0:0.0 0.0:0.0 0.0:0.0 0.0:0.0 35.91545268661112:1.7723464963193217e-15 -143.88224418844513:-1.273180943062175e-14 0.0:0.0 36.63495518018332:3.59395461179674e-16 0.0:0.0 0.0:0.0 0.0:0.0 0.0:0.0 -27.558321139596075:9.916297428701069e-16 -77.64164391821892:-5.02388409575109e-16 0.0:0.0 19.489240614387302:7.59032739870998e-16 0.0:0.0 -42.53278210218738:3.1125259026291678e-15 0.0:0.0 0.0:0.0 27.224449691602665:4.924940548693168e-18 0.0:0.0 0.0:0.0 0.0:0.0 0.0:0.0 0.0:0.0 0.0:0.0 0.0:0.0 -35.077318133600535:2.1930449572924492e-15 0.0:0.0 0.0:0.0 0.0:0.0 0.0:0.0 0.0:0.0 0.0:0.0 0.0:0.0 0.0:0.0 28.421809229314817:-2.2534488390498236e-16 0.0:0.0 0.0:0.0 0.0:0.0 0.0:0.0 0.0:0.0 0.0:0.0 0.0:0.0 0.0:0.0 0.0:0.0 0.0:0.0 0.0:0.0 0.0:0.0 0.0:0.0 0.0:0.0 0.0:0.0 0.0:0.0 0.0:0.0 0.0:0.0 0.0:0.0 0.0:0.0 0.0:0.0 0.0:0.0 1152.0:0.0 76.83296442521785:-3.99995649600722e-15 -29.76059496782207:-1.8014089257231014e-16 14.795040020329996:8.062372432499489e-16 0.0:0.0 0.0:0.0 0.0:0.0 0.0:0.0 83.91545268661112:1.7723464963193217e-15 83.88224418844514:-1.4790452845802527e-15 27.420649082075464:6.512947150445016e-16 17.63495518018332:3.59395461179674e-16 0.0:0.0 0.0:0.0 0.0:0.0 0.0:0.0 27.558321139596075:-9.916297428701069e-16 0.0:0.0 14.944858523390739:6.858240108112518e-16 0.0:0.0 0.0:0.0 0.0:0.0 0.0:0.0 0.0:0.0 -27.224449691602665:-4.924940548693168e-18 32.35979811640963:2.8169076859436822e-15 18.738763603784474:-1.1535015471771508e-15 0.0:0.0 0.0:0.0 0.0:0.0 0.0:0.0 0.0:0.0 35.077318133600535:-2.1930449572924492e-15 -19.723652075348994:9.419853114551701e-16 0.0:0.0 0.0:0.0 0.0:0.0 0.0:0.0 0.0:0.0 0.0:0.0 -17.90853983249995:1.4975221526228339e-15 0.0:0.0 0.0:0.0 0.0:0.0 0.0:0.0 0.0:0.0 0.0:0.0 0.0:0.0 0.0:0.0 0.0:0.0 0.0:0.0 0.0:0.0 0.0:0.0 0.0:0.0 0.0:0.0 0.0:0.0 0.0:0.0 0.0:0.0 0.0:0.0 0.0:0.0 0.0:0.0 0.0:0.0 0.0:0.0 0.0:0.0
record 0 11554.060075369414 -0.0 nan nan
record 20 9281.42938543384 9003.672182549275 nan nan
record 40 9276.213308414006 9218.347903425916 nan nan
canvas 0 0 120.50760508959584 112.9749587698962 111.75929447394932 104.92173509370762 103.59914900120997 104.94739863991981 75.51386790483602 78.90985456242242 85.48822288179923 94.949236261549 102.56408652958778 111.86399942184262 131.14528342882988 139.40973798217954 142.98368277934455 144.46512553442378 142.6661074520677 146.63244792478758 191.2116524036592 194.02898185271846 190.3832313197331 181.47784895634473 165.7868882655875 164.98465673410487
canvas 0 1 112.21803286668067 105.30289641137739 103.96143439675065 98.63899844983274 96.9986944407807 95.96926508761423 69.57072888365803 74.12333773762028 83.77536228442403 95.3506056116093 103.68400742524656 112.83073318174827 130.77356205780595 139.5885246975336 143.82203579037576 147.35041829584577 150.4372181750903 166.97534587566093 193.05642191919586 194.58699031252098 189.321472270787 177.51651397845293 165.90201404061492 164.77475920510634
canvas 0 2 110.83444035817557 102.21604652178554 100.42599903615486 96.7596948472757 96.42947430144021 96.06928276396182 66.83608341516832 70.76980837201826 81.77894658779493 96.68958545192882 105.43848893855626 113.24728120589184 131.378596570847 141.03199157143874 147.3660586897938 153.66641855052123 158.32174362481527 173.39755255810343 194.050984225897 195.7784586785394 191.105088142305 178.8601351576214 165.85383107990594 164.0465870361187
canvas 0 3 114.50823151211344 102.23955656147335 100.67978735047807 98.18990528908502 100.22492752968269 105.62153963663111 71.82728415918793 73.67216459431668 81.88776494981761 98.05276639564667 106.5007053800729 114.24790603784135 132.55507282452277 143.08735123345073 150.48116426979792 156.42882860312486 154.5185190315897 165.1363163813333 189.1599296326838 195.04535945453597 191.89953740420617 180.5895914249696 165.25619415298326 163.16484902104614
canvas 0 4 113.97085385653942 97.2683268639403 99.16121295209955 93.98914411075916 97.22582841357564 102.32491944974863 74.31775301398065 76.356363201734 83.69814329163084 99.20770552733931 107.4137451137679 116.57409312033384 135.08552979090726 147.84120551932932 156.45857162467223 163.51781385179066 158.58352962335354 169.14404565720955 176.83382358789936 184.39120959535228 185.338516502096 173.4861442039185 162.04459980751645 155.83407084608942
canvas 0 5 80.92219304723186 74.71251130013268 73.82270381652269 70.65625267882446 73.79073881732317 79.34152876107517 72.84542636880575 77.80347896013753 86.40547819440845 100.65500507077637 108.044485311413 118.45790079284507 144.68101249988533 165.68252099021106 173.6516369074104 180.69319623443187 184.47670643354755 176.1695498376172 159.04565884965925 146.0561615016163 137.7487636193633 129.79719528978293 123.86674269786091 121.39067172905771
canvas 0 6 84.22502339053068 77.10149152805604 77.25479343030855 73.06990613287705 75.41960561852459 81.04444359240395 77.88339820577792 84.9822864611734 90.62751746905431 102.54871559774246 107.94676497427889 118.19982306739965 155.300534516383 167.43973189342188 172.9610948840234 178.93196468495344 184.76128466709704 175.7111630425618 145.61927196621173 130.17049654083826 124.49002331160268 119.83605670510991 115.51081041484493 114.16656598950325
canvas 0 7 100.93025432700273 97.48256390561664 95.80502166514111 91.72711098312574 89.23282488589642 93.3388933347413 91.7903709941987 96.9812978733953 97.27410174133544 105.50481043984624 108.42682779393249 116.05940047882761 153.75704491138347 163.31967972386013 167.2438799647098 170.5065125925025 171.6546216984164 159.13132256233888 129.38326310666562 120.81551609321946 118.58115818465782 117.15742071128457 114.04311783909198 112.83328969153071
canvas 0 8 106.18972159723572 108.44299638867311 102.50266053855812 106.84074584546339 108.1141822436153 104.94363057806733 108.03482944456358 103.88150016786184 107.15598802336932 109.46911864539666 111.1008935424542 117.32073578803404 148.00576073829373 155.62562228554762 157.9645274087383 156.7541924855312 158.15160420534562 144.5509182324392 112.37840432953791 105.68557483341797 105.46145884075219 107.08902915329563 107.21392133166601 106.81038444566485
canvas 0 9 116.58168521938175 121.92727956581736 121.7000240243104 125.30149077056251 124.72593957007109 121.6225339757304 122.8502269246056 114.25091920692724 115.38414410687753 111.35934845700181 113.38539439513389 122.12459799985777 131.30606118685745 136.3980482351362 136.32670892293814 138.10041733555084 141.2710394882868 121.3628240645973 102.0204448232437 97.18260850501127 95.96596035154468 98.12576490516788 103.44322629748348 106.80237759548918
canvas 0 10 121.78210918158706 128.85997673162424 126.62474214267635 130.51820126264104 131.0006230302729 127.88139759889987 166.01144579134805 164.7890831637202 157.0701088425506 150.06460639127835 141.1645028366926 127.5810014505158 114.16953403463155 102.80806597401396 93.93942632255207 89.7271125638309 87.83724882194569 89.26531511938472 91.09034029012405 90.0031616127879 88.69912539372889 90.99474445865921 97.21165236596232 100.01379504391092
canvas 0 11 135.09739608212422 140.67790737903138 138.86773675775746 144.7031403097993 148.46563086414412 151.50504360172582 182.25157341083784 176.85422791583997 169.9127484736627 165.98102481625338 157.36615749866453 136.23110643106622 99.46655623805142 84.92687004647753 77.61667313132781 75.25473868316749 73.14942769020989 75.47131668408528 79.32897785948559 80.81159588253931 82.29405861014641 86.8702479394767 94.33930108926225 96.38920948622926
canvas 0 12 141.87356622960888 148.63918930508626 148.1871796412848 154.70756311332192 157.99568708264607 158.87156586977372 186.58988554321613 180.34665520273805 174.30715621744199 171.95973520861517 163.1530453632733 147.6140572534909 91.90548458028593 78.43292501369008 70.75845559064523 65.96554850752973 61.59287764433083 60.049704373644545 61.41030126793894 66.3225310539626 74.5288984860208 83.8687492548452 92.61605830474333 95.31826670618679
canvas 0 13 146.64178756330278 154.25009476472127 151.77574801704915 159.0297139782131 161.8338827971917 163.0059557937199 185.21640407017009 179.41275531005022 175.48161334309864 170.15880374738498 160.1728437201306 147.57017811270615 89.2387275016491 79.16469684932599 71.11348678203014 64.46474809932256 59.07878615624256 57.18059930746658 58.6222568523379 63.49949774082229 73.18714791770911 85.53377659277963 94.49683952101628 95.72515736099791
canvas 0 14 158.2501859059942 167.90781773402844 160.75689421313368 172.81692061113915 176.73362675570036 172.22179136423975 180.43774312340722 175.28099983776357 170.6752701778418 160.5693855365586 148.57460175365398 116.711692873695 88.15703886572228 81.09158183555297 74.4362853933282 65.5099663525807 59.11386833143243 57.72554176459026 61.68839052287093 70.36004892076141 80.18421754056294 91.44579082784823 97.355571852348 97.51287965288597
canvas 0 15 190.96841723750467 190.98518532618192 188.5887498959471 188.57078151408794 188.62255577402325 174.46141438671344 174.48092265105265 162.73775810151605 150.00983295310874 123.6167823981593 106.40520642218793 90.51905896189669 87.5511394441622 80.9218760704225 75.54595117969964 63.1810305993549 63.19635215794182 63.16523061333835 78.60069959934853 97.48767325488798 99.2379378698951 117.48177990293587 144.60825884222766 144.51925005419798
canvas 1 0 176.49607863080638 173.2961073692711 169.33211379838576 166.07976606146562 161.09411659696994 149.89494802788636 116.80057314594717 109.141545292576 108.08358908022575 101.85705732554268 94.61660892545252 90.68605588169106 86.31182387747779 85.08522480826709 84.85195031720934 85.440455871875 87.06588317256306 95.78282276666987 137.96547354662874 145.77754177480094 150.7030562104524 154.07578391881106 158.88355290392698 159.0527615365329
canvas 1 1 190.52249912880475 186.6057217865772 181.51727291913178 176.88835297303814 172.82200845093757 165.48490694436586 122.2725120866055 110.76651605799 105.19669971097363 95.45578345462319 86.83772231063604 82.68443250519745 80.82801673124187 81.41104789120571 82.21809430565476 82.48813476937417 84.66705916587073 97.31050019194657 132.04833362204596 141.29578657368228 147.47680667402716 154.0917769657087 159.96307263758692 160.6649017540264
canvas 1 2 199.70588479769367 194.6376121509038 189.38995880535836 184.78170668200337 180.18811203396305 172.63308325634821 124.8268221062547 109.4889135985106 99.59981274672965 85.12115930793182 76.39323361122722 72.42338324864923 69.96252112161352 69.31148637128017 68.27294329745224 67.35926836375457 69.11204080544714 84.11743366895953 124.19956771596559 137.1482452036258 145.2520621200779 155.19815431502442 162.64373660245397 163.89304854996283
canvas 1 3 205.1710789610005 197.4755778939518 190.50670012110407 186.70918941254777 182.40365834456546 169.90770555250577 124.78544583605029 107.95312878944954 96.41812099233245 80.30670171816917 72.44241065450782 67.79685167417854 64.84943121185002 63.3954211855643 60.81112938998404 57.88276594224057 55.86196948156715 72.5035183749558 117.24034512599569 134.98400019310066 146.13131219099836 155.18528141804532 162.64510220027532 164.0812038069503
canvas 1 4 206.40525524989096 197.3256266706077 189.5987502207073 184.9668882220318 178.55141090788686 161.64485952383302 126.35759424264164 109.39340848540122 97.1917732996829 81.18175889590839 73.58181049005614 69.10451713240316 66.73678061406027 65.55199811961185 62.712880612002145 59.49548352110648 59.782409633347186 85.26065300784136 105.81828634212894 123.19143098379466 138.61526781617607 149.90270591798458 160.8975425062584 163.1194715693364
canvas 1 5 163.58316135046272 159.8199833948516 155.64904840088977 151.24699297993527 147.0654739203651 139.4881189896387 124.14243859981627 108.96030640181168 98.71047041389393 84.70875419823845 78.2541654922631 75.12598536736755 78.47833285944122 88.37480566105711 91.76222662029325 94.00687146491124 98.44524309593353 95.64939651871718 92.92282466923422 94.68379869391144 104.11308319062427 120.74599156419634 133.1745928533549 138.96551982816524
canvas 1 6 157.69873316195492 154.5158039376845 148.68802611904442 144.12369233467206 138.7535375923061 130.4082901999064 119.26474775418342 106.15729816675304 99.39302496781093 87.72467247637127 83.37289362494926 82.37659662692597 96.52559985761575 102.51813822245217 104.18231423409608 104.92140816476771 108.26441268396283 100.70948799020358 88.18812656915115 89.55101690883336 98.88089153679388 115.09732743565978 123.6158703363263 124.97284836611507
canvas 1 7 149.54670436088014 148.02109979846216 144.20804017408938 141.30276234383396 135.50667624520517 125.8607082980189 117.05964930868004 105.10529503058484 99.79874384807604 89.37900025444546 86.88749444054902 87.23123350545994 106.22372350370436 111.62093134335764 113.21728693937055 113.24898462363774 113.62413751652035 103.68805156281786 89.94030937334915 91.92206603595002 101.63080838067816 114.3922038358655 121.86057088076802 123.28867669529235
canvas 1 8 141.14933067321599 141.5620680684598 141.6401891893877 136.62363597711416 126.77259047134005 117.6758968141881 109.43899163782447 102.69187706872813 97.72100528954006 90.55002738174993 89.82732608609199 93.18357740494613 118.32666154054547 124.88958202754414 126.94657089102772 126.62995554042176 126.65849936855432 115.87634308385769 95.86283975351645 94.60805070879317 99.43012389284843 111.54007285509067 121.28707673361195 123.39034966469019
canvas 1 9 123.74004057641034 122.43028373245207 119.52044091713233 117.13210051435769 116.0733742792986 116.04095961739475 115.52652995426186 113.2372930135628 108.61584517912024 94.46263026546272 95.98571074750056 112.64173693182086 120.7037304509184 124.12877113694573 123.68117168370206 123.26958264914165 133.45754068162375 121.84912713695114 104.60591204369419 102.84683426448953 105.64003568191856 112.59664218014228 119.8981510612188 123.39161051739127
canvas 1 10 114.8109170582889 114.78549757475733 114.92409662051477 114.6772747320532 115.14215311963733 119.3458427920507 145.00704248420953 155.45074140712595 154.53310522805734 148.9511940029041 140.43922062713446 131.4795794809791 124.71813809076129 118.59654613411884 112.07568412537964 109.11681429431391 113.59977072825892 111.50249023575537 107.01290779102797 105.41120333822037 106.3552775424064 108.03825988955342 109.24078103080376 109.3360718509821
canvas 1 11 95.09236928296916 98.30495815906107 102.1609505046789 104.3512932271786 105.86901137018687 110.86349926021735 138.4077975347641 152.69599663984297 161.14946456700747 162.12138295503195 158.38268694734555 145.74157032092114 130.915961950881 123.28568869323644 117.33518910245488 113.69966689023168 113.99300422150488 112.47307112700194 109.93565835445925 108.55275597351981 107.68194071760551 105.74711628165134 103.63685202580724 102.62942066661118
canvas 1 12 86.11084182317893 87.30151824127287 88.364491475788 89.5121588864991 92.37200539734408 96.6462686875657 135.1135199668527 152.79767478253694 162.44484551997968 165.4287157897506 167.65310303388281 162.3140751499935 139.3493380145886 132.26670338291655 127.4158650112566 125.38631778611214 124.52283208660732 123.71931538127512 122.41511816154423 119.4035401626042 114.06787209639262 107.59354574128034 102.35451035058426 101.24360360288729
canvas 1 13 78.79845832277609 79.00007844751931 79.13463702275268 81.18821185620864 87.92256369408203 104.78522786844957 140.39454108711976 156.5522751318085 160.90839302079647 166.47509532407355 170.81018518431986 170.26299140120224 148.16565266372677 143.51064289581487 139.4945544129759 136.38999212331336 130.4436523038506 128.67612105566445 127.4166932705781 124.28351821147325 116.92243570211437 105.92660455562529 97.3885178494441 95.87731363997175
canvas 1 14 71.86915922063777 72.78918717550238 74.30397923898371 77.70601517532788 87.52491714948351 106.94044327090859 125.13607713753751 144.14333407957645 148.38661885844473 159.44911699523232 168.02687943940964 165.34424891685154 153.5336129157369 152.17504590707392 151.30703360967107 148.55094305687206 138.34058054078577 134.6790972248097 134.13891461076778 132.7953628077074 125.46968443849981 110.37374973135225 97.35505044803048 95.3268589216915
canvas 1 15 98.47881124050008 98.40879789560245 109.03555120155853 108.98324755259067 109.00500390562173 106.20191005763651 106.18593251693599 108.14811621717683 115.63145496519462 136.91189369637092 148.3425252029398 154.36356640280783 154.5346385095253 155.26208329534225 156.552389107474 157.2456997891116 157.25779015747872 157.24014862387304 165.1291612257647 167.7894473079346 166.988168507824 153.20345575055458 134.96635719234206 134.99872950873413
canvas 2 0 172.79614597848052 181.37742992522624 192.3616467588047 198.2360205184689 197.40042908560426 190.04679290885932 148.39165783583888 138.8995329245252 135.03480369251963 126.76363802603016 115.03039181741988 102.84475044694334 87.31300514213252 80.3039100646202 76.39851836462016 74.18046293130668 72.52311536437452 75.24624455802186 108.59328686723106 112.22360124821893 113.53069195397353 118.0903201623978 138.1041845629733 139.47052928937896
canvas 2 1 170.94042741853514 175.52915792049023 182.8049206757111 188.92033974753295 189.3639818774877 184.78823715992135 143.60378031556823 133.9144412218934 131.07648019095893 123.37251727187483 113.29030454564534 103.5421661293269 90.78488170702924 83.25455979946793 78.22879116462475 75.58929907208712 73.74350200501075 83.25793686906721 112.66913331569062 117.62595339351648 119.90648836144541 126.63448943715669 138.55890742505795 140.14395055908432
canvas 2 2 165.99461215183263 167.4258873688119 170.5239250760128 174.76032774302556 177.08385873755938 173.04176798832236 134.64140945269514 124.5489448285226 123.79717426991962 117.38352354766197 111.28522507173224 106.33590098857685 98.41993694373876 93.71183202724646 90.07497631533842 87.11395057000291 83.84793002142622 93.76836007416844 122.32382962302802 131.39925156546042 135.11478262499884 138.87372975328068 142.53016710965284 143.2077131580288
canvas 2 3 157.0392950829197 159.32772715293436 161.46193256936513 162.86274104901761 162.4837402119853 152.1416750826037 122.9587730945385 116.11618940641759 115.69195058434572 112.42799235796295 110.38918620733526 108.95375999095147 106.23897642567759 104.28811921149773 102.79230674937637 101.55775713101436 100.17632943530744 109.35326963243459 131.651209013231 140.30240023117335 146.3660474803288 147.87015531359842 145.05832508183306 144.2635010969479
canvas 2 4 139.8947304681986 147.6224583913416 154.84002290375003 152.61094251193163 137.84504216918629 119.70728880596968 110.37299979987282 108.95589736799022 107.11905056801321 107.69883742565521 109.27415041020153 111.57176861636916 114.89043756698624 116.68214718524705 117.77100219907202 118.36788626901578 121.96872075331024 137.4406405151458 140.09779875239425 143.6855577827493 149.13134376811325 150.4259791730622 146.0021192562649 144.68092516249055
canvas 2 5 89.07982216007034 90.51143227081714 91.37960938159686 89.4438107339313 86.57209079311743 86.86487513294155 93.94464889248299 98.62320945552574 96.86491662779319 102.01886971603842 106.99568118419421 114.30559708895866 131.82462438108197 153.2296802753548 162.95569866262548 168.23130593658388 168.8233446893378 159.16457161800705 147.14136575184992 141.43721556277183 138.56848109994485 134.65525991549887 129.97075142947918 127.70078653373366
canvas 2 6 83.41774657407343 83.23210741929523 80.00196548629863 76.68905024154323 74.02251754920836 74.45239592064469 79.2895997575852 84.35435441407729 86.52458587252393 96.88067173536143 103.53239387790111 115.25896735847692 153.59080066927106 168.33400203800525 176.1623112901592 181.42600107197393 183.48255167082098 172.78897484300398 151.29186494988997 142.29793513765983 137.6152577941626 131.61347320110988 125.8376008254174 124.00443968123872
canvas 2 7 74.98769876977377 71.81199986802166 67.18171775354605 65.48308137285302 64.99516263419166 65.6480188233943 67.72682766774865 72.64912523950994 77.76299800683323 93.81016495062588 99.67850064793562 111.9212445487906 160.3632153638404 173.68274714140523 182.12161934356973 190.33537681448138 195.1642656502072 185.8850343899488 158.9223011957325 148.25512885803454 142.51451490965474 134.53338565432384 126.53270576498868 123.93636712215545
canvas 2 8 71.95817018905932 69.07012410965996 66.63150201396982 65.65782673753358 63.25469696371939 60.88593859818032 61.106928637720024 67.68984512553122 72.58224726664366 93.36767398614887 96.0207478571884 101.8393670336997 163.13164487623527 175.55625784906894 182.39564951808183 197.21464754145163 202.3277065799236 196.64569626082968 168.1872259203422 159.0792252351537 152.41794294091366 141.15543774332428 129.25874410571421 125.65387764520429
canvas 2 9 72.87629516188609 66.91681350194854 59.843704374113344 56.53761508890603 55.90145121929951 57.109703052941185 60.05584234969809 72.82310579100783 80.67788260502867 95.21877224500784 102.72472322275583 131.0442265583389 157.30316085547122 171.21535353872295 180.51413033376406 194.44427740722315 193.9556072437071 180.04482281531662 163.73887579298537 157.79799031269482 152.24688155151046 142.25287301486424 130.01711069469647 125.65551615447691
canvas 2 10 74.30756735469386 66.5815821101648 58.73306409532297 55.31936116300792 55.12217074129432 58.397493020516045 94.11077585966953 114.88809506853376 118.07179556056539 118.71333705405222 126.43819290946534 137.37248218309074 141.232018078565 148.45512340662498 155.71801730026397 156.42685310109596 158.65545610273833 159.88547586869277 159.49844113807288 156.81189193308256 151.61801530359043 143.1642789811318 130.94619291192475 126.68599112033789
canvas 2 11 76.00871357125682 69.52978365554935 62.61272737411455 60.13037733227859 62.64441548056693 70.56752518401709 108.0620148957247 123.98251550218738 127.81222423365026 126.99885136477987 133.3973022882668 138.82689502283168 125.87736912513557 130.10920919019006 138.73009454106312 140.2477782646299 150.17368963005325 154.93259051204313 157.31568268077916 156.40990797378132 151.4762011425731 143.32935426316567 130.8431549111654 127.27016932340126
canvas 2 12 83.24561749997098 76.04186416693828 68.62532155994442 65.88697922357233 67.91837583576577 72.47716679687566 112.74491842485462 128.93515023184173 134.3281133323754 135.62249937257224 146.1758516824581 148.90852184450824 123.0830837906518 125.30770149737701 132.78861534012623 133.58867580313196 139.16434739279342 142.0864937302454 144.64867849192356 146.25655931109262 144.42271784242106 137.15733966741058 128.39208536054215 125.57614516998497
canvas 2 13 94.62327874415239 84.94301927339559 74.37778977303292 69.44269999191535 70.81005214645386 84.64895721613952 117.4284867073891 131.8538910346728 136.79591227745019 145.89093839729068 155.42072021744625 157.7605455519494 125.61882510694625 125.07787353415517 129.66497538828753 131.75390357190363 130.77963236474065 131.81634900983926 133.98369247106908 135.4833717894946 133.34307062210488 125.95427704655458 118.5409892957681 116.91921369955162
canvas 2 14 110.23210987514453 102.55633048289354 93.6501324843925 94.92436917076516 103.2739677126546 113.57591864712019 121.1229333476004 129.01142343927435 131.40262304671637 147.16635478743086 153.0898544724576 138.4860752174294 122.38182685522942 120.23713541604087 121.80453102196174 127.48731382396396 124.54115244436447 125.90384985115607 130.12251351663048 133.91723197126234 132.768521086272 126.36264445921141 118.2679917287037 116.32007770345346
canvas 2 15 135.43537822922778 135.39690598547 140.78327633190975 140.73985873206396 140.8197582735819 123.69721008049733 123.71424588823645 115.74486736818059 109.75072465367475 126.45875041195599 123.78031521283663 117.1546413678053 117.14578818959531 114.78205918186706 114.19491457893609 122.43153882775727 122.44244437492179 122.44010433258782 135.23717628259516 149.6910963604682 150.62368318149575 152.5131467971645 148.43869909279206 148.43267574319387
constants method=tv centres_tested=8.205484351595954e-13 centres_reference=7.68163014037886e-14 tau=1.9267848867997692 sigma=0.06422616289332565 rho=1.9 root=0.9949874371066201 gamma_max=1.0 lipschitz=55.42562584220413 dual_lipschitz=12843.484262457767 dual_centres=0.0012919344980342282 weight_max=1e-05 dual_reach=4540.857408023291 dual_fixed=0.5670000000000002 xi_bound=55.42562584220413 xi_terms_bound=55.42562584220413 cells=1 vector_terms=6 tensor_terms=9 primal_terms=3484 dual_terms=1160 dual_rounding=4
start SI0=6554.391369219891 ScenA=8.205484351595954e-13 ScenR=7.68163014037886e-14 Sgx0=654.1906645182983
majorant 0 Ma=42.016156182645176 McenA=7.02317151714631e-18 McenR=1.0180432119162372e-18 Md=0.0 Mf=29624.09458992007 Mg=42.016156182645176 Mi=6554.391369219894 Mmean=0.0 Mp=19.236482867697262 Mphi=4340.393677827741 Mput=0.0 Mq=278.7668313733254 Mrp=36.54931744862479 Mrx=12153.102297917674 Mx=4340.39367782774
majorant 1 Ma=67.38256048320584 McenA=7.02317151714631e-18 McenR=1.0180432119162372e-18 Md=168.39756686727037 Mf=29615.250996544928 Mg=34.97411071786537 Mi=6532.1006256442015 Mmean=0.0 Mp=19.55746668871645 Mphi=4331.440700551599 Mput=0.0 Mq=277.72623011595687 Mrp=69.6873477422128 Mrx=12136.003381867396 Mx=4340.393677827742
majorant 2 Ma=42.80215715887505 McenA=7.02317151714631e-18 McenR=1.0180432119162372e-18 Md=38.68751299308228 Mf=29604.520448197894 Mg=38.58242708962446 Mi=6534.678116778506 Mmean=0.0 Mp=19.46061169136358 Mphi=4323.748311937742 Mput=0.0 Mq=278.0644540630896 Mrp=43.25091678489466 Mrx=12113.378401213076 Mx=4324.87218729548
majorant 3 Ma=63.99589700310744 McenA=7.02317151714631e-18 McenR=1.0180432119162372e-18 Md=148.3722765797423 Mf=29593.95576466909 Mg=34.66360642039316 Mi=6516.911656489158 Mmean=0.0 Mp=19.537685870936443 Mphi=4321.966623812848 Mput=0.0 Mq=277.4207120142443 Mrp=65.73111126208724 Mrx=12111.876607649785 Mx=4329.181520372768
majorant 4 Ma=44.962369022992455 McenA=7.02317151714631e-18 McenR=1.0180432119162372e-18 Md=45.107285230655 Mf=29579.261458873658 Mg=38.11539369580953 Mi=6542.817013069654 Mmean=0.0 Mp=19.504404138676172 Mphi=4318.237151200197 Mput=0.0 Mq=277.91976958829656 Mrp=45.26830835109069 Mrx=12102.225071426372 Mx=4319.878619443266
majorant 5 Ma=62.07441078355501 McenA=7.02317151714631e-18 McenR=1.0180432119162372e-18 Md=136.95055949160488 Mf=29587.220509228526 Mg=35.199710964167444 Mi=6567.872531907421 Mmean=0.0 Mp=19.50714483793074 Mphi=4320.307566018922 Mput=0.0 Mq=277.47204951004056 Mrp=63.44268035758868 Mrx=12108.481419991147 Mx=4326.808761537744
majorant 6 Ma=46.84088410120518 McenA=7.02317151714631e-18 McenR=1.0180432119162372e-18 Md=52.7074795019596 Mf=29580.454797336 Mg=38.010698615726156 Mi=6591.634603233625 Mmean=0.0 Mp=19.481842279401096 Mphi=4318.454769256196 Mput=0.0 Mq=277.88668924615155 Mrp=46.94472509394507 Mrx=12103.091583290749 Mx=4320.537162688654
majorant 7 Ma=60.59585966085017 McenA=7.02317151714631e-18 McenR=1.0180432119162372e-18 Md=127.81972780123809 Mf=29588.092315623955 Mg=35.652703327118836 Mi=6607.210197090701 Mmean=0.0 Mp=19.473791174106807 Mphi=4320.363175590719 Mput=0.0 Mq=277.5061222871288 Mrp=61.62564222636839 Mrx=12108.279218901656 Mx=4326.362773744561
majorant 8 Ma=48.34778774933555 McenA=7.02317151714631e-18 McenR=1.0180432119162372e-18 Md=59.21481562772939 Mf=29580.50065729575 Mg=37.94594917923707 Mi=6623.168825975068 Mmean=0.0 Mp=19.47182391608552 Mphi=4318.584016312545 Mput=0.0 Mq=277.8411784888936 Mrp=48.32770252293824 Mrx=12103.413541048465 Mx=4321.027857622179
majorant 9 Ma=59.45704674616855 McenA=7.02317151714631e-18 McenR=1.0180432119162372e-18 Md=120.61406017576671 Mf=29586.43819234027 Mg=36.05797086103186 Mi=6635.935979288058 Mmean=0.0 Mp=19.488296405458023 Mphi=4320.111315458714 Mput=0.0 Mq=277.5297504312081 Mrp=60.27870384280682 Mrx=12107.516796543157 Mx=4325.720738810884
majorant 10 Ma=49.598916230486225 McenA=7.02317151714631e-18 McenR=1.0180432119162372e-18 Md=64.95089053928673 Mf=29579.841479292878 Mg=37.926044129444335 Mi=6648.639511107584 Mmean=0.0 Mp=19.490272511313382 Mphi=4318.611271716732 Mput=0.0 Mq=277.81804232403346 Mrp=49.555380729714166 Mrx=12103.726746125014 Mx=4321.350996883209
majorant 11 Ma=58.56287598642997 McenA=7.02317151714631e-18 McenR=1.0180432119162372e-18 Md=114.92177962363381 Mf=29586.25305274258 Mg=36.406282943729195 Mi=6659.01247589844 Mmean=0.0 Mp=19.486629875357067 Mphi=4320.097815594984 Mput=0.0 Mq=277.5669972027789 Mrp=59.18035788850823 Mrx=12107.52184903333 Mx=4325.399033841134
majorant 12 Ma=50.59711864495161 McenA=7.02317151714631e-18 McenR=1.0180432119162372e-18 Md=69.61861535324597 Mf=29581.058004746053 Mg=37.912649094731364 Mi=6668.308171633609 Mmean=0.0 Mp=19.474123934391713 Mphi=4318.906690457721 Mput=0.0 Mq=277.7945309368005 Mrp=50.45816130960384 Mrx=12104.413938135096 Mx=4321.889578473565
majorant 13 Ma=57.827801826986345 McenA=7.02317151714631e-18 McenR=1.0180432119162372e-18 Md=110.15292908604225 Mf=29585.554675746644 Mg=36.67715348730845 Mi=6675.28951969795 Mmean=0.0 Mp=19.468487097504024 Mphi=4320.024109348666 Mput=0.0 Mq=277.5916865185298 Mrp=58.24217379273001 Mrx=12107.330127551108 Mx=4325.081112106198
majorant 14 Ma=51.39303222396694 McenA=7.02317151714631e-18 McenR=1.0180432119162372e-18 Md=73.44086500627932 Mf=29581.39492147531 Mg=37.891566020792716 Mi=6681.693077706106 Mmean=0.0 Mp=19.47311421574675 Mphi=4319.058811896122 Mput=0.0 Mq=277.7772067023525 Mrp=51.21341628956462 Mrx=12104.833733925967 Mx=4322.241239864744
majorant 15 Ma=57.250559286632615 McenA=7.02317151714631e-18 McenR=1.0180432119162372e-18 Md=106.42462960600673 Mf=29585.12765254253 Mg=36.90402087738133 Mi=6687.564846076623 Mmean=0.0 Mp=19.482491552409584 Mphi=4319.984092363959 Mput=0.0 Mq=277.61368787113065 Mrp=57.560253862467604 Mrx=12107.239073289576 Mx=4324.844370571424
majorant 16 Ma=52.06122443712067 McenA=7.02317151714631e-18 McenR=1.0180432119162372e-18 Md=76.75113417119775 Mf=29581.801900749706 Mg=37.89662736120145 Mi=6693.5146792771175 Mmean=0.0 Mp=19.486906289783168 Mphi=4319.212036938698 Mput=0.0 Mq=277.7641388007663 Mrp=51.88453902454102 Mrx=12105.239853054038 Mx=4322.556462176406
majorant 17 Ma=56.798113424729905 McenA=7.02317151714631e-18 McenR=1.0180432119162372e-18 Md=103.43709979742212 Mf=29584.80780105014 Mg=37.10428685564442 Mi=6699.050538353121 Mmean=0.0 Mp=19.47992495251135 Mphi=4319.964948483902 Mput=0.0 Mq=277.6319538879658 Mrp=56.98695578877129 Mrx=12107.197006925157 Mx=4324.6680672640205
majorant 18 Ma=52.59224632394631 McenA=7.02317151714631e-18 McenR=1.0180432119162372e-18 Md=79.30086164043871 Mf=29582.084783066373 Mg=37.90392730290941 Mi=6703.909190411208 Mmean=0.0 Mp=19.4694266076256 Mphi=4319.34242225632 Mput=0.0 Mq=277.75395839401784 Mrp=52.344805747000606 Mrx=12105.585997978651 Mx=4322.818881819012
majorant 19 Ma=56.4175477001971 McenA=7.02317151714631e-18 McenR=1.0180432119162372e-18 Md=100.88542178446905 Mf=29584.52028428881 Mg=37.2579003330665 Mi=6707.807272175838 Mmean=0.0 Mp=19.465055469963453 Mphi=4319.954228022175 Mput=0.0 Mq=277.6469810567263 Mrp=56.4760142364035 Mrx=12107.175413751977 Mx=4324.531456092994
majorant 20 Ma=53.017287025641025 McenA=7.02317151714631e-18 McenR=1.0180432119162372e-18 Md=81.38493859853612 Mf=29582.338603064374 Mg=37.903204321519794 Mi=6711.182605239465 Mmean=0.0 Mp=19.468126913098207 Mphi=4319.450753359968 Mput=0.0 Mq=277.746005785454 Mrp=52.745300210531894 Mrx=12105.875374638446 Mx=4323.034996324388
majorant 21 Ma=56.1203851462004 McenA=7.02317151714631e-18 McenR=1.0180432119162372e-18 Md=98.9566971846104 Mf=29584.328645888687 Mg=37.385637648553846 Mi=6714.308808235056 Mmean=0.0 Mp=19.47456213694726 Mphi=4319.949920643527 Mput=0.0 Mq=277.65941293917217 Mrp=56.12215896485509 Mrx=12107.168808527935 Mx=4324.425175316132
majorant 22 Ma=53.374762032436635 McenA=7.02317151714631e-18 McenR=1.0180432119162372e-18 Md=83.19323019605262 Mf=29582.550091613604 Mg=37.91172286605981 Mi=6717.378872011605 Mmean=0.0 Mp=19.47856273039164 Mphi=4319.542436059072 Mput=0.0 Mq=277.73927780057267 Mrp=53.11169990382269 Mrx=12106.111736020808 Mx=4323.214032125803
majorant 23 Ma=55.88587436075008 McenA=7.02317151714631e-18 McenR=1.0180432119162372e-18 Md=97.40043321655689 Mf=29584.12527729412 Mg=37.49493166697467 Mi=6720.261592729136 Mmean=0.0 Mp=19.47809718573834 Mphi=4319.941584387043 Mput=0.0 Mq=277.66887337645977 Mrp=55.83169637304877 Mrx=12107.14575444849 Mx=4324.334962951971
majorant 24 Ma=53.66070429919399 McenA=7.02317151714631e-18 McenR=1.0180432119162372e-18 Md=84.59354373530034 Mf=29582.64746482647 Mg=37.92019535942505 Mi=6722.887756983452 Mmean=0.0 Mp=19.47503748515267 Mphi=4319.607068514199 Mput=0.0 Mq=277.73345615381675 Mrp=53.374821045294496 Mrx=12106.279859864522 Mx=4323.349750955895
majorant 25 Ma=55.69106632495876 McenA=7.02317151714631e-18 McenR=1.0180432119162372e-18 Md=96.08592569185058 Mf=29583.908626863944 Mg=37.5823848673597 Mi=6725.163723025585 Mmean=0.0 Mp=19.47230982082884 Mphi=4319.928547202379 Mput=0.0 Mq=277.6764295246639 Mrp=55.56950581198 Mrx=12107.113771811246 Mx=4324.255876807825
majorant 26 Ma=53.889878422059255 McenA=7.02317151714631e-18 McenR=1.0180432119162372e-18 Md=85.7207088440534 Mf=29582.713045071483 Mg=37.92622849837445 Mi=6727.122258728566 Mmean=0.0 Mp=19.470966059880208 Mphi=4319.657285366943 Mput=0.0 Mq=277.7287725080072 Mrp=53.581454291818424 Mrx=12106.41245879909 Mx=4323.457757040357
majorant 27 Ma=55.5341825839891 McenA=7.02317151714631e-18 McenR=1.0180432119162372e-18 Md=95.03586080135888 Mf=29583.738609863074 Mg=37.6531053699248 Mi=6728.836691558931 Mmean=0.0 Mp=19.47055710218035 Mphi=4319.918177583476 Mput=0.0 Mq=277.68256411834005 Mrp=55.36447945252392 Mrx=12107.088300621695 Mx=4324.192155355855
majorant 28 Ma=54.07694202894482 McenA=7.02317151714631e-18 McenR=1.0180432119162372e-18 Md=86.64141144091973 Mf=29582.767478868736 Mg=37.93162011312781 Mi=6730.447727757593 Mmean=0.0 Mp=19.471801955113815 Mphi=4319.69807649138 Mput=0.0 Mq=277.72500579801255 Mrp=53.76031432483209 Mrx=12106.520327179811 Mx=4323.5454373718285
majorant 29 Ma=55.409854720223755 McenA=7.02317151714631e-18 McenR=1.0180432119162372e-18 Md=94.19382863332805 Mf=29583.588282510183 Mg=37.711495926678836 Mi=6731.988803415433 Mmean=0.0 Mp=19.47408643372559 Mphi=4319.910032544435 Mput=0.0 Mq=277.68755803164123 Mrp=55.212007789184476 Mrx=12107.068513077535 Mx=4324.1409281944325
majorant 30 Ma=54.23188857584579 McenA=7.02317151714631e-18 McenR=1.0180432119162372e-18 Md=87.41158090324879 Mf=29582.791465745355 Mg=37.938631279155004 Mi=6733.512056276346 Mmean=0.0 Mp=19.475089874767836 Mphi=4319.731490470631 Mput=0.0 Mq=277.7218948789108 Mrp=53.9149215500921 Mrx=12106.607240023395 Mx=4323.616827797038
majorant 31 Ma=55.31163625824867 McenA=7.02317151714631e-18 McenR=1.0180432119162372e-18 Md=93.5286261239339 Mf=29583.446812845916 Mg=37.76207034558545 Mi=6734.943620996455 Mmean=0.0 Mp=19.473776643512288 Mphi=4319.902559850564 Mput=0.0 Mq=277.69153273851106 Mrp=55.08292269933887 Mrx=12107.04966158431 Mx=4324.098547362478
majorant 32 Ma=54.35611023216147 McenA=7.02317151714631e-18 McenR=1.0180432119162372e-18 Md=88.01669298395846 Mf=29582.79048240433 Mg=37.94559826877139 Mi=6736.1188771129455 Mmean=0.0 Mp=19.471032502446125 Mphi=4319.7573451362805 Mput=0.0 Mq=277.7192400644772 Mrp=54.021679361207916 Mrx=12106.673516927807 Mx=4323.673558166426
majorant 33 Ma=55.228040092268365 McenA=7.02317151714631e-18 McenR=1.0180432119162372e-18 Md=92.9523296252875 Mf=29583.31145256681 Mg=37.800810028985396 Mi=6737.028919277679 Mmean=0.0 Mp=19.469542605443355 Mphi=4319.894236744995 Mput=0.0 Mq=277.69448662726694 Mrp=54.964471991358494 Mrx=12107.026489296235 Mx=4324.062160220349
majorant 34 Ma=54.45404751391517 McenA=7.02317151714631e-18 McenR=1.0180432119162372e-18 Md=88.4913808179133 Mf=29582.76981867394 Mg=37.94804187218155 Mi=6737.803337363409 Mmean=0.0 Mp=19.471058381286987 Mphi=4319.774144866587 Mput=0.0 Mq=277.71680683548453 Mrp=54.11356277347695 Mrx=12106.715452063674 Mx=4323.715465369062
majorant 35 Ma=55.16281667045743 McenA=7.02317151714631e-18 McenR=1.0180432119162372e-18 Md=92.51563149914148 Mf=29583.183202465923 Mg=37.83196055565103 Mi=6738.577157158076 Mmean=0.0 Mp=19.474121984926192 Mphi=4319.88318066256 Mput=0.0 Mq=277.69676484644623 Mrp=54.890151400823775 Mrx=12106.997862298664 Mx=4324.028294629272
majorant 36 Ma=54.53901493980979 McenA=7.02317151714631e-18 McenR=1.0180432119162372e-18 Md=88.9208368986114 Mf=29582.73821537365 Mg=37.95375573888111 Mi=6739.447720098281 Mmean=0.0 Mp=19.475458370501624 Mphi=4319.785953040114 Mput=0.0 Mq=277.714914793298 Mrp=54.20425770214821 Mrx=12106.746957916243 Mx=4323.747495003312
majorant 37 Ma=55.113107178772786 McenA=7.02317151714631e-18 McenR=1.0180432119162372e-18 Md=92.16812728300519 Mf=29583.067405170492 Mg=37.86138362904816 Mi=6740.311797026239 Mmean=0.0 Mp=19.47350024169175 Mphi=4319.8752996716275 Mput=0.0 Mq=277.6987006102634 Mrp=54.82227061822897 Mrx=12106.977928463073 Mx=4324.001927950994
majorant 38 Ma=54.60540164045299 McenA=7.02317151714631e-18 McenR=1.0180432119162372e-18 Md=89.22580084487298 Mf=29582.700574034003 Mg=37.959382770252425 Mi=6741.045187065914 Mmean=0.0 Mp=19.47028472313 Mphi=4319.796804992609 Mput=0.0 Mq=277.71331841452906 Mrp=54.25314012158137 Mrx=12106.774084345956 Mx=4323.774825503087
majorant 39 Ma=55.06812502291964 McenA=7.02317151714631e-18 McenR=1.0180432119162372e-18 Md=91.84074380853973 Mf=29582.959541002267 Mg=37.88281426104401 Mi=6741.602614158294 Mmean=0.0 Mp=19.468874910938364 Mphi=4319.867883354921 Mput=0.0 Mq=277.70005598922376 Mrp=54.751692288099086 Mrx=12106.956970391902 Mx=4323.979695126624
recordbound 0 Dabs=0.0 Lcen=0.0 Lzeta=0.0 P=11554.060075369414 Zdot=0.0
recordbound 20 Dabs=16838.536960501166 Lcen=0.0004981272184211393 Lzeta=0.0004981272184211393 P=9281.42938543384 Zdot=595056.6415358091
recordbound 40 Dabs=16574.284062693696 Lcen=0.0005033022363794114 Lzeta=0.0005033022363794114 P=9276.213308414006 Zdot=595388.8192633718
stop 40 iterations
tolerance canvas 2.939851640787243e-07
tolerance record 0 1.0198353626820003e-08 4.492811651380567e-08 8.217729378634362e-08
tolerance record 20 8.052138761741645e-06 4.317000167352239e-08 0.00034847574964224915
tolerance record 40 1.6301779538977628e-05 4.316596649857855e-08 0.0007057362425675855
